#Kinovea Trajectory data export
#T X Y

# Trajectory 1
0.00 -16,12 74,21 
0.02 -16,12 74,21 
0.03 -16,12 74,21 
0.05 -16,12 74,21 
0.07 -16,12 74,21 
0.08 -16,12 74,21 
0.10 -16,12 74,21 
0.12 -16,12 74,21 
0.13 -16,12 74,21 
0.15 -16,12 74,21 
0.17 -16,12 74,21 
0.18 -16,12 74,21 
0.20 -16,12 74,21 
0.22 -16,12 74,21 
0.23 -16,12 74,21 
0.25 -16,12 74,21 
0.27 -16,12 74,21 
0.28 -16,13 74,21 
0.30 -16,13 74,21 
0.32 -16,13 74,21 
0.33 -16,13 74,21 
0.35 -16,13 74,20 
0.37 -16,13 74,20 
0.38 -16,13 74,20 
0.40 -16,13 74,20 
0.42 -16,13 74,20 
0.43 -16,14 74,20 
0.45 -16,14 74,19 
0.47 -16,14 74,19 
0.48 -16,14 74,19 
0.50 -16,14 74,19 
0.52 -16,14 74,19 
0.53 -16,15 74,18 
0.55 -16,15 74,18 
0.57 -16,15 74,18 
0.58 -16,15 74,18 
0.60 -16,16 74,18 
0.62 -16,16 74,18 
0.63 -16,16 74,17 
0.65 -16,16 74,17 
0.67 -16,17 74,17 
0.68 -16,17 74,17 
0.70 -16,03 74,17 
0.72 -16,03 74,17 
0.73 -16,04 74,16 
0.75 -16,04 74,16 
0.77 -16,04 74,16 
0.78 -16,05 74,16 
0.80 -16,05 74,16 
0.82 -16,05 74,15 
0.83 -16,06 74,15 
0.85 -16,06 74,15 
0.87 -16,07 74,15 
0.88 -16,07 74,15 
0.90 -16,07 74,15 
0.92 -16,08 74,14 
0.93 -16,08 74,14 
0.95 -16,08 74,14 
0.97 -16,08 74,13 
0.98 -16,08 74,13 
1.00 -16,08 74,13 
1.02 -16,08 74,12 
1.03 -16,09 74,12 
1.05 -16,09 74,12 
1.07 -16,09 74,11 
1.08 -16,09 74,11 
1.10 -16,09 74,11 
1.12 -16,09 74,10 
1.13 -16,09 74,10 
1.15 -16,09 74,10 
1.17 -16,09 74,09 
1.18 -16,09 74,23 
1.20 -16,09 74,23 
1.22 -16,09 74,23 
1.23 -16,08 74,22 
1.25 -16,08 74,22 
1.27 -16,08 74,21 
1.28 -16,08 74,21 
1.30 -16,07 74,20 
1.32 -16,07 74,20 
1.33 -16,07 74,19 
1.35 -16,07 74,19 
1.37 -16,07 74,19 
1.38 -16,07 74,18 
1.40 -16,07 74,18 
1.42 -16,07 74,18 
1.43 -16,07 74,18 
1.45 -16,07 74,18 
1.47 -16,08 74,18 
1.48 -16,08 74,18 
1.50 -16,09 74,18 
1.52 -16,09 74,18 
1.53 -16,09 74,18 
1.55 -16,10 74,18 
1.57 -16,11 74,19 
1.58 -16,11 74,19 
1.60 -16,12 74,20 
1.62 -16,12 74,20 
1.63 -16,13 74,21 
1.65 -16,13 74,35 
1.67 -16,13 74,35 
1.68 -16,13 74,34 
1.70 -16,13 74,34 
1.72 -16,13 74,34 
1.73 -16,12 74,34 
1.75 -16,12 74,33 
1.77 -15,98 74,34 
1.78 -15,99 74,34 
1.80 -15,99 74,34 
1.82 -15,99 74,34 
1.83 -15,98 74,33 
1.85 -15,84 74,34 
1.87 -15,84 74,33 
1.88 -15,84 74,33 
1.90 -15,85 74,19 
1.92 -15,85 74,19 
1.93 -15,85 74,19 
1.95 -15,84 74,20 
1.97 -15,84 74,19 
1.98 -15,69 74,20 
2.00 -15,70 74,20 
2.02 -15,70 74,20 
2.03 -15,70 74,20 
2.05 -15,69 74,20 
2.07 -15,55 74,20 
2.08 -15,56 74,20 
2.10 -15,55 74,20 
2.12 -15,55 74,20 
2.13 -15,55 74,19 
2.15 -15,55 74,19 
2.17 -15,55 74,18 
2.18 -15,54 74,18 
2.20 -15,54 74,04 
2.22 -15,54 74,04 
2.23 -15,54 73,90 
2.25 -15,54 73,90 
2.27 -15,39 74,05 
2.28 -15,40 74,05 
2.30 -15,40 74,05 
2.32 -15,41 74,05 
2.33 -15,41 74,06 
2.35 -15,42 74,06 
2.37 -15,42 74,06 
2.38 -15,42 74,06 
2.40 -15,42 74,06 
2.42 -15,28 74,06 
2.43 -15,28 74,06 
2.45 -15,28 74,05 
2.47 -15,28 74,05 
2.48 -15,29 74,05 
2.50 -15,29 74,06 
2.52 -15,29 74,06 
2.53 -15,30 74,06 
2.55 -15,16 74,06 
2.57 -15,16 74,06 
2.58 -15,16 74,06 
2.60 -15,15 74,06 
2.62 -15,15 74,06 
2.63 -15,15 74,06 
2.65 -15,15 74,07 
2.67 -15,01 74,07 
2.68 -15,02 74,07 
2.70 -15,02 74,08 
2.72 -15,03 74,08 
2.73 -15,03 74,08 
2.75 -15,04 74,09 
2.77 -15,05 74,09 
2.78 -15,05 74,09 
2.80 -15,05 74,10 
2.82 -15,05 73,95 
2.83 -15,05 73,95 
2.85 -15,05 73,81 
2.87 -15,05 73,81 
2.88 -15,04 73,67 
2.90 -15,04 73,67 
2.92 -14,90 73,67 
2.93 -14,91 73,67 
2.95 -14,91 73,67 
2.97 -14,92 73,66 
2.98 -15,06 73,52 
3.00 -15,05 73,52 
3.02 -15,05 73,52 
3.03 -15,04 73,52 
3.05 -14,90 73,52 
3.07 -14,91 73,38 
3.08 -14,91 73,38 
3.10 -14,92 73,38 
3.12 -14,92 73,38 
3.13 -14,93 73,37 
3.15 -14,93 73,37 
3.17 -15,07 73,37 
3.18 -15,06 73,51 
3.20 -15,06 73,66 
3.22 -15,06 73,80 
3.23 -15,05 74,09 
3.25 -15,05 74,24 
3.27 -15,05 74,53 
3.28 -15,05 74,82 
3.30 -15,05 75,11 
3.32 -15,05 75,69 
3.33 -15,05 76,12 
3.35 -15,19 76,56 
3.37 -15,19 77,15 
3.38 -15,19 77,73 
3.40 -15,19 78,46 
3.42 -15,20 79,19 
3.43 -15,34 79,91 
3.45 -15,34 80,64 
3.47 -15,34 81,37 
3.48 -15,34 82,24 
3.50 -15,34 83,11 
3.52 -15,34 83,98 
3.53 -15,35 84,71 
3.55 -15,35 85,43 
3.57 -15,35 86,16 
3.58 -15,35 86,89 
3.60 -15,34 87,47 
3.62 -15,34 87,76 
3.63 -15,34 88,20 
3.65 -15,34 88,35 
3.67 -15,19 88,64 
3.68 -15,19 88,64 
3.70 -15,05 88,64 
3.72 -15,05 88,34 
3.73 -15,05 88,05 
3.75 -14,90 87,77 
3.77 -14,76 87,62 
3.78 -14,75 87,47 
3.80 -14,61 87,47 
3.82 -14,61 87,18 
3.83 -14,46 87,47 
3.85 -14,46 87,47 
3.87 -14,31 87,76 
3.88 -14,31 87,90 
3.90 -14,17 88,19 
3.92 -14,16 88,34 
3.93 -14,02 88,63 
3.95 -14,02 88,77 
3.97 -13,87 88,92 
3.98 -13,73 88,92 
4.00 -13,58 89,06 
4.02 -13,58 88,92 
4.03 -13,44 88,92 
4.05 -13,29 88,92 
4.07 -13,00 88,92 
4.08 -12,86 88,92 
4.10 -12,71 88,77 
4.12 -12,57 88,77 
4.13 -12,42 88,77 
4.15 -12,28 88,78 
4.17 -11,99 88,92 
4.18 -11,70 89,07 
4.20 -11,56 89,21 
4.22 -11,40 89,21 
4.23 -11,11 89,35 
4.25 -10,82 89,49 
4.27 -10,53 89,49 
4.28 -10,24 89,63 
4.30 -9,95 89,49 
4.32 -9,66 89,49 
4.33 -9,22 89,49 
4.35 -8,79 89,35 
4.37 -8,35 89,35 
4.38 -7,92 89,21 
4.40 -7,48 89,06 
4.42 -7,04 89,06 
4.43 -6,46 89,06 
4.45 -6,03 88,91 
4.47 -5,59 88,76 
4.48 -5,01 88,62 
4.50 -4,58 88,47 
4.52 -3,99 88,32 
4.53 -3,41 88,18 
4.55 -2,83 87,89 
4.57 -2,25 87,74 
4.58 -1,68 87,45 
4.60 -1,10 87,30 
4.62 -0,52 87,16 
4.63 0,07 87,01 
4.65 0,65 86,87 
4.67 1,23 86,72 
4.68 1,96 86,58 
4.70 2,54 86,43 
4.72 3,12 86,14 
4.73 3,85 85,99 
4.75 4,44 85,70 
4.77 5,16 85,56 
4.78 5,75 85,41 
4.80 6,47 85,26 
4.82 7,06 85,12 
4.83 7,64 84,97 
4.85 8,22 84,83 
4.87 8,80 84,83 
4.88 9,37 84,68 
4.90 9,81 84,54 
4.92 10,39 84,54 
4.93 10,83 84,54 
4.95 11,27 84,39 
4.97 11,84 84,54 
4.98 12,28 84,54 
5.00 12,71 84,54 
5.02 13,00 84,54 
5.03 13,44 84,54 
5.05 13,87 84,54 
5.07 14,16 84,54 
5.08 14,60 84,54 
5.10 14,89 84,54 
5.12 15,18 84,54 
5.13 15,47 84,54 
5.15 15,77 84,69 
5.17 16,05 84,69 
5.18 16,34 84,84 
5.20 16,62 84,99 
5.22 16,77 84,99 
5.23 16,92 84,99 
5.25 17,20 85,13 
5.27 17,35 85,13 
5.28 17,50 85,28 
5.30 17,78 85,42 
5.32 17,79 85,42 
5.33 18,07 85,72 
5.35 18,08 85,86 
5.37 18,36 86,16 
5.38 18,51 86,45 
5.40 18,65 86,59 
5.42 18,80 86,74 
5.43 18,95 86,88 
5.45 19,10 87,03 
5.47 19,25 87,18 
5.48 19,54 87,47 
5.50 19,68 87,47 
5.52 19,82 87,62 
5.53 19,97 87,76 
5.55 20,11 87,76 
5.57 20,26 87,91 
5.58 20,41 88,05 
5.60 20,56 88,05 
5.62 20,70 88,06 
5.63 20,85 88,06 
5.65 21,00 88,20 
5.67 21,14 88,20 
5.68 21,29 88,20 
5.70 21,29 88,20 
5.72 21,58 88,35 
5.73 21,58 88,35 
5.75 21,73 88,35 
5.77 21,88 88,49 
5.78 22,02 88,49 
5.80 22,02 88,49 
5.82 22,16 88,49 
5.83 22,16 88,49 
5.85 22,17 88,35 
5.87 22,32 88,34 
5.88 22,46 88,20 
5.90 22,47 88,05 
5.92 22,47 87,76 
5.93 22,61 87,76 
5.95 22,61 87,61 
5.97 22,61 87,32 
5.98 22,76 87,17 
6.00 22,75 86,88 
6.02 22,75 86,59 
6.03 22,75 86,45 
6.05 22,75 86,31 
6.07 22,75 86,30 
6.08 22,76 86,16 
6.10 22,76 86,16 
6.12 22,76 86,01 
6.13 22,77 86,01 
6.15 22,78 86,01 
6.17 22,92 86,01 
6.18 22,91 86,01 
6.20 22,91 85,87 
6.22 22,91 85,87 
6.23 22,91 85,72 
6.25 22,91 85,72 
6.27 23,05 85,72 
6.28 23,05 85,72 
6.30 23,04 85,58 
6.32 23,04 85,57 
6.33 23,04 85,43 
6.35 23,04 85,43 
6.37 23,05 85,43 
6.38 23,05 85,29 
6.40 23,19 85,43 
6.42 23,19 85,43 
6.43 23,19 85,58 
6.45 23,19 85,58 
6.47 23,20 85,72 
6.48 23,34 85,87 
6.50 23,33 86,01 
6.52 23,33 86,16 
6.53 23,33 86,30 
6.55 23,33 86,45 
6.57 23,33 86,45 
6.58 23,34 86,60 
6.60 23,34 86,75 
6.62 23,35 86,89 
6.63 23,35 87,04 
6.65 23,49 87,19 
6.67 23,49 87,33 
6.68 23,49 87,48 
6.70 23,63 87,62 
6.72 23,63 87,77 
6.73 23,63 87,91 
6.75 23,64 87,91 
6.77 23,78 88,06 
6.78 23,92 88,35 
6.80 23,93 88,35 
6.82 24,07 88,64 
6.83 24,21 88,79 
6.85 24,35 89,08 
6.87 24,36 89,22 
6.88 24,50 89,37 
6.90 24,64 89,51 
6.92 24,64 89,51 
6.93 24,79 89,66 
6.95 24,94 89,66 
6.97 25,07 89,66 
6.98 25,08 89,66 
7.00 25,22 89,51 
7.02 25,23 89,51 
7.03 25,38 89,51 
7.05 25,51 89,51 
7.07 25,51 89,51 
7.08 25,52 89,52 
7.10 25,66 89,66 
7.12 25,66 89,66 
7.13 25,81 89,81 
7.15 25,81 89,95 
7.17 25,96 90,10 
7.18 25,96 90,10 
7.20 26,11 90,24 
7.22 26,11 90,24 
7.23 26,26 90,24 
7.25 26,40 90,38 
7.27 26,40 90,24 
7.28 26,54 90,38 
7.30 26,54 90,24 
7.32 26,55 90,09 
7.33 26,69 90,09 
7.35 26,83 90,09 
7.37 26,83 89,94 
7.38 26,97 89,94 
7.40 26,98 89,80 
7.42 27,11 89,79 
7.43 27,12 89,65 
7.45 27,26 89,65 
7.47 27,40 89,65 
7.48 27,40 89,50 
7.50 27,55 89,50 
7.52 27,69 89,49 
7.53 27,69 89,35 
7.55 27,69 89,21 
7.57 27,83 89,21 
7.58 27,83 89,21 
7.60 27,84 89,06 
7.62 27,98 89,06 
7.63 27,97 89,06 
7.65 27,97 88,92 
7.67 27,97 88,78 
7.68 27,97 88,78 
7.70 27,98 88,63 
7.72 28,12 88,63 
7.73 28,12 88,48 
7.75 28,13 88,34 
7.77 28,27 88,19 
7.78 28,26 88,05 
7.80 28,26 87,91 
7.82 28,27 87,76 
7.83 28,41 87,91 
7.85 28,41 87,76 
7.87 28,42 87,76 
7.88 28,56 87,91 
7.90 28,56 87,91 
7.92 28,55 87,91 
7.93 28,56 87,91 
7.95 28,69 88,06 
7.97 28,69 88,20 
7.98 28,69 88,20 
8.00 28,70 88,34 
8.02 28,84 88,49 
8.03 28,84 88,49 
8.05 28,85 88,49 
8.07 28,99 88,63 
8.08 29,00 88,64 
8.10 29,14 88,78 
8.12 29,15 88,78 
8.13 29,29 88,93 
8.15 29,43 88,93 
8.17 29,43 89,07 
8.18 29,57 89,07 
8.20 29,71 89,22 
8.22 29,71 89,22 
8.23 29,85 89,36 
8.25 29,99 89,36 
8.27 29,99 89,36 
8.28 30,14 89,51 
8.30 30,28 89,51 
8.32 30,42 89,51 
8.33 30,56 89,51 
8.35 30,56 89,51 
8.37 30,71 89,51 
8.38 30,86 89,50 
8.40 31,01 89,50 
8.42 31,15 89,50 
8.43 31,15 89,50 
8.45 31,30 89,51 
8.47 31,44 89,65 
8.48 31,45 89,65 
8.50 31,58 89,65 
8.52 31,59 89,65 
8.53 31,73 89,65 
8.55 31,72 89,65 
8.57 31,73 89,65 
8.58 31,73 89,65 
8.60 31,74 89,65 
8.62 31,74 89,50 
8.63 31,88 89,50 
8.65 31,88 89,35 
8.67 31,88 89,21 
8.68 31,89 89,06 
8.70 31,89 88,92 
8.72 31,90 88,77 
8.73 32,03 88,77 
8.75 32,03 88,63 
8.77 32,02 88,48 
8.78 32,01 88,48 
8.80 32,01 88,48 
8.82 32,00 88,34 
8.83 31,99 88,34 
8.85 32,13 88,34 
8.87 31,99 88,34 
8.88 31,99 88,35 
8.90 31,84 88,35 
8.92 31,85 88,35 
8.93 31,70 88,35 
8.95 31,70 88,35 
8.97 31,70 88,35 
8.98 31,42 88,20 
9.00 31,42 88,20 
9.02 31,28 88,20 
9.03 31,27 88,20 
9.05 31,13 88,20 
9.07 30,99 88,20 
9.08 30,99 88,20 
9.10 30,99 88,20 
9.12 30,85 88,19 
9.13 30,85 88,19 
9.15 30,84 88,19 
9.17 30,84 88,19 
9.18 30,70 88,04 
9.20 30,84 88,04 
9.22 30,70 87,90 
9.23 30,70 87,76 
9.25 30,71 87,75 
9.27 30,71 87,61 
9.28 30,72 87,46 
9.30 30,73 87,32 
9.32 30,87 87,32 
9.33 30,87 87,17 
9.35 30,87 87,02 
9.37 31,01 86,88 
9.38 31,01 86,88 
9.40 31,01 86,74 
9.42 31,02 86,74 
9.43 31,16 86,74 
9.45 31,16 86,59 
9.47 31,17 86,59 
9.48 31,31 86,59 
9.50 31,32 86,59 
9.52 31,46 86,59 
9.53 31,45 86,45 
9.55 31,59 86,45 
9.57 31,59 86,45 
9.58 31,59 86,30 
9.60 31,73 86,30 
9.62 31,74 86,15 
9.63 31,88 86,01 
9.65 31,88 86,01 
9.67 32,03 85,87 
9.68 32,03 85,87 
9.70 32,18 85,86 
9.72 32,32 85,87 
9.73 32,32 85,87 
9.75 32,46 85,87 
9.77 32,46 86,01 
9.78 32,46 86,01 
9.80 32,61 86,01 
9.82 32,61 86,16 
9.83 32,62 86,16 
9.85 32,76 86,30 
9.87 32,76 86,16 
9.88 32,91 86,30 
9.90 32,91 86,16 
9.92 32,91 86,16 
9.93 33,06 86,16 
9.95 33,06 86,02 
9.97 33,20 86,02 
9.98 33,19 86,02 
10.00 33,20 85,88 
10.02 33,33 85,88 
10.03 33,33 85,88 
10.05 33,33 85,74 
10.07 33,47 85,74 
10.08 33,47 85,74 
10.10 33,46 85,75 
10.12 33,47 85,89 
10.13 33,47 85,89 
10.15 33,48 85,89 
10.17 33,48 85,89 
10.18 33,49 85,89 
10.20 33,50 85,88 
10.22 33,50 85,88 
10.23 33,51 85,74 
10.25 33,51 85,74 
10.27 33,51 85,74 
10.28 33,51 85,59 
10.30 33,51 85,59 
10.32 33,37 85,45 
10.33 33,37 85,45 
10.35 33,36 85,45 
10.37 33,22 85,45 
10.38 33,22 85,45 
10.40 33,08 85,44 
10.42 33,08 85,59 
10.43 32,94 85,59 
10.45 32,93 85,58 
10.47 32,79 85,58 
10.48 32,79 85,58 
10.50 32,65 85,58 
10.52 32,64 85,58 
10.53 32,50 85,58 
10.55 32,51 85,57 
10.57 32,50 85,57 
10.58 32,36 85,43 
10.60 32,36 85,43 
10.62 32,35 85,43 
10.63 32,22 85,43 
10.65 32,22 85,42 
10.67 32,22 85,42 
10.68 32,21 85,42 
10.70 32,07 85,42 
10.72 32,08 85,42 
10.73 32,07 85,42 
10.75 32,07 85,56 
10.77 32,06 85,56 
10.78 32,06 85,56 
10.80 31,91 85,56 
10.82 31,91 85,56 
10.83 31,77 85,56 
10.85 31,78 85,56 
10.87 31,77 85,56 
10.88 31,63 85,42 
10.90 31,62 85,42 
10.92 31,48 85,42 
10.93 31,34 85,28 
10.95 31,34 85,28 
10.97 31,20 85,14 
10.98 31,19 85,28 
11.00 31,06 85,13 
11.02 31,05 85,13 
11.03 30,91 84,99 
11.05 30,91 84,99 
11.07 30,77 84,99 
11.08 30,76 84,99 
11.10 30,62 84,85 
11.12 30,48 84,85 
11.13 30,48 84,85 
11.15 30,34 84,85 
11.17 30,34 84,84 
11.18 30,20 84,70 
11.20 30,19 84,69 
11.22 30,05 84,55 
11.23 30,04 84,55 
11.25 29,90 84,41 
11.27 29,89 84,41 
11.28 29,75 84,41 
11.30 29,61 84,26 
11.32 29,61 84,26 
11.33 29,47 84,12 
11.35 29,46 84,12 
11.37 29,32 84,12 
11.38 29,31 84,12 
11.40 29,17 84,12 
11.42 29,03 84,12 
11.43 29,03 84,12 
11.45 28,89 84,12 
11.47 28,89 84,26 
11.48 28,75 84,26 
11.50 28,75 84,40 
11.52 28,61 84,40 
11.53 28,61 84,54 
11.55 28,47 84,54 
11.57 28,47 84,69 
11.58 28,47 84,69 
11.60 28,47 84,83 
11.62 28,46 84,83 
11.63 28,46 84,83 
11.65 28,45 84,68 
11.67 28,31 84,40 
11.68 28,32 84,39 
11.70 28,32 84,25 
11.72 28,32 84,25 
11.73 28,32 84,10 
11.75 28,32 84,10 
11.77 28,31 84,25 
11.78 28,18 84,24 
11.80 28,18 84,25 
11.82 28,18 84,54 
11.83 28,17 84,68 
11.85 28,17 84,83 
11.87 28,03 84,97 
11.88 28,03 85,11 
11.90 28,03 85,12 
11.92 28,03 85,40 
11.93 28,03 85,40 
11.95 28,03 85,40 
11.97 28,02 85,40 
11.98 28,02 85,41 
12.00 27,88 85,41 
12.02 27,88 85,40 
12.03 27,88 85,40 
12.05 27,88 85,40 
12.07 27,88 85,40 
12.08 27,73 85,40 
12.10 27,73 85,54 
12.12 27,60 85,54 
12.13 27,60 85,69 
12.15 27,59 85,83 
12.17 27,45 85,98 
12.18 27,45 85,98 
12.20 27,31 86,12 
12.22 27,31 86,27 
12.23 27,17 86,27 
12.25 27,17 86,27 
12.27 27,03 86,26 
12.28 27,03 86,26 
12.30 27,02 86,26 
12.32 26,88 86,12 
12.33 26,88 86,12 
12.35 26,88 86,11 
12.37 26,74 85,97 
12.38 26,74 85,96 
12.40 26,74 85,96 
12.42 26,73 85,96 
12.43 26,59 85,82 
12.45 26,59 85,96 
12.47 26,59 85,96 
12.48 26,58 85,96 
12.50 26,44 85,96 
12.52 26,44 85,96 
12.53 26,44 85,96 
12.55 26,44 85,96 
12.57 26,44 85,96 
12.58 26,44 85,96 
12.60 26,44 85,81 
12.62 26,44 85,66 
12.63 26,44 85,52 
12.65 26,43 85,38 
12.67 26,43 85,23 
12.68 26,43 85,09 
12.70 26,43 84,94 
12.72 26,43 84,94 
12.73 26,44 84,79 
12.75 26,44 84,65 
12.77 26,45 84,65 
12.78 26,46 84,65 
12.80 26,46 84,65 
12.82 26,33 84,65 
12.83 26,47 84,65 
12.85 26,46 84,64 
12.87 26,46 84,50 
12.88 26,60 84,50 
12.90 26,60 84,36 
12.92 26,60 84,36 
12.93 26,61 84,21 
12.95 26,46 84,07 
12.97 26,60 84,07 
12.98 26,74 84,07 
13.00 26,73 83,92 
13.02 26,73 83,78 
13.03 26,72 83,78 
13.05 26,72 83,78 
13.07 26,71 83,64 
13.08 26,70 83,64 
13.10 26,70 83,64 
13.12 26,69 83,78 
13.13 26,69 83,78 
13.15 26,68 83,93 
13.17 26,67 83,93 
13.18 26,67 84,07 
13.20 26,66 84,08 
13.22 26,66 84,22 
13.23 26,67 84,22 
13.25 26,67 84,22 
13.27 26,82 84,23 
13.28 26,82 84,23 
13.30 26,97 84,22 
13.32 27,11 84,08 
13.33 27,11 84,08 
13.35 27,26 83,93 
13.37 27,27 83,79 
13.38 27,42 83,79 
13.40 27,56 83,78 
13.42 27,70 83,78 
13.43 27,70 83,64 
13.45 27,85 83,78 
13.47 27,99 83,78 
13.48 27,99 83,78 
13.50 28,13 83,93 
13.52 28,27 84,08 
13.53 28,27 84,08 
13.55 28,42 84,22 
13.57 28,56 84,22 
13.58 28,56 84,23 
13.60 28,71 84,37 
13.62 28,85 84,37 
13.63 28,85 84,37 
13.65 28,99 84,36 
13.67 28,99 84,22 
13.68 29,14 84,22 
13.70 29,14 84,22 
13.72 29,28 84,22 
13.73 29,28 84,22 
13.75 29,29 84,23 
13.77 29,43 84,37 
13.78 29,43 84,51 
13.80 29,43 84,52 
13.82 29,43 84,66 
13.83 29,44 84,81 
13.85 29,44 84,96 
13.87 29,45 85,24 
13.88 29,45 85,39 
13.90 29,44 85,53 
13.92 29,44 85,68 
13.93 29,43 85,68 
13.95 29,30 85,68 
13.97 29,30 85,68 
13.98 29,31 85,68 
14.00 29,31 85,68 
14.02 29,31 85,68 
14.03 29,32 85,69 
14.05 29,32 85,69 
14.07 29,32 85,69 
14.08 29,32 85,69 
14.10 29,32 85,84 
14.12 29,32 85,83 
14.13 29,31 85,83 
14.15 29,31 85,83 
14.17 29,31 85,97 
14.18 29,30 85,97 
14.20 29,16 85,97 
14.22 29,16 85,98 
14.23 29,16 86,12 
14.25 29,16 86,11 
14.27 29,17 86,11 
14.28 29,17 86,11 
14.30 29,16 85,96 
14.32 29,16 85,96 
14.33 29,15 85,81 
14.35 29,01 85,67 
14.37 29,02 85,53 
14.38 29,02 85,52 
14.40 29,03 85,38 
14.42 29,03 85,24 
14.43 29,03 85,24 
14.45 29,04 85,23 
14.47 29,04 85,09 
14.48 29,04 85,09 
14.50 29,04 85,09 
14.52 29,05 85,09 
14.53 29,05 85,09 
14.55 29,06 85,08 
14.57 29,20 85,08 
14.58 29,20 85,08 
14.60 29,20 84,94 
14.62 29,34 85,08 
14.63 29,34 84,94 
14.65 29,34 84,94 
14.67 29,49 84,94 
14.68 29,49 84,79 
14.70 29,63 84,79 
14.72 29,63 84,79 
14.73 29,77 84,65 
14.75 29,77 84,65 
14.77 29,92 84,65 
14.78 30,05 84,65 
14.80 30,06 84,65 
14.82 30,20 84,66 
14.83 30,20 84,66 
14.85 30,35 84,66 
14.87 30,49 84,81 
14.88 30,63 84,81 
14.90 30,63 84,81 
14.92 30,77 84,95 
14.93 30,78 84,95 
14.95 30,92 84,95 
14.97 30,93 84,95 
14.98 31,07 84,96 
15.00 31,07 84,96 
15.02 31,07 84,96 
15.03 31,22 85,10 
15.05 31,21 85,10 
15.07 31,21 85,10 
15.08 31,21 84,96 
15.10 31,21 84,96 
15.12 31,21 84,96 
15.13 31,21 84,97 
15.15 31,20 84,97 
15.17 31,20 85,11 
15.18 31,20 85,11 
15.20 31,05 84,96 
15.22 31,05 84,96 
15.23 31,05 84,97 
15.25 30,91 84,97 
15.27 30,90 84,97 
15.28 30,76 84,97 
15.30 30,76 84,97 
15.32 30,62 84,97 
15.33 30,61 84,98 
15.35 30,46 84,98 
15.37 30,32 84,98 
15.38 30,18 84,98 
15.40 30,18 84,99 
15.42 30,03 84,99 
15.43 29,89 84,99 
15.45 29,75 84,99 
15.47 29,74 84,99 
15.48 29,59 84,99 
15.50 29,45 84,99 
15.52 29,30 84,99 
15.53 29,16 84,99 
15.55 29,16 84,99 
15.57 29,01 85,13 
15.58 28,86 85,13 
15.60 28,72 85,13 
15.62 28,72 85,28 
15.63 28,57 85,28 
15.65 28,43 85,27 
15.67 28,42 85,28 
15.68 28,28 85,28 
15.70 28,14 85,28 
15.72 28,14 85,29 
15.73 28,13 85,43 
15.75 27,98 85,29 
15.77 27,84 85,29 
15.78 27,84 85,29 
15.80 27,83 85,29 
15.82 27,69 85,29 
15.83 27,55 85,29 
15.85 27,55 85,29 
15.87 27,54 85,29 
15.88 27,39 85,29 
15.90 27,25 85,15 
15.92 27,25 85,29 
15.93 27,10 85,15 
15.95 27,10 85,29 
15.97 26,95 85,14 
15.98 26,95 85,15 
16.00 26,81 85,15 
16.02 26,81 85,15 
16.03 26,82 85,15 
16.05 26,81 85,14 
16.07 26,80 85,00 
16.08 26,67 85,00 
16.10 26,67 84,86 
16.12 26,68 84,86 
16.13 26,69 84,85 
16.15 26,70 84,71 
16.17 26,84 84,71 
16.18 26,83 84,71 
16.20 26,84 84,71 
16.22 26,84 84,71 
16.23 26,84 84,56 
16.25 26,98 84,57 
16.27 26,98 84,57 
16.28 26,98 84,56 
16.30 26,98 84,42 
16.32 26,98 84,42 
16.33 27,12 84,43 
16.35 27,12 84,28 
16.37 27,12 84,28 
16.38 27,12 84,14 
16.40 27,12 84,14 
16.42 27,27 84,14 
16.43 27,27 84,14 
16.45 27,27 84,00 
16.47 27,41 84,00 
16.48 27,41 84,00 
16.50 27,41 83,86 
16.52 27,41 83,86 
16.53 27,56 83,86 
16.55 27,56 83,85 
16.57 27,56 83,71 
16.58 27,57 83,71 
16.60 27,70 83,71 
16.62 27,70 83,71 
16.63 27,70 83,71 
16.65 27,70 83,71 
16.67 27,71 83,71 
16.68 27,71 83,71 
16.70 27,85 83,72 
16.72 27,85 83,72 
16.73 27,85 83,72 
16.75 27,85 83,73 
16.77 27,99 83,87 
16.78 27,99 83,87 
16.80 28,00 83,87 
16.82 28,14 83,87 
16.83 28,14 83,87 
16.85 28,14 83,87 
16.87 28,14 83,88 
16.88 28,15 83,88 
16.90 28,29 84,02 
16.92 28,29 84,02 
16.93 28,28 84,02 
16.95 28,28 84,02 
16.97 28,27 84,02 
16.98 28,27 84,17 
17.00 28,27 84,16 
17.02 28,27 84,16 
17.03 28,27 84,16 
17.05 28,27 84,17 
17.07 28,27 84,17 
17.08 28,27 84,17 
17.10 28,27 84,17 
17.12 28,28 84,17 
17.13 28,42 84,31 
17.15 28,41 84,31 
17.17 28,41 84,31 
17.18 28,41 84,31 
17.20 28,41 84,31 
17.22 28,41 84,30 
17.23 28,41 84,30 
17.25 28,41 84,30 
17.27 28,42 84,30 
17.28 28,42 84,30 
17.30 28,42 84,29 
17.32 28,43 84,30 
17.33 28,43 84,30 
17.35 28,43 84,30 
17.37 28,44 84,44 
17.38 28,44 84,44 
17.40 28,44 84,44 
17.42 28,45 84,44 
17.43 28,45 84,44 
17.45 28,46 84,44 
17.47 28,46 84,44 
17.48 28,46 84,44 
17.50 28,46 84,44 
17.52 28,46 84,44 
17.53 28,46 84,44 
17.55 28,47 84,44 
17.57 28,47 84,44 
17.58 28,47 84,44 
17.60 28,47 84,44 
17.62 28,46 84,29 
17.63 28,32 84,15 
17.65 28,33 84,00 
17.67 28,33 83,85 
17.68 28,34 83,71 
17.70 28,34 83,56 
17.72 28,34 83,56 
17.73 28,35 83,27 
17.75 28,35 83,27 
17.77 28,35 83,27 
17.78 28,35 83,28 
17.80 28,35 83,42 
17.82 28,35 83,42 
17.83 28,34 83,42 
17.85 28,20 83,28 
17.87 28,20 83,27 
17.88 28,20 82,98 
17.90 28,20 82,55 
17.92 28,20 82,11 
17.93 28,20 81,52 
17.95 28,19 80,79 
17.97 28,19 79,92 
17.98 28,19 79,20 
18.00 28,18 78,32 
18.02 28,18 77,60 
18.03 28,17 76,87 
18.05 28,03 76,00 
18.07 28,03 75,27 
18.08 28,03 74,54 
18.10 27,89 73,67 
18.12 27,89 72,95 
18.13 27,89 72,37 
18.15 27,89 71,64 
18.17 27,89 71,05 
18.18 27,89 70,33 
18.20 27,88 69,74 
18.22 27,88 69,16 
18.23 27,88 68,43 
18.25 27,88 67,70 
18.27 27,88 67,12 
18.28 27,87 66,25 
18.30 27,87 65,52 
18.32 27,87 64,80 
18.33 27,87 63,92 
18.35 27,87 63,20 
18.37 27,87 62,47 
18.38 27,87 61,74 
18.40 27,88 60,87 
18.42 27,88 60,00 
18.43 27,88 59,13 
18.45 27,88 58,40 
18.47 27,88 57,52 
18.48 27,89 56,65 
18.50 27,89 55,78 
18.52 27,89 55,05 
18.53 27,89 54,32 
18.55 27,89 53,45 
18.57 27,89 52,72 
18.58 27,88 51,99 
18.60 27,88 51,27 
18.62 27,74 50,54 
18.63 27,74 49,67 
18.65 27,74 48,94 
18.67 27,74 48,07 
18.68 27,73 47,34 
18.70 27,73 46,47 
18.72 27,59 45,45 
18.73 27,58 44,72 
18.75 27,44 43,84 
18.77 27,44 42,97 
18.78 27,29 42,10 
18.80 27,29 41,37 
18.82 27,29 40,50 
18.83 27,14 39,63 
18.85 27,14 38,76 
18.87 26,99 37,74 
18.88 26,99 37,01 
18.90 26,85 36,14 
18.92 26,71 35,26 
18.93 26,70 34,54 
18.95 26,55 33,66 
18.97 26,42 32,79 
18.98 26,42 31,92 
19.00 26,41 31,05 
19.02 26,27 30,17 
19.03 26,27 29,30 
19.05 26,27 28,57 
19.07 26,12 27,55 
19.08 26,12 26,83 
19.10 25,98 25,81 
19.12 25,97 25,08 
19.13 25,97 24,21 
19.15 25,96 23,34 
19.17 25,82 22,46 
19.18 25,82 21,59 
19.20 25,82 20,72 
19.22 25,81 19,85 
19.23 25,67 18,97 
19.25 25,67 18,10 
19.27 25,67 17,37 
19.28 25,52 16,36 
19.30 25,53 15,63 
19.32 25,52 14,61 
19.33 25,52 13,88 
19.35 25,52 13,01 
19.37 25,51 12,28 
19.38 25,51 11,41 
19.40 25,37 10,68 
19.42 25,37 9,95 
19.43 25,36 9,22 
19.45 25,22 8,35 
19.47 25,22 7,63 
19.48 25,22 7,04 
19.50 25,21 6,32 
19.52 25,07 5,59 
19.53 25,06 5,15 
19.55 24,92 4,43 
19.57 24,91 3,99 
19.58 24,77 3,41 
19.60 24,76 2,97 
19.62 24,62 2,39 
19.63 24,61 1,95 
19.65 24,47 1,37 
19.67 24,47 0,93 
19.68 24,33 0,35 
19.70 24,33 0,05 
19.72 24,18 -0,39 
19.73 24,04 -0,82 
19.75 24,04 -0,97 
19.77 23,89 -1,11 
19.78 23,89 -0,97 
19.80 23,75 -0,68 
19.82 23,61 -0,39 
19.83 23,47 0,34 
19.85 23,32 1,07 
19.87 23,18 1,94 
19.88 23,03 2,96 
19.90 22,89 3,98 
19.92 22,88 5,00 
19.93 22,74 6,16 
19.95 22,73 7,18 
19.97 22,59 8,34 
19.98 22,58 9,50 
20.00 22,44 10,67 
20.02 22,44 11,83 
20.03 22,29 13,00 
20.05 22,30 14,16 
20.07 22,30 15,18 
20.08 22,29 16,34 
20.10 22,29 17,36 
20.12 22,30 18,38 
20.13 22,44 19,54 
20.15 22,44 20,56 
20.17 22,58 21,72 
20.18 22,58 22,89 
20.20 22,58 23,91 
20.22 22,58 24,93 
20.23 22,73 26,09 
20.25 22,87 27,25 
20.27 22,87 28,27 
20.28 23,01 29,29 
20.30 23,02 30,31 
20.32 23,17 31,33 
20.33 23,31 32,35 
20.35 23,32 33,36 
20.37 23,46 34,38 
20.38 23,60 35,55 
20.40 23,61 36,42 
20.42 23,61 37,30 
20.43 23,76 38,32 
20.45 23,90 39,34 
20.47 23,91 40,36 
20.48 24,05 41,37 
20.50 24,06 42,24 
20.52 24,20 43,26 
20.53 24,20 44,14 
20.55 24,21 45,15 
20.57 24,35 46,17 
20.58 24,36 47,04 
20.60 24,50 48,06 
20.62 24,50 49,08 
20.63 24,51 50,10 
20.65 24,65 51,12 
20.67 24,65 52,28 
20.68 24,64 53,30 
20.70 24,64 54,46 
20.72 24,65 55,63 
20.73 24,65 56,79 
20.75 24,66 57,95 
20.77 24,66 59,12 
20.78 24,66 60,43 
20.80 24,67 61,59 
20.82 24,67 62,90 
20.83 24,68 64,21 
20.85 24,68 65,52 
20.87 24,68 66,82 
20.88 24,68 67,99 
20.90 24,67 69,30 
20.92 24,67 70,61 
20.93 24,52 71,77 
20.95 24,52 72,94 
20.97 24,52 74,24 
20.98 24,37 75,26 
21.00 24,37 76,43 
21.02 24,23 77,45 
21.03 24,23 78,46 
21.05 24,09 79,48 
21.07 24,09 80,36 
21.08 23,95 81,23 
21.10 23,95 81,96 
21.12 23,94 82,69 
21.13 23,79 83,12 
21.15 23,65 83,56 
21.17 23,64 83,85 
21.18 23,50 83,99 
21.20 23,36 83,99 
21.22 23,36 83,99 
21.23 23,22 83,99 
21.25 23,21 83,85 
21.27 23,07 83,85 
21.28 22,93 83,70 
21.30 22,92 83,70 
21.32 22,78 83,56 
21.33 22,78 83,70 
21.35 22,63 83,56 
21.37 22,49 83,56 
21.38 22,49 83,70 
21.40 22,35 83,85 
21.42 22,35 83,85 
21.43 22,34 84,00 
21.45 22,20 83,99 
21.47 22,21 83,99 
21.48 22,21 83,85 
21.50 22,21 83,85 
21.52 22,21 83,70 
21.53 22,21 83,56 
21.55 22,21 83,27 
21.57 22,20 82,98 
21.58 22,20 82,69 
21.60 22,20 82,25 
21.62 22,06 81,67 
21.63 22,20 81,23 
21.65 22,06 80,65 
21.67 22,06 79,92 
21.68 22,20 79,34 
21.70 22,20 78,61 
21.72 22,20 77,88 
21.73 22,19 77,01 
21.75 22,19 76,28 
21.77 22,19 75,41 
21.78 22,19 74,68 
21.80 22,19 73,95 
21.82 22,19 73,08 
21.83 22,19 72,35 
21.85 22,19 71,48 
21.87 22,19 70,61 
21.88 22,20 69,74 
21.90 22,20 68,86 
21.92 22,20 68,14 
21.93 22,21 67,26 
21.95 22,21 66,53 
21.97 22,20 65,66 
21.98 22,06 64,79 
22.00 22,06 63,92 
22.02 22,06 63,19 
22.03 22,06 62,32 
22.05 21,91 61,44 
22.07 21,91 60,57 
22.08 21,76 59,70 
22.10 21,76 58,97 
22.12 21,62 58,10 
22.13 21,48 57,23 
22.15 21,48 56,35 
22.17 21,48 55,48 
22.18 21,47 54,61 
22.20 21,33 53,59 
22.22 21,32 52,72 
22.23 21,18 51,70 
22.25 21,18 50,68 
22.27 21,18 49,81 
22.28 21,17 48,94 
22.30 21,03 47,77 
22.32 21,02 46,76 
22.33 20,88 45,74 
22.35 20,88 44,72 
22.37 20,74 43,70 
22.38 20,74 42,83 
22.40 20,74 41,81 
22.42 20,74 40,94 
22.43 20,59 39,77 
22.45 20,59 38,90 
22.47 20,45 37,88 
22.48 20,45 37,01 
22.50 20,45 35,99 
22.52 20,30 34,83 
22.53 20,31 33,95 
22.55 20,30 32,94 
22.57 20,16 31,92 
22.58 20,16 30,90 
22.60 20,16 30,02 
22.62 20,02 28,86 
22.63 20,02 27,99 
22.65 19,88 26,82 
22.67 19,88 25,95 
22.68 19,87 24,93 
22.70 19,73 23,77 
22.72 19,72 22,75 
22.73 19,71 21,88 
22.75 19,57 20,86 
22.77 19,57 19,98 
22.78 19,43 18,96 
22.80 19,42 17,95 
22.82 19,42 17,07 
22.83 19,41 16,06 
22.85 19,27 15,04 
22.87 19,28 14,02 
22.88 19,28 13,15 
22.90 19,28 12,13 
22.92 19,28 11,26 
22.93 19,28 10,38 
22.95 19,28 9,51 
22.97 19,28 8,49 
22.98 19,28 7,62 
23.00 19,28 6,89 
23.02 19,28 6,02 
23.03 19,28 5,29 
23.05 19,28 4,56 
23.07 19,28 3,84 
23.08 19,28 3,26 
23.10 19,29 2,67 
23.12 19,29 2,09 
23.13 19,28 1,51 
23.15 19,28 0,93 
23.17 19,28 0,35 
23.18 19,28 -0,23 
23.20 19,28 -0,67 
23.22 19,29 -1,11 
23.23 19,29 -1,40 
23.25 19,29 -1,40 
23.27 19,15 -1,25 
23.28 19,01 -0,82 
23.30 18,86 -0,24 
23.32 18,72 0,49 
23.33 18,58 1,37 
23.35 18,58 2,24 
23.37 18,43 3,26 
23.38 18,43 4,28 
23.40 18,28 5,29 
23.42 18,14 6,31 
23.43 18,14 7,33 
23.45 18,13 8,49 
23.47 17,99 9,51 
23.48 17,99 10,53 
23.50 17,98 11,69 
23.52 17,98 12,71 
23.53 17,98 13,73 
23.55 17,98 14,74 
23.57 17,98 15,76 
23.58 17,98 16,63 
23.60 18,12 17,65 
23.62 18,12 18,67 
23.63 18,12 19,69 
23.65 18,12 20,71 
23.67 18,13 21,73 
23.68 18,27 22,74 
23.70 18,42 23,62 
23.72 18,42 24,49 
23.73 18,56 25,51 
23.75 18,70 26,53 
23.77 18,70 27,40 
23.78 18,69 28,42 
23.80 18,70 29,44 
23.82 18,70 30,46 
23.83 18,84 31,62 
23.85 18,85 32,64 
23.87 18,99 33,80 
23.88 18,99 34,82 
23.90 19,14 35,99 
23.92 19,28 37,15 
23.93 19,28 38,17 
23.95 19,43 39,33 
23.97 19,56 40,49 
23.98 19,56 41,66 
24.00 19,56 42,67 
24.02 19,71 43,84 
24.03 19,71 44,85 
24.05 19,86 46,02 
24.07 20,00 47,04 
24.08 20,00 48,05 
24.10 20,14 49,22 
24.12 20,14 50,38 
24.13 20,28 51,55 
24.15 20,28 52,71 
24.17 20,42 53,87 
24.18 20,43 55,04 
24.20 20,57 56,35 
24.22 20,57 57,51 
24.23 20,71 58,82 
24.25 20,72 59,98 
24.27 20,87 61,44 
24.28 21,01 62,75 
24.30 21,01 64,20 
24.32 21,16 65,66 
24.33 21,30 67,11 
24.35 21,44 68,42 
24.37 21,44 69,73 
24.38 21,58 71,19 
24.40 21,72 72,50 
24.42 21,87 73,95 
24.43 22,01 75,26 
24.45 22,01 76,57 
24.47 22,16 77,88 
24.48 22,30 79,19 
24.50 22,30 80,35 
24.52 22,45 81,37 
24.53 22,59 82,39 
24.55 22,60 83,12 
24.57 22,75 83,99 
24.58 22,88 84,71 
24.60 22,88 85,01 
24.62 22,89 85,30 
24.63 23,03 85,44 
24.65 23,04 85,44 
24.67 23,18 85,44 
24.68 23,18 85,15 
24.70 23,32 85,15 
24.72 23,32 84,86 
24.73 23,32 84,57 
24.75 23,32 84,28 
24.77 23,46 84,28 
24.78 23,46 84,14 
24.80 23,46 84,14 
24.82 23,46 84,28 
24.83 23,46 84,43 
24.85 23,46 84,57 
24.87 23,45 84,72 
24.88 23,31 84,86 
24.90 23,32 84,86 
24.92 23,32 84,86 
24.93 23,31 84,57 
24.95 23,17 84,13 
24.97 23,17 83,69 
24.98 23,17 82,97 
25.00 23,17 82,39 
25.02 23,16 81,37 
25.03 23,16 80,50 
25.05 23,02 79,33 
25.07 23,02 78,17 
25.08 23,02 77,15 
25.10 23,02 75,99 
25.12 23,01 74,97 
25.13 22,87 73,80 
25.15 22,87 72,64 
25.17 22,73 71,48 
25.18 22,72 70,60 
25.20 22,58 69,58 
25.22 22,58 68,57 
25.23 22,44 67,55 
25.25 22,44 66,53 
25.27 22,29 65,36 
25.28 22,29 64,49 
25.30 22,14 63,47 
25.32 22,00 62,46 
25.33 21,85 61,44 
25.35 21,85 60,56 
25.37 21,70 59,40 
25.38 21,56 58,53 
25.40 21,41 57,51 
25.42 21,27 56,49 
25.43 21,26 55,62 
25.45 20,98 54,74 
25.47 20,98 53,87 
25.48 20,83 52,85 
25.50 20,68 51,98 
25.52 20,54 50,96 
25.53 20,40 49,94 
25.55 20,39 49,06 
25.57 20,24 47,90 
25.58 20,10 46,88 
25.60 19,96 45,86 
25.62 19,82 44,84 
25.63 19,82 43,97 
25.65 19,67 42,95 
25.67 19,53 41,93 
25.68 19,52 40,91 
25.70 19,38 39,75 
25.72 19,24 38,73 
25.73 19,23 37,71 
25.75 19,08 36,70 
25.77 18,94 35,68 
25.78 18,94 34,66 
25.80 18,80 33,64 
25.82 18,79 32,77 
25.83 18,65 31,75 
25.85 18,65 30,59 
25.87 18,50 29,42 
25.88 18,51 28,40 
25.90 18,50 27,39 
25.92 18,50 26,22 
25.93 18,36 25,20 
25.95 18,36 24,04 
25.97 18,36 23,02 
25.98 18,36 22,01 
26.00 18,22 20,84 
26.02 18,22 19,82 
26.03 18,22 18,80 
26.05 18,23 17,64 
26.07 18,23 16,62 
26.08 18,22 15,60 
26.10 18,22 14,59 
26.12 18,22 13,57 
26.13 18,07 12,41 
26.15 18,08 11,53 
26.17 18,08 10,66 
26.18 18,08 9,93 
26.20 18,08 9,05 
26.22 18,08 8,18 
26.23 18,07 7,31 
26.25 18,07 6,58 
26.27 18,06 5,85 
26.28 17,92 4,98 
26.30 17,92 4,40 
26.32 17,92 3,81 
26.33 17,78 3,08 
26.35 17,78 2,36 
26.37 17,78 1,77 
26.38 17,78 1,19 
26.40 17,78 0,61 
26.42 17,77 0,03 
26.43 17,77 -0,41 
26.45 17,76 -0,70 
26.47 17,76 -0,84 
26.48 17,76 -0,70 
26.50 17,61 -0,40 
26.52 17,46 0,18 
26.53 17,31 1,05 
26.55 17,16 1,93 
26.57 17,01 2,95 
26.58 16,87 3,96 
26.60 16,73 4,98 
26.62 16,72 6,00 
26.63 16,58 7,02 
26.65 16,58 8,04 
26.67 16,43 9,21 
26.68 16,43 10,37 
26.70 16,29 11,39 
26.72 16,29 12,55 
26.73 16,29 13,71 
26.75 16,28 14,73 
26.77 16,14 15,75 
26.78 16,14 16,76 
26.80 16,15 17,78 
26.82 16,15 18,80 
26.83 16,15 19,82 
26.85 16,16 20,99 
26.87 16,16 22,15 
26.88 16,30 23,31 
26.90 16,30 24,33 
26.92 16,30 25,50 
26.93 16,45 26,66 
26.95 16,45 27,68 
26.97 16,60 28,84 
26.98 16,74 29,86 
27.00 16,74 30,88 
27.02 16,88 32,04 
27.03 16,88 33,20 
27.05 17,03 34,23 
27.07 17,03 35,39 
27.08 17,17 36,41 
27.10 17,18 37,42 
27.12 17,32 38,44 
27.13 17,46 39,61 
27.15 17,46 40,48 
27.17 17,47 41,49 
27.18 17,61 42,51 
27.20 17,62 43,53 
27.22 17,75 44,55 
27.23 17,75 45,42 
27.25 17,75 46,44 
27.27 17,76 47,31 
27.28 17,90 48,18 
27.30 17,90 49,06 
27.32 18,04 50,08 
27.33 18,04 50,95 
27.35 18,04 51,82 
27.37 18,05 52,70 
27.38 18,19 53,72 
27.40 18,19 54,59 
27.42 18,19 55,61 
27.43 18,33 56,63 
27.45 18,32 57,65 
27.47 18,32 58,52 
27.48 18,32 59,54 
27.50 18,33 60,71 
27.52 18,33 61,87 
27.53 18,34 62,89 
27.55 18,34 64,05 
27.57 18,49 65,51 
27.58 18,49 66,67 
27.60 18,49 67,98 
27.62 18,49 69,29 
27.63 18,50 70,45 
27.65 18,64 71,76 
27.67 18,64 72,92 
27.68 18,79 74,23 
27.70 18,93 75,54 
27.72 18,93 76,70 
27.73 19,07 77,87 
27.75 19,21 79,03 
27.77 19,21 80,20 
27.78 19,36 81,36 
27.80 19,36 82,09 
27.82 19,51 83,11 
27.83 19,66 83,98 
27.85 19,66 84,42 
27.87 19,81 85,00 
27.88 19,96 85,43 
27.90 19,96 85,58 
27.92 20,11 85,72 
27.93 20,25 85,72 
27.95 20,25 85,58 
27.97 20,39 85,58 
27.98 20,39 85,14 
28.00 20,53 84,85 
28.02 20,54 84,42 
28.03 20,69 84,27 
28.05 20,83 83,98 
28.07 20,83 83,84 
28.08 20,98 83,84 
28.10 21,11 83,98 
28.12 21,12 84,13 
28.13 21,25 84,27 
28.15 21,26 84,56 
28.17 21,39 84,71 
28.18 21,40 84,86 
28.20 21,54 85,00 
28.22 21,54 85,00 
28.23 21,69 85,00 
28.25 21,83 85,00 
28.27 21,98 84,85 
28.28 22,12 84,71 
28.30 22,26 84,56 
28.32 22,40 84,27 
28.33 22,41 83,98 
28.35 22,56 83,84 
28.37 22,70 83,69 
28.38 22,85 83,54 
28.40 23,00 83,40 
28.42 23,14 83,40 
28.43 23,28 83,40 
28.45 23,28 83,25 
28.47 23,43 83,40 
28.48 23,57 83,40 
28.50 23,71 83,55 
28.52 23,84 83,55 
28.53 23,85 83,55 
28.55 23,99 83,55 
28.57 24,14 83,55 
28.58 24,28 83,55 
28.60 24,42 83,55 
28.62 24,71 83,40 
28.63 24,85 83,40 
28.65 24,85 83,11 
28.67 25,00 82,97 
28.68 25,14 82,97 
28.70 25,29 82,82 
28.72 25,43 82,82 
28.73 25,57 82,82 
28.75 25,57 82,68 
28.77 25,72 82,68 
28.78 25,86 82,82 
28.80 25,86 82,68 
28.82 25,86 82,68 
28.83 26,01 82,68 
28.85 26,01 82,68 
28.87 26,15 82,68 
28.88 26,15 82,68 
28.90 26,16 82,68 
28.92 26,30 82,68 
28.93 26,30 82,68 
28.95 26,30 82,54 
28.97 26,44 82,54 
28.98 26,44 82,54 
29.00 26,44 82,39 
29.02 26,45 82,25 
29.03 26,59 82,25 
29.05 26,58 82,25 
29.07 26,58 82,10 
29.08 26,58 82,10 
29.10 26,58 82,10 
29.12 26,59 82,10 
29.13 26,59 82,10 
29.15 26,59 82,10 
29.17 26,60 82,10 
29.18 26,60 81,96 
29.20 26,60 81,96 
29.22 26,60 81,96 
29.23 26,60 81,96 
29.25 26,60 81,96 
29.27 26,60 81,96 
29.28 26,59 81,96 
29.30 26,59 81,96 
29.32 26,59 81,96 
29.33 26,59 81,95 
29.35 26,58 81,95 
29.37 26,58 81,95 
29.38 26,57 81,81 
29.40 26,56 81,81 
29.42 26,55 81,81 
29.43 26,54 81,81 
29.45 26,53 81,81 
29.47 26,52 81,81 
29.48 26,51 81,81 
29.50 26,50 81,82 
29.52 26,36 81,82 
29.53 26,37 81,82 
29.55 26,38 81,81 
29.57 26,38 81,81 
29.58 26,39 81,81 
29.60 26,40 81,81 
29.62 26,40 81,81 
29.63 26,41 81,81 
29.65 26,55 81,81 
29.67 26,54 81,81 
29.68 26,53 81,81 
29.70 26,53 81,80 
29.72 26,52 81,95 
29.73 26,52 81,94 
29.75 26,52 81,94 
29.77 26,52 81,94 
29.78 26,52 81,93 
29.80 26,52 81,93 
29.82 26,52 81,93 
29.83 26,53 81,93 
29.85 26,53 81,94 
29.87 26,67 82,08 
29.88 26,67 82,08 
29.90 26,67 82,08 
29.92 26,67 82,09 
29.93 26,67 82,09 
29.95 26,67 82,09 
29.97 26,68 82,09 
29.98 26,69 82,09 
30.00 26,82 82,09 
30.02 26,68 81,94 
30.03 26,82 81,94 
30.05 26,68 81,80 
30.07 26,69 81,66 
30.08 26,69 81,65 
30.10 26,69 81,51 
30.12 26,69 81,36 
30.13 26,55 81,07 
30.15 26,55 80,79 
30.17 26,55 80,49 
30.18 26,54 79,92 
30.20 26,53 79,19 
30.22 26,53 78,46 
30.23 26,53 77,59 
30.25 26,52 76,71 
30.27 26,52 75,84 
30.28 26,53 74,96 
30.30 26,53 73,95 
30.32 26,54 73,07 
30.33 26,54 72,20 
30.35 26,54 71,18 
30.37 26,54 70,31 
30.38 26,55 69,43 
30.40 26,55 68,56 
30.42 26,55 67,54 
30.43 26,54 66,67 
30.45 26,54 65,80 
30.47 26,54 64,78 
30.48 26,53 63,91 
30.50 26,39 62,89 
30.52 26,40 62,02 
30.53 26,39 61,15 
30.55 26,39 60,13 
30.57 26,39 59,26 
30.58 26,39 58,38 
30.60 26,38 57,51 
30.62 26,24 56,64 
30.63 26,24 55,91 
30.65 26,10 54,89 
30.67 26,09 54,02 
30.68 25,96 53,29 
30.70 25,95 52,56 
30.72 25,81 51,83 
30.73 25,81 51,10 
30.75 25,67 50,09 
30.77 25,66 49,36 
30.78 25,52 48,49 
30.80 25,51 47,61 
30.82 25,37 46,74 
30.83 25,22 45,73 
30.85 25,21 45,00 
30.87 25,06 44,13 
30.88 24,92 43,25 
30.90 24,78 42,23 
30.92 24,64 41,36 
30.93 24,50 40,49 
30.95 24,49 39,62 
30.97 24,34 38,74 
30.98 24,19 37,87 
31.00 24,05 37,00 
31.02 23,91 35,98 
31.03 23,90 35,25 
31.05 23,76 34,38 
31.07 23,62 33,50 
31.08 23,62 32,63 
31.10 23,47 31,61 
31.12 23,32 30,74 
31.13 23,18 29,72 
31.15 23,04 28,70 
31.17 23,04 27,83 
31.18 22,89 26,96 
31.20 22,75 25,80 
31.22 22,75 24,92 
31.23 22,61 23,90 
31.25 22,47 22,88 
31.27 22,47 22,01 
31.28 22,33 20,99 
31.30 22,32 20,12 
31.32 22,31 19,25 
31.33 22,17 18,23 
31.35 22,02 17,21 
31.37 22,02 16,34 
31.38 21,88 15,32 
31.40 21,73 14,30 
31.42 21,73 13,43 
31.43 21,59 12,41 
31.45 21,59 11,53 
31.47 21,44 10,52 
31.48 21,30 9,64 
31.50 21,30 8,77 
31.52 21,15 7,89 
31.53 21,01 6,88 
31.55 21,01 6,00 
31.57 20,87 5,13 
31.58 20,86 4,26 
31.60 20,72 3,39 
31.62 20,72 2,67 
31.63 20,57 1,94 
31.65 20,43 1,21 
31.67 20,43 0,48 
31.68 20,29 -0,25 
31.70 20,29 -0,97 
31.72 20,29 -1,55 
31.73 20,15 -1,99 
31.75 20,15 -2,28 
31.77 20,15 -2,28 
31.78 20,00 -2,13 
31.80 19,71 -1,70 
31.82 19,42 -1,12 
31.83 19,28 -0,24 
31.85 18,99 0,63 
31.87 18,84 1,65 
31.88 18,55 2,67 
31.90 18,40 3,69 
31.92 18,26 4,71 
31.93 18,11 5,87 
31.95 17,82 7,04 
31.97 17,82 8,05 
31.98 17,53 9,22 
32.00 17,38 10,24 
32.02 17,24 11,40 
32.03 17,10 12,56 
32.05 17,09 13,58 
32.07 16,95 14,60 
32.08 16,80 15,62 
32.10 16,80 16,78 
32.12 16,65 17,80 
32.13 16,51 18,96 
32.15 16,51 19,98 
32.17 16,37 21,14 
32.18 16,36 22,16 
32.20 16,22 23,18 
32.22 16,22 24,20 
32.23 16,21 25,22 
32.25 16,07 26,24 
32.27 16,07 27,25 
32.28 16,07 28,27 
32.30 16,07 29,29 
32.32 16,06 30,45 
32.33 15,92 31,33 
32.35 15,91 32,49 
32.37 15,77 33,37 
32.38 15,77 34,53 
32.40 15,77 35,55 
32.42 15,76 36,56 
32.43 15,62 37,44 
32.45 15,61 38,60 
32.47 15,47 39,62 
32.48 15,47 40,64 
32.50 15,47 41,65 
32.52 15,33 42,67 
32.53 15,32 43,69 
32.55 15,32 44,56 
32.57 15,18 45,44 
32.58 15,18 46,45 
32.60 15,19 47,33 
32.62 15,19 48,35 
32.63 15,19 49,22 
32.65 15,18 50,24 
32.67 15,18 51,11 
32.68 15,17 52,13 
32.70 15,16 53,00 
32.72 15,15 53,88 
32.73 15,15 54,90 
32.75 15,15 55,91 
32.77 15,14 56,93 
32.78 15,15 57,95 
32.80 15,15 58,82 
32.82 15,29 59,99 
32.83 15,29 61,00 
32.85 15,44 62,17 
32.87 15,44 63,18 
32.88 15,58 64,20 
32.90 15,72 65,37 
32.92 15,72 66,39 
32.93 15,87 67,55 
32.95 16,02 68,72 
32.97 16,16 69,88 
32.98 16,31 71,04 
33.00 16,31 71,92 
33.02 16,60 73,23 
33.03 16,60 74,10 
33.05 16,89 75,26 
33.07 16,89 76,14 
33.08 17,18 77,30 
33.10 17,32 78,17 
33.12 17,46 79,05 
33.13 17,60 79,92 
33.15 17,75 80,79 
33.17 17,90 81,67 
33.18 18,04 82,40 
33.20 18,19 83,12 
33.22 18,34 83,85 
33.23 18,48 84,29 
33.25 18,63 84,73 
33.27 18,77 85,16 
33.28 18,91 85,45 
33.30 18,91 85,45 
33.32 19,05 85,60 
33.33 19,19 85,60 
33.35 19,20 85,46 
33.37 19,35 85,31 
33.38 19,50 85,02 
33.40 19,64 84,73 
33.42 19,78 84,43 
33.43 19,79 84,00 
33.45 19,93 83,71 
33.47 20,07 83,57 
33.48 20,08 83,42 
33.50 20,22 83,57 
33.52 20,22 83,57 
33.53 20,36 83,71 
33.55 20,35 83,86 
33.57 20,35 83,86 
33.58 20,49 84,00 
33.60 20,49 84,01 
33.62 20,49 84,01 
33.63 20,49 84,01 
33.65 20,50 83,72 
33.67 20,36 83,43 
33.68 20,50 83,14 
33.70 20,50 82,70 
33.72 20,36 81,97 
33.73 20,36 81,25 
33.75 20,37 80,52 
33.77 20,52 79,65 
33.78 20,51 78,78 
33.80 20,51 77,76 
33.82 20,51 76,60 
33.83 20,51 75,58 
33.85 20,51 74,56 
33.87 20,51 73,69 
33.88 20,37 72,67 
33.90 20,37 71,65 
33.92 20,37 70,78 
33.93 20,36 69,76 
33.95 20,22 68,60 
33.97 20,22 67,72 
33.98 20,08 66,56 
34.00 20,09 65,54 
34.02 20,08 64,52 
34.03 20,08 63,65 
34.05 19,93 62,49 
34.07 19,79 61,47 
34.08 19,79 60,60 
34.10 19,78 59,72 
34.12 19,64 58,71 
34.13 19,50 57,69 
34.15 19,49 56,81 
34.17 19,35 55,80 
34.18 19,20 54,93 
34.20 19,20 54,20 
34.22 19,05 53,18 
34.23 18,90 52,31 
34.25 18,76 51,43 
34.27 18,62 50,41 
34.28 18,62 49,54 
34.30 18,61 48,67 
34.32 18,47 47,65 
34.33 18,33 46,48 
34.35 18,33 45,61 
34.37 18,33 44,74 
34.38 18,19 43,57 
34.40 18,05 42,56 
34.42 18,05 41,68 
34.43 18,04 40,67 
34.45 17,90 39,65 
34.47 17,76 38,48 
34.48 17,75 37,47 
34.50 17,75 36,59 
34.52 17,60 35,43 
34.53 17,46 34,41 
34.55 17,46 33,39 
34.57 17,32 32,37 
34.58 17,31 31,35 
34.60 17,17 30,33 
34.62 17,17 29,17 
34.63 17,16 28,15 
34.65 17,02 26,99 
34.67 17,02 25,82 
34.68 17,02 24,81 
34.70 17,01 23,64 
34.72 16,87 22,63 
34.73 16,87 21,46 
34.75 16,87 20,44 
34.77 16,87 19,42 
34.78 16,87 18,26 
34.80 16,86 17,24 
34.82 16,72 16,08 
34.83 16,73 15,06 
34.85 16,73 14,03 
34.87 16,74 13,02 
34.88 16,74 12,00 
34.90 16,74 11,13 
34.92 16,75 10,25 
34.93 16,75 9,23 
34.95 16,76 8,36 
34.97 16,76 7,49 
34.98 16,90 6,76 
35.00 16,90 5,89 
35.02 16,90 5,16 
35.03 16,90 4,43 
35.05 17,04 3,71 
35.07 17,04 2,98 
35.08 17,03 2,25 
35.10 17,02 1,53 
35.12 17,02 0,94 
35.13 17,02 0,22 
35.15 17,02 -0,36 
35.17 17,02 -0,80 
35.18 17,02 -1,24 
35.20 17,02 -1,53 
35.22 17,02 -1,53 
35.23 17,03 -1,38 
35.25 16,88 -0,95 
35.27 16,74 -0,37 
35.28 16,59 0,36 
35.30 16,45 1,23 
35.32 16,30 2,11 
35.33 16,16 3,13 
35.35 16,16 4,15 
35.37 16,16 5,31 
35.38 16,01 6,33 
35.40 16,01 7,50 
35.42 16,01 8,66 
35.43 16,00 9,82 
35.45 15,86 10,84 
35.47 15,86 12,00 
35.48 15,86 13,02 
35.50 15,86 14,04 
35.52 15,86 15,06 
35.53 15,86 16,08 
35.55 16,00 16,95 
35.57 16,00 17,97 
35.58 16,00 18,84 
35.60 16,14 19,72 
35.62 16,15 20,73 
35.63 16,29 21,61 
35.65 16,29 22,48 
35.67 16,44 23,35 
35.68 16,58 24,22 
35.70 16,59 24,80 
35.72 16,73 25,53 
35.73 16,88 26,26 
35.75 17,02 26,99 
35.77 17,02 27,72 
35.78 17,16 28,30 
35.80 17,16 29,03 
35.82 17,30 29,75 
35.83 17,31 30,34 
35.85 17,46 31,06 
35.87 17,60 31,79 
35.88 17,60 32,37 
35.90 17,61 33,10 
35.92 17,75 33,82 
35.93 17,75 34,55 
35.95 17,75 35,27 
35.97 17,75 36,00 
35.98 17,75 36,73 
36.00 17,75 37,46 
36.02 17,75 38,18 
36.03 17,76 39,06 
36.05 17,76 39,78 
36.07 17,90 40,66 
36.08 17,89 41,53 
36.10 17,88 42,26 
36.12 17,88 43,14 
36.13 17,87 44,01 
36.15 18,01 44,74 
36.17 18,01 45,61 
36.18 18,01 46,33 
36.20 18,01 47,06 
36.22 18,00 47,79 
36.23 18,01 48,66 
36.25 18,00 49,24 
36.27 18,01 49,97 
36.28 18,01 50,70 
36.30 18,01 51,43 
36.32 18,02 52,16 
36.33 18,16 52,88 
36.35 18,17 53,61 
36.37 18,17 54,33 
36.38 18,31 55,06 
36.40 18,32 55,64 
36.42 18,31 56,52 
36.43 18,46 57,25 
36.45 18,60 58,12 
36.47 18,60 58,99 
36.48 18,60 59,72 
36.50 18,75 60,74 
36.52 18,89 61,61 
36.53 18,89 62,48 
36.55 19,03 63,50 
36.57 19,04 64,37 
36.58 19,18 65,39 
36.60 19,19 66,41 
36.62 19,19 67,43 
36.63 19,34 68,59 
36.65 19,48 69,61 
36.67 19,62 70,63 
36.68 19,76 71,79 
36.70 19,91 72,81 
36.72 20,05 73,97 
36.73 20,19 75,14 
36.75 20,19 76,01 
36.77 20,34 77,17 
36.78 20,48 78,19 
36.80 20,63 79,36 
36.82 20,77 80,23 
36.83 20,91 81,25 
36.85 21,05 81,98 
36.87 21,05 82,56 
36.88 21,19 83,29 
36.90 21,33 83,72 
36.92 21,33 84,01 
36.93 21,47 84,16 
36.95 21,61 84,31 
36.97 21,61 84,31 
36.98 21,62 84,16 
37.00 21,76 84,16 
37.02 21,90 84,01 
37.03 21,90 83,58 
37.05 21,90 83,29 
37.07 21,91 83,00 
37.08 22,05 82,85 
37.10 22,06 82,56 
37.12 22,06 82,42 
37.13 22,20 82,56 
37.15 22,19 82,56 
37.17 22,18 82,56 
37.18 22,17 82,71 
37.20 22,16 82,86 
37.22 22,02 82,86 
37.23 22,16 83,00 
37.25 22,15 83,00 
37.27 22,14 83,00 
37.28 22,14 83,00 
37.30 22,13 82,86 
37.32 22,13 82,86 
37.33 22,13 82,71 
37.35 22,14 82,57 
37.37 22,28 82,71 
37.38 22,27 82,71 
37.40 22,27 82,57 
37.42 22,27 82,57 
37.43 22,41 82,71 
37.45 22,40 82,72 
37.47 22,40 82,86 
37.48 22,40 82,86 
37.50 22,39 82,86 
37.52 22,39 83,01 
37.53 22,39 83,01 
37.55 22,53 83,01 
37.57 22,53 83,01 
37.58 22,53 83,01 
37.60 22,53 83,01 
37.62 22,53 83,01 
37.63 22,53 82,86 
37.65 22,39 82,87 
37.67 22,54 83,01 
37.68 22,54 83,01 
37.70 22,54 83,01 
37.72 22,68 83,01 
37.73 22,67 83,01 
37.75 22,81 83,01 
37.77 22,81 83,01 
37.78 22,81 83,01 
37.80 22,80 83,01 
37.82 22,80 83,01 
37.83 22,80 83,01 
37.85 22,80 83,01 
37.87 22,80 83,01 
37.88 22,80 83,01 
37.90 22,80 83,00 
37.92 22,80 83,00 
37.93 22,81 83,00 
37.95 22,81 83,00 
37.97 22,82 83,00 
37.98 22,82 83,00 
38.00 22,82 83,00 
38.02 22,95 83,00 
38.03 22,95 83,00 
38.05 22,94 83,00 
38.07 22,94 83,00 
38.08 22,94 83,00 
38.10 22,94 83,00 
38.12 22,94 83,00 
38.13 22,94 83,00 
38.15 22,94 83,00 
38.17 22,94 83,00 
38.18 22,94 83,00 
38.20 22,94 83,00 
38.22 22,95 83,00 
38.23 22,95 83,00 
38.25 23,09 83,15 
38.27 23,08 83,15 
38.28 23,07 83,15 
38.30 23,07 83,15 
38.32 23,06 83,15 
38.33 23,05 83,15 
38.35 23,05 83,15 
38.37 23,05 83,15 
38.38 23,04 83,01 
38.40 23,04 83,01 
38.42 23,04 83,01 
38.43 23,04 83,01 
38.45 23,04 83,01 
38.47 23,04 83,01 
38.48 23,04 83,00 
38.50 23,05 83,00 
38.52 23,05 83,00 
38.53 23,06 83,00 
38.55 23,07 83,00 
38.57 23,21 83,15 
38.58 23,20 83,15 
38.60 23,20 83,15 
38.62 23,20 83,15 
38.63 23,20 83,30 
38.65 23,21 83,30 
38.67 23,21 83,30 
38.68 23,21 83,44 
38.70 23,22 83,44 
38.72 23,22 83,44 
38.73 23,22 83,59 
38.75 23,23 83,59 
38.77 23,23 83,73 
38.78 23,23 83,73 
38.80 23,23 83,73 
38.82 23,23 83,73 
38.83 23,22 83,88 
38.85 23,08 83,73 
38.87 23,09 83,73 
38.88 23,09 83,73 
38.90 23,09 83,73 
38.92 23,09 83,73 
38.93 23,08 83,59 
38.95 23,08 83,59 
38.97 23,07 83,59 
38.98 22,93 83,44 
39.00 22,93 83,30 
39.02 22,93 83,30 
39.03 22,93 83,30 
39.05 22,93 83,15 
39.07 22,93 83,01 
39.08 22,79 82,86 
39.10 22,79 82,72 
39.12 22,79 82,43 
39.13 22,79 82,28 
39.15 22,79 81,99 
39.17 22,78 81,85 
39.18 22,78 81,70 
39.20 22,77 81,41 
39.22 22,77 81,41 
39.23 22,76 81,41 
39.25 22,76 81,41 
39.27 22,75 81,41 
39.28 22,74 81,56 
39.30 22,59 81,56 
39.32 22,60 81,70 
39.33 22,60 81,71 
39.35 22,60 81,85 
39.37 22,60 81,85 
39.38 22,59 81,85 
39.40 22,45 81,71 
39.42 22,46 81,56 
39.43 22,46 81,42 
39.45 22,46 81,13 
39.47 22,46 80,84 
39.48 22,46 80,54 
39.50 22,45 79,96 
39.52 22,31 79,38 
39.53 22,31 78,65 
39.55 22,31 77,93 
39.57 22,30 77,20 
39.58 22,16 76,33 
39.60 22,17 75,60 
39.62 22,17 74,87 
39.63 22,18 74,15 
39.65 22,17 73,42 
39.67 22,16 72,84 
39.68 22,02 71,96 
39.70 22,01 71,38 
39.72 21,87 70,51 
39.73 21,86 69,20 
39.75 21,72 68,47 
39.77 21,72 67,75 
39.78 21,59 67,02 
39.80 21,59 67,02 
39.82 21,59 66,29 
39.83 21,59 65,71 
39.85 21,44 64,83 
39.87 21,30 64,11 
39.88 21,30 63,38 
39.90 21,16 62,65 
39.92 21,16 61,93 
39.93 21,01 61,20 
39.95 20,87 60,47 
39.97 20,73 59,74 
39.98 20,72 59,16 
40.00 20,57 58,29 
40.02 20,43 57,56 
40.03 20,42 56,83 
40.05 20,27 56,11 
40.07 20,13 55,23 
40.08 20,13 54,51 
40.10 19,98 53,63 
40.12 19,84 52,76 
40.13 19,83 52,04 
40.15 19,69 51,31 
40.17 19,55 50,44 
40.18 19,41 49,56 
40.20 19,40 48,84 
40.22 19,25 47,97 
40.23 19,11 47,10 
40.25 18,97 46,37 
40.27 18,82 44,77 
40.28 18,68 43,89 
40.30 18,54 43,02 
40.32 18,40 42,15 
40.33 18,39 41,42 
40.35 18,25 40,55 
40.37 18,26 39,82 
40.38 18,25 38,95 
40.40 18,25 38,07 
40.42 18,10 37,05 
40.43 18,10 36,18 
40.45 17,96 35,16 
40.47 17,97 34,28 
40.48 17,97 33,27 
40.50 17,96 32,54 
40.52 17,82 31,52 
40.53 17,68 30,50 
40.55 17,69 29,62 
40.57 17,69 28,60 
40.58 17,70 27,73 
40.60 17,70 26,71 
40.62 17,70 25,69 
40.63 17,69 24,67 
40.65 17,69 23,80 
40.67 17,69 22,78 
40.68 17,68 21,76 
40.70 17,54 20,74 
40.72 17,54 19,72 
40.73 17,54 18,70 
40.75 17,54 17,68 
40.77 17,54 16,66 
40.78 17,39 15,64 
40.80 17,39 14,62 
40.82 17,39 13,75 
40.83 17,25 12,88 
40.85 17,25 12,00 
40.87 17,24 11,13 
40.88 17,09 10,26 
40.90 17,09 9,39 
40.92 16,95 8,52 
40.93 16,95 7,79 
40.95 16,94 7,06 
40.97 16,80 6,19 
40.98 16,79 5,46 
41.00 16,65 4,59 
41.02 16,50 3,86 
41.03 16,50 2,99 
41.05 16,36 2,26 
41.07 16,36 1,53 
41.08 16,36 0,80 
41.10 16,21 0,07 
41.12 16,06 -0,51 
41.13 16,06 -0,94 
41.15 15,92 -1,23 
41.17 15,91 -1,24 
41.18 15,62 -1,09 
41.20 15,33 -0,80 
41.22 15,18 -0,22 
41.23 14,89 0,65 
41.25 14,60 1,53 
41.27 14,31 2,40 
41.28 14,16 3,42 
41.30 14,01 4,44 
41.32 13,87 5,60 
41.33 13,72 6,62 
41.35 13,58 7,78 
41.37 13,43 8,94 
41.38 13,29 10,11 
41.40 13,29 11,27 
41.42 13,14 12,43 
41.43 13,00 13,60 
41.45 13,00 14,62 
41.47 13,00 15,78 
41.48 12,99 16,94 
41.50 12,85 17,81 
41.52 12,85 18,84 
41.53 12,85 19,86 
41.55 12,86 20,88 
41.57 12,86 21,90 
41.58 12,86 22,91 
41.60 12,86 23,79 
41.62 13,00 24,81 
41.63 13,00 25,68 
41.65 13,00 26,70 
41.67 13,00 27,57 
41.68 13,15 28,44 
41.70 13,29 29,32 
41.72 13,29 30,19 
41.73 13,43 31,07 
41.75 13,43 31,94 
41.77 13,57 32,81 
41.78 13,58 33,69 
41.80 13,72 34,56 
41.82 13,72 35,43 
41.83 13,72 36,16 
41.85 13,87 37,03 
41.87 13,87 37,76 
41.88 14,01 38,64 
41.90 14,01 39,37 
41.92 14,01 40,10 
41.93 14,15 40,97 
41.95 14,15 41,70 
41.97 14,29 42,57 
41.98 14,28 43,30 
42.00 14,29 44,03 
42.02 14,29 44,61 
42.03 14,44 45,48 
42.05 14,58 46,21 
42.07 14,58 46,79 
42.08 14,58 47,52 
42.10 14,73 48,24 
42.12 14,87 48,97 
42.13 14,87 49,55 
42.15 14,87 50,13 
42.17 15,02 50,86 
42.18 15,02 51,59 
42.20 15,02 52,17 
42.22 15,16 53,04 
42.23 15,16 53,76 
42.25 15,16 54,35 
42.27 15,16 55,08 
42.28 15,31 55,95 
42.30 15,44 56,83 
42.32 15,44 57,70 
42.33 15,45 58,57 
42.35 15,59 59,59 
42.37 15,73 60,46 
42.38 15,73 61,48 
42.40 15,73 62,50 
42.42 15,74 63,52 
42.43 15,88 64,68 
42.45 16,02 65,85 
42.47 16,02 67,01 
42.48 16,17 68,32 
42.50 16,17 69,49 
42.52 16,32 70,80 
42.53 16,46 72,25 
42.55 16,46 73,42 
42.57 16,61 74,87 
42.58 16,76 76,32 
42.60 16,90 77,63 
42.62 17,04 78,94 
42.63 17,04 80,25 
42.65 17,19 81,56 
42.67 17,34 82,87 
42.68 17,34 83,88 
42.70 17,49 84,90 
42.72 17,63 85,78 
42.73 17,64 86,36 
42.75 17,78 86,94 
42.77 17,79 87,23 
42.78 17,93 87,37 
42.80 17,93 87,37 
42.82 17,93 87,23 
42.83 17,93 86,94 
42.85 17,93 86,50 
42.87 17,93 85,92 
42.88 17,93 85,34 
42.90 17,93 84,90 
42.92 17,93 84,76 
42.93 17,93 84,46 
42.95 17,92 84,46 
42.97 17,78 84,46 
42.98 17,64 84,46 
43.00 17,63 84,76 
43.02 17,48 84,90 
43.03 17,34 85,19 
43.05 17,33 85,34 
43.07 17,05 85,19 
43.08 17,04 85,34 
43.10 16,90 85,19 
43.12 16,75 84,90 
43.13 16,60 84,61 
43.15 16,46 84,33 
43.17 16,31 84,03 
43.18 16,17 83,74 
43.20 16,02 83,45 
43.22 15,87 83,31 
43.23 15,58 83,02 
43.25 15,30 82,87 
43.27 15,15 82,87 
43.28 14,86 82,73 
43.30 14,57 82,73 
43.32 14,27 82,58 
43.33 13,98 82,59 
43.35 13,54 82,59 
43.37 13,11 82,59 
43.38 12,68 82,74 
43.40 12,24 82,88 
43.42 11,66 83,17 
43.43 11,22 83,32 
43.45 10,64 83,32 
43.47 10,06 83,46 
43.48 9,48 83,46 
43.50 8,91 83,61 
43.52 8,32 83,61 
43.53 7,74 83,75 
43.55 7,16 83,76 
43.57 6,58 83,90 
43.58 5,85 83,90 
43.60 5,27 84,05 
43.62 4,69 84,34 
43.63 4,11 84,48 
43.65 3,38 84,63 
43.67 2,80 84,78 
43.68 2,22 84,78 
43.70 1,64 84,78 
43.72 1,06 84,78 
43.73 0,33 84,78 
43.75 -0,25 84,78 
43.77 -0,83 84,93 
43.78 -1,42 84,93 
43.80 -2,14 84,93 
43.82 -2,72 84,93 
43.83 -3,30 84,78 
43.85 -3,74 84,64 
43.87 -4,31 84,64 
43.88 -4,75 84,64 
43.90 -5,34 84,64 
43.92 -5,91 84,64 
43.93 -6,35 84,64 
43.95 -6,93 84,78 
43.97 -7,37 84,92 
43.98 -7,81 84,92 
44.00 -8,25 84,93 
44.02 -8,68 84,93 
44.03 -9,12 84,93 
44.05 -9,55 84,93 
44.07 -9,85 84,93 
44.08 -10,29 84,65 
44.10 -10,58 84,65 
44.12 -11,01 84,36 
44.13 -11,31 84,21 
44.15 -11,60 84,07 
44.17 -12,04 83,78 
44.18 -12,32 83,77 
44.20 -12,61 83,62 
44.22 -12,90 83,48 
44.23 -13,19 83,47 
44.25 -13,63 83,33 
44.27 -13,92 83,33 
44.28 -14,21 83,32 
44.30 -14,65 83,32 
44.32 -15,08 83,18 
44.33 -15,38 83,33 
44.35 -15,81 83,33 
44.37 -16,25 83,33 
44.38 -16,68 83,33 
44.40 -17,12 83,32 
44.42 -17,55 83,32 
44.43 -17,70 83,32 
44.45 -17,70 83,32 
44.47 -17,55 83,32 
44.48 -17,26 83,32 
44.50 -16,96 83,33 
44.52 -16,67 83,47 
44.53 -16,38 83,61 
44.55 -16,09 83,61 
44.57 -15,94 83,61 
44.58 -15,80 83,62 
44.60 -15,80 83,62 
44.62 -15,79 83,63 
44.63 -15,65 83,77 
44.65 -15,65 83,91 
44.67 -15,65 83,91 
44.68 -15,65 83,91 
44.70 -15,80 83,91 
44.72 -15,95 83,91 
44.73 -16,10 83,90 
44.75 -16,39 83,76 
44.77 -16,68 83,76 
44.78 -16,83 83,76 
44.80 -16,97 83,75 
44.82 -16,96 83,75 
44.83 -16,96 83,60 
44.85 -16,96 83,46 
44.87 -16,95 83,31 
44.88 -16,81 83,16 
44.90 -16,67 82,87 
44.92 -16,67 82,58 
44.93 -16,53 82,29 
44.95 -16,52 81,99 
44.97 -16,67 81,41 
44.98 -16,52 81,12 
45.00 -16,53 80,83 
45.02 -16,67 80,54 
45.03 -16,67 80,25 
45.05 -16,82 79,95 
45.07 -16,81 79,66 
45.08 -16,67 79,37 
45.10 -16,53 79,23 
45.12 -16,38 79,08 
45.13 -16,38 78,79 
45.15 -16,23 78,50 
45.17 -16,23 78,21 
45.18 -16,09 78,06 
45.20 -16,08 77,78 
45.22 -16,08 77,63 
45.23 -16,09 77,34 
45.25 -16,09 77,05 
45.27 -16,24 76,76 
45.28 -16,24 76,46 
45.30 -16,39 75,89 
45.32 -16,54 75,31 
45.33 -16,54 74,73 
45.35 -16,54 74,15 
45.37 -16,54 73,57 
45.38 -16,53 73,27 
45.40 -16,53 73,71 
45.42 -16,53 74,29 
45.43 -16,39 74,73 
45.45 -16,39 74,73 
45.47 -16,39 74,73 
45.48 -16,40 74,58 
45.50 -16,40 74,15 
45.52 -16,39 73,86 
45.53 -16,40 74,15 
45.55 -16,40 74,44 
45.57 -16,40 74,45 
45.58 -16,41 74,45 
45.60 -16,41 74,45 
45.62 -16,56 74,45 
45.63 -16,56 74,59 
45.65 -16,55 74,59 
45.67 -16,55 74,59 
45.68 -16,40 74,73 
45.70 -16,40 74,73 
45.72 -16,39 74,58 
45.73 -16,25 74,58 
45.75 -16,39 74,58 
45.77 -16,39 74,58 
45.78 -16,39 74,73 
45.80 -16,39 74,72 
45.82 -16,39 74,72 
45.83 -16,38 74,72 
45.85 -16,24 74,72 
45.87 -16,24 74,72 
45.88 -16,24 74,71 
45.90 -16,24 74,71 
45.92 -16,23 74,71 
45.93 -16,23 74,71 
45.95 -16,23 74,71 
45.97 -16,23 74,71 
45.98 -16,23 74,71 
46.00 -16,24 74,71 
46.02 -16,24 74,71 
46.03 -16,23 74,71 
46.05 -16,23 74,71 
46.07 -16,09 74,71 
46.08 -16,09 74,71 
46.10 -16,09 74,71 
46.12 -16,09 74,71 
46.13 -16,10 74,71 
46.15 -16,10 74,71 
46.17 -16,11 74,72 
46.18 -16,11 74,72 
46.20 -16,11 74,72 
46.22 -16,11 74,72 
46.23 -16,11 74,72 
