#Kinovea Trajectory data export
#T X Y

# Trajectory 1
0.03 -14,36 80,52 
0.07 -14,36 80,52 
0.10 -14,36 80,52 
0.13 -14,36 80,52 
0.17 -14,36 80,52 
0.20 -14,36 80,52 
0.23 -14,37 80,52 
0.27 -14,37 80,52 
0.30 -14,37 80,52 
0.33 -14,36 80,52 
0.37 -14,36 80,51 
0.40 -14,35 80,51 
0.43 -14,35 80,50 
0.47 -14,34 80,65 
0.50 -14,33 80,64 
0.53 -14,32 80,64 
0.57 -14,31 80,63 
0.60 -14,30 80,63 
0.63 -14,30 80,63 
0.67 -14,16 80,62 
0.70 -14,16 80,62 
0.73 -14,16 80,62 
0.77 -14,16 80,62 
0.80 -14,16 80,62 
0.83 -14,16 80,62 
0.87 -14,16 80,62 
0.90 -14,16 80,62 
0.93 -14,16 80,62 
0.97 -14,16 80,62 
1.00 -14,17 80,63 
1.03 -14,17 80,64 
1.07 -14,17 80,78 
1.10 -14,17 80,78 
1.13 -14,17 80,77 
1.17 -14,17 80,78 
1.20 -14,17 80,78 
1.23 -14,02 80,92 
1.27 -14,02 80,77 
1.30 -14,02 80,78 
1.33 -13,88 80,78 
1.37 -13,88 80,78 
1.40 -13,87 80,64 
1.43 -13,73 80,65 
1.47 -13,73 80,65 
1.50 -13,72 80,65 
1.53 -13,58 80,66 
1.57 -13,57 80,51 
1.60 -13,42 80,51 
1.63 -13,42 80,50 
1.67 -13,41 80,64 
1.70 -13,40 80,64 
1.73 -13,55 80,49 
1.77 -13,54 80,49 
1.80 -13,40 80,49 
1.83 -13,40 80,50 
1.87 -13,40 80,50 
1.90 -13,26 80,50 
1.93 -13,26 80,36 
1.97 -13,12 80,36 
2.00 -12,98 80,36 
2.03 -12,98 80,36 
2.07 -12,98 80,36 
2.10 -12,84 80,37 
2.13 -12,85 80,37 
2.17 -12,85 80,37 
2.20 -12,84 80,37 
2.23 -12,83 80,37 
2.27 -12,69 80,37 
2.30 -12,68 80,36 
2.33 -12,67 80,36 
2.37 -12,82 80,36 
2.40 -12,81 80,65 
2.43 -12,68 80,65 
2.47 -12,68 80,50 
2.50 -12,54 80,36 
2.53 -12,54 80,21 
2.57 -12,54 80,07 
2.60 -12,53 80,07 
2.63 -12,53 80,08 
2.67 -12,67 79,93 
2.70 -12,53 79,93 
2.73 -12,53 79,93 
2.77 -12,53 79,93 
2.80 -12,68 79,78 
2.83 -12,53 79,78 
2.87 -12,68 79,64 
2.90 -12,53 79,64 
2.93 -12,67 79,64 
2.97 -12,67 79,64 
3.00 -12,67 79,63 
3.03 -12,68 79,63 
3.07 -12,67 79,62 
3.10 -12,82 79,77 
3.13 -12,83 79,92 
3.17 -12,82 80,07 
3.20 -12,82 80,21 
3.23 -12,97 80,37 
3.27 -12,97 80,82 
3.30 -12,98 81,41 
3.33 -13,11 82,15 
3.37 -13,26 83,03 
3.40 -13,25 84,06 
3.43 -13,25 85,09 
3.47 -13,26 86,12 
3.50 -13,26 87,30 
3.53 -13,26 88,18 
3.57 -13,26 88,77 
3.60 -13,12 89,06 
3.63 -12,98 88,76 
3.67 -12,83 87,88 
3.70 -12,69 87,14 
3.73 -12,55 86,56 
3.77 -12,55 86,41 
3.80 -12,55 86,70 
3.83 -12,55 87,15 
3.87 -12,54 87,59 
3.90 -12,54 87,89 
3.93 -12,39 87,89 
3.97 -12,25 87,89 
4.00 -12,24 87,44 
4.03 -12,10 87,15 
4.07 -11,95 87,00 
4.10 -11,80 87,15 
4.13 -11,66 87,45 
4.17 -11,52 87,89 
4.20 -11,37 88,33 
4.23 -11,36 88,62 
4.27 -11,07 88,91 
4.30 -11,07 89,06 
4.33 -10,92 89,06 
4.37 -10,76 89,21 
4.40 -10,48 89,50 
4.43 -10,33 89,65 
4.47 -10,17 89,94 
4.50 -10,01 90,23 
4.53 -9,71 90,38 
4.57 -9,26 90,53 
4.60 -8,68 90,67 
4.63 -8,23 90,67 
4.67 -7,50 90,81 
4.70 -6,91 90,81 
4.73 -6,17 90,82 
4.77 -5,28 90,82 
4.80 -4,39 90,53 
4.83 -3,50 90,38 
4.87 -2,48 90,23 
4.90 -1,59 89,94 
4.93 -0,57 89,79 
4.97 0,32 89,35 
5.00 1,35 89,06 
5.03 2,37 88,62 
5.07 3,26 88,32 
5.10 4,28 88,02 
5.13 5,16 87,58 
5.17 5,91 87,14 
5.20 6,79 86,85 
5.23 7,38 86,55 
5.27 8,12 86,41 
5.30 8,85 86,41 
5.33 9,43 86,41 
5.37 9,74 86,40 
5.40 10,18 86,55 
5.43 10,47 86,84 
5.47 10,63 86,99 
5.50 10,92 87,14 
5.53 11,07 87,43 
5.57 11,21 87,58 
5.60 11,36 88,01 
5.63 11,50 88,31 
5.67 11,65 88,75 
5.70 11,80 89,05 
5.73 12,10 89,49 
5.77 12,25 89,79 
5.80 12,54 90,09 
5.83 12,83 90,38 
5.87 12,99 90,52 
5.90 13,29 90,81 
5.93 13,59 91,11 
5.97 13,87 91,40 
6.00 14,16 91,84 
6.03 14,31 92,13 
6.07 14,47 92,28 
6.10 14,77 92,43 
6.13 15,07 92,43 
6.17 15,38 92,43 
6.20 15,67 92,29 
6.23 15,97 92,14 
6.27 16,26 91,84 
6.30 16,55 91,55 
6.33 16,84 91,11 
6.37 17,13 90,81 
6.40 17,41 90,52 
6.43 17,70 90,23 
6.47 17,99 89,93 
6.50 18,29 89,64 
6.53 18,59 89,20 
6.57 19,03 88,90 
6.60 19,32 88,45 
6.63 19,62 88,01 
6.67 20,06 87,57 
6.70 20,36 87,13 
6.73 20,66 86,69 
6.77 20,96 86,40 
6.80 21,26 86,10 
6.83 21,55 85,66 
6.87 21,84 85,36 
6.90 21,98 85,07 
6.93 22,14 84,92 
6.97 22,30 84,92 
7.00 22,45 85,07 
7.03 22,59 85,21 
7.07 22,73 85,36 
7.10 22,73 85,36 
7.13 23,02 85,51 
7.17 23,16 85,51 
7.20 23,30 85,65 
7.23 23,45 85,80 
7.27 23,61 85,95 
7.30 23,91 86,24 
7.33 24,20 86,53 
7.37 24,34 86,67 
7.40 24,50 86,68 
7.43 24,79 86,83 
7.47 24,95 86,83 
7.50 25,10 86,83 
7.53 25,26 86,83 
7.57 25,55 86,83 
7.60 25,69 86,82 
7.63 25,84 86,68 
7.67 25,85 86,53 
7.70 26,00 86,39 
7.73 26,14 86,24 
7.77 26,15 86,09 
7.80 26,30 85,80 
7.83 26,44 85,66 
7.87 26,44 85,51 
7.90 26,44 85,21 
7.93 26,45 84,92 
7.97 26,46 84,78 
8.00 26,46 84,63 
8.03 26,46 84,48 
8.07 26,32 84,33 
8.10 26,18 84,18 
8.13 26,04 84,04 
8.17 26,03 83,89 
8.20 25,88 83,74 
8.23 25,72 83,60 
8.27 25,43 83,59 
8.30 25,29 83,60 
8.33 25,14 83,74 
8.37 24,98 83,89 
8.40 24,83 84,04 
8.43 24,54 84,04 
8.47 24,40 84,19 
8.50 24,27 84,19 
8.53 24,27 84,33 
8.57 24,12 84,48 
8.60 24,12 84,63 
8.63 23,97 84,78 
8.67 23,97 84,92 
8.70 23,82 85,07 
8.73 23,82 85,22 
8.77 23,68 85,36 
8.80 23,67 85,36 
8.83 23,53 85,36 
8.87 23,53 85,36 
8.90 23,39 85,50 
8.93 23,38 85,65 
8.97 23,24 85,94 
9.00 23,24 86,23 
9.03 23,24 86,52 
9.07 23,24 86,66 
9.10 23,25 86,66 
9.13 23,40 86,81 
9.17 23,53 86,82 
9.20 23,54 86,82 
9.23 23,69 86,67 
9.27 23,84 86,67 
9.30 23,99 86,52 
9.33 24,15 86,37 
9.37 24,45 86,22 
9.40 24,60 85,93 
9.43 24,89 85,78 
9.47 25,03 85,63 
9.50 25,19 85,49 
9.53 25,33 85,34 
9.57 25,48 85,20 
9.60 25,62 85,06 
9.63 25,63 84,91 
9.67 25,77 84,77 
9.70 25,78 84,62 
9.73 25,94 84,62 
9.77 25,95 84,62 
9.80 26,10 84,77 
9.83 26,39 84,92 
9.87 26,53 85,21 
9.90 26,68 85,37 
9.93 26,97 85,80 
9.97 27,12 85,95 
10.00 27,28 86,09 
10.03 27,57 86,24 
10.07 27,72 86,38 
10.10 27,87 86,53 
10.13 28,01 86,67 
10.17 28,02 86,68 
10.20 28,17 86,83 
10.23 28,32 86,97 
10.27 28,47 87,12 
10.30 28,62 87,12 
10.33 28,77 87,27 
10.37 29,06 87,42 
10.40 29,21 87,57 
10.43 29,36 87,71 
10.47 29,51 87,72 
10.50 29,80 87,86 
10.53 29,94 87,86 
10.57 30,08 87,86 
10.60 30,23 87,85 
10.63 30,37 87,86 
10.67 30,51 88,00 
10.70 30,65 88,15 
10.73 30,66 88,00 
10.77 30,81 88,15 
10.80 30,95 88,30 
10.83 30,96 88,29 
10.87 31,10 88,29 
10.90 31,09 88,29 
10.93 31,24 88,44 
10.97 31,10 88,44 
11.00 31,25 88,59 
11.03 31,25 88,74 
11.07 31,39 88,89 
11.10 31,39 89,04 
11.13 31,54 89,18 
11.17 31,54 89,18 
11.20 31,54 89,03 
11.23 31,68 89,03 
11.27 31,68 89,03 
11.30 31,82 88,88 
11.33 31,82 88,88 
11.37 31,81 88,73 
11.40 31,66 88,59 
11.43 31,66 88,59 
11.47 31,51 88,58 
11.50 31,37 88,44 
11.53 31,22 88,29 
11.57 31,22 88,44 
11.60 31,07 88,59 
11.63 30,91 88,59 
11.67 30,77 88,59 
11.70 30,63 88,60 
11.73 30,63 88,60 
11.77 30,62 88,60 
11.80 30,48 88,45 
11.83 30,49 88,45 
11.87 30,48 88,45 
11.90 30,48 88,45 
11.93 30,33 88,45 
11.97 30,34 88,46 
12.00 30,34 88,46 
12.03 30,34 88,31 
12.07 30,33 88,16 
12.10 30,19 87,87 
12.13 30,18 87,72 
12.17 30,03 87,72 
12.20 29,89 87,86 
12.23 29,89 88,01 
12.27 29,74 88,16 
12.30 29,74 88,31 
12.33 29,73 88,31 
12.37 29,59 88,16 
12.40 29,58 88,02 
12.43 29,44 87,87 
12.47 29,43 87,87 
12.50 29,28 87,87 
12.53 29,14 87,87 
12.57 29,13 88,02 
12.60 28,99 88,17 
12.63 28,99 88,17 
12.67 28,85 88,17 
12.70 28,85 88,02 
12.73 28,71 87,73 
12.77 28,70 87,59 
12.80 28,56 87,58 
12.83 28,55 87,44 
12.87 28,40 87,44 
12.90 28,25 87,44 
12.93 28,25 87,59 
12.97 28,24 87,59 
13.00 28,09 87,58 
13.03 27,96 87,43 
13.07 27,95 87,43 
13.10 27,94 87,29 
13.13 27,79 87,29 
13.17 27,65 87,43 
13.20 27,65 87,43 
13.23 27,50 87,43 
13.27 27,50 87,58 
13.30 27,35 87,58 
13.33 27,35 87,58 
13.37 27,20 87,58 
13.40 27,06 87,58 
13.43 27,06 87,58 
13.47 26,91 87,58 
13.50 26,76 87,58 
13.53 26,62 87,58 
13.57 26,62 87,73 
13.60 26,48 87,88 
13.63 26,47 88,03 
13.67 26,33 88,17 
13.70 26,34 88,18 
13.73 26,33 88,32 
13.77 26,33 88,47 
13.80 26,18 88,46 
13.83 26,18 88,61 
13.87 26,18 88,61 
13.90 26,04 88,76 
13.93 26,04 88,76 
13.97 26,04 88,90 
14.00 26,03 88,76 
14.03 26,03 88,62 
14.07 26,02 88,62 
14.10 26,02 88,63 
14.13 26,03 88,63 
14.17 26,04 88,63 
14.20 26,05 88,63 
14.23 26,19 88,63 
14.27 26,19 88,63 
14.30 26,19 88,63 
14.33 26,19 88,48 
14.37 26,33 88,47 
14.40 26,33 88,32 
14.43 26,34 88,17 
14.47 26,35 88,02 
14.50 26,49 88,02 
14.53 26,49 88,02 
14.57 26,50 88,02 
14.60 26,64 88,02 
14.63 26,64 87,87 
14.67 26,78 87,87 
14.70 26,78 87,73 
14.73 26,78 87,72 
14.77 26,92 87,72 
14.80 26,92 87,72 
14.83 26,92 87,57 
14.87 26,92 87,57 
14.90 26,93 87,43 
14.93 26,93 87,43 
14.97 26,94 87,43 
15.00 26,95 87,28 
15.03 26,96 87,14 
15.07 26,94 86,85 
15.10 26,79 86,11 
15.13 26,64 84,79 
15.17 26,64 83,31 
15.20 26,63 81,69 
15.23 26,47 80,07 
15.27 26,32 78,59 
15.30 26,18 76,97 
15.33 26,04 75,35 
15.37 26,03 73,88 
15.40 25,89 72,41 
15.43 25,75 70,93 
15.47 25,61 69,31 
15.50 25,60 67,83 
15.53 25,32 65,92 
15.57 25,17 64,30 
15.60 25,04 62,68 
15.63 25,04 61,06 
15.67 25,03 59,29 
15.70 24,88 57,37 
15.73 24,74 55,75 
15.77 24,60 53,98 
15.80 24,46 52,36 
15.83 24,32 50,74 
15.87 24,16 49,12 
15.90 24,02 47,36 
15.93 23,88 45,73 
15.97 23,74 43,96 
16.00 23,74 42,34 
16.03 23,60 40,57 
16.07 23,46 38,66 
16.10 23,45 36,89 
16.13 23,44 35,12 
16.17 23,29 33,20 
16.20 23,15 31,28 
16.23 23,01 29,52 
16.27 22,86 27,60 
16.30 22,72 25,54 
16.33 22,57 23,62 
16.37 22,43 21,71 
16.40 22,28 19,94 
16.43 22,14 18,17 
16.47 21,99 16,26 
16.50 21,84 14,49 
16.53 21,70 12,87 
16.57 21,69 11,25 
16.60 21,55 9,77 
16.63 21,55 8,59 
16.67 21,55 7,41 
16.70 21,40 6,38 
16.73 21,40 5,64 
16.77 21,25 4,76 
16.80 21,11 4,17 
16.83 21,11 3,58 
16.87 20,96 3,13 
16.90 20,81 2,69 
16.93 20,66 2,26 
16.97 20,51 1,82 
17.00 20,36 1,82 
17.03 20,21 2,11 
17.07 19,91 2,99 
17.10 19,62 4,17 
17.13 19,32 5,79 
17.17 19,04 7,56 
17.20 18,89 9,48 
17.23 18,75 11,39 
17.27 18,61 13,46 
17.30 18,46 15,52 
17.33 18,47 17,73 
17.37 18,46 19,79 
17.40 18,46 21,86 
17.43 18,46 23,92 
17.47 18,46 25,83 
17.50 18,46 27,90 
17.53 18,46 29,96 
17.57 18,46 32,02 
17.60 18,47 34,08 
17.63 18,47 36,15 
17.67 18,62 38,21 
17.70 18,61 40,28 
17.73 18,62 42,19 
17.77 18,76 44,11 
17.80 18,76 46,03 
17.83 18,91 48,09 
17.87 18,91 50,00 
17.90 18,92 51,92 
17.93 19,07 53,83 
17.97 19,22 55,90 
18.00 19,22 58,11 
18.03 19,37 60,32 
18.07 19,51 62,53 
18.10 19,66 64,89 
18.13 19,66 67,24 
18.17 19,81 69,75 
18.20 19,96 72,11 
18.23 20,10 74,32 
18.27 20,25 76,53 
18.30 20,39 78,59 
18.33 20,39 80,51 
18.37 20,53 82,42 
18.40 20,53 84,04 
18.43 20,67 85,67 
18.47 20,68 86,70 
18.50 20,82 87,44 
18.53 20,82 87,58 
18.57 20,96 87,58 
18.60 20,95 87,14 
18.63 20,94 86,70 
18.67 20,79 86,40 
18.70 20,65 86,25 
18.73 20,65 86,55 
18.77 20,50 86,69 
18.80 20,36 86,55 
18.83 20,35 86,25 
18.87 20,21 85,52 
18.90 20,21 84,34 
18.93 20,06 83,01 
18.97 20,06 81,54 
19.00 20,06 79,77 
19.03 20,05 77,85 
19.07 20,04 76,08 
19.10 20,03 74,61 
19.13 19,90 72,84 
19.17 19,75 71,07 
19.20 19,74 69,30 
19.23 19,74 67,39 
19.27 19,60 65,62 
19.30 19,46 63,70 
19.33 19,17 61,93 
19.37 19,16 60,02 
19.40 19,02 58,10 
19.43 19,01 56,19 
19.47 18,87 54,27 
19.50 18,73 52,21 
19.53 18,73 50,15 
19.57 18,58 48,23 
19.60 18,44 46,46 
19.63 18,44 44,55 
19.67 18,29 42,49 
19.70 18,14 40,57 
19.73 18,00 38,65 
19.77 17,85 36,74 
19.80 17,69 34,82 
19.83 17,54 32,76 
19.87 17,40 30,84 
19.90 17,25 28,93 
19.93 17,11 27,01 
19.97 17,10 25,24 
20.00 17,09 23,47 
20.03 16,95 21,56 
20.07 16,95 19,93 
20.10 16,94 18,17 
20.13 16,94 16,55 
20.17 16,95 14,78 
20.20 16,81 13,31 
20.23 16,96 11,83 
20.27 17,10 10,36 
20.30 17,10 9,04 
20.33 17,25 7,86 
20.37 17,39 6,67 
20.40 17,39 5,49 
20.43 17,40 4,46 
20.47 17,54 3,43 
20.50 17,54 2,69 
20.53 17,55 2,40 
20.57 17,41 2,70 
20.60 17,26 4,02 
20.63 16,96 5,64 
20.67 16,96 7,56 
20.70 16,81 9,62 
20.73 16,67 11,69 
20.77 16,66 13,90 
20.80 16,66 16,25 
20.83 16,65 18,46 
20.87 16,66 20,67 
20.90 16,81 23,03 
20.93 16,81 25,24 
20.97 16,95 27,45 
21.00 17,10 29,51 
21.03 17,25 31,57 
21.07 17,39 33,64 
21.10 17,40 35,55 
21.13 17,54 37,47 
21.17 17,55 39,24 
21.20 17,70 41,00 
21.23 17,85 42,63 
21.27 17,84 44,25 
21.30 17,84 45,87 
21.33 17,84 47,34 
21.37 17,84 48,67 
21.40 17,85 50,14 
21.43 17,85 51,62 
21.47 17,86 53,24 
21.50 18,01 54,86 
21.53 18,15 56,63 
21.57 18,16 58,39 
21.60 18,45 60,46 
21.63 18,46 62,52 
21.67 18,61 64,73 
21.70 18,76 66,79 
21.73 19,05 69,15 
21.77 19,20 71,36 
21.80 19,35 73,72 
21.83 19,64 75,93 
21.87 19,79 77,99 
21.90 19,94 79,91 
21.93 20,23 81,97 
21.97 20,23 83,59 
22.00 20,52 85,21 
22.03 20,67 86,24 
22.07 20,82 86,83 
22.10 20,97 87,12 
22.13 21,12 87,13 
22.17 21,12 86,98 
22.20 21,26 86,83 
22.23 21,27 86,54 
22.27 21,41 86,54 
22.30 21,41 86,69 
22.33 21,41 86,84 
22.37 21,41 87,14 
22.40 21,41 87,43 
22.43 21,40 87,58 
22.47 21,40 87,72 
22.50 21,39 87,72 
22.53 21,39 87,72 
22.57 21,39 87,72 
22.60 21,39 87,57 
22.63 21,40 87,57 
22.67 21,55 87,72 
22.70 21,55 87,72 
22.73 21,69 88,01 
22.77 21,68 88,01 
22.80 21,68 88,01 
22.83 21,68 88,01 
22.87 21,68 87,86 
22.90 21,69 87,86 
22.93 21,69 87,86 
22.97 21,70 87,72 
23.00 21,70 87,86 
23.03 21,70 87,87 
23.07 21,70 88,02 
23.10 21,69 88,02 
23.13 21,55 88,02 
23.17 21,41 87,87 
23.20 21,27 87,58 
23.23 21,13 87,13 
23.27 20,99 86,25 
23.30 20,98 85,08 
23.33 20,83 83,60 
23.37 20,69 81,68 
23.40 20,68 79,91 
23.43 20,39 78,00 
23.47 20,38 76,37 
23.50 20,08 74,31 
23.53 19,94 72,40 
23.57 19,80 70,48 
23.60 19,65 68,41 
23.63 19,36 66,35 
23.67 19,35 64,43 
23.70 19,06 62,22 
23.73 18,91 60,01 
23.77 18,76 58,10 
23.80 18,61 56,18 
23.83 18,32 54,12 
23.87 18,31 52,21 
23.90 18,03 50,15 
23.93 17,88 48,08 
23.97 17,73 46,02 
24.00 17,58 43,81 
24.03 17,58 41,75 
24.07 17,43 39,69 
24.10 17,29 37,63 
24.13 17,15 35,57 
24.17 17,15 33,65 
24.20 17,00 31,59 
24.23 17,00 29,52 
24.27 16,85 27,46 
24.30 16,71 25,40 
24.33 16,72 23,33 
24.37 16,72 21,42 
24.40 16,71 19,35 
24.43 16,57 17,29 
24.47 16,57 15,38 
24.50 16,57 13,61 
24.53 16,57 11,99 
24.57 16,57 10,36 
24.60 16,57 8,89 
24.63 16,58 7,56 
24.67 16,58 6,24 
24.70 16,73 5,06 
24.73 16,87 4,03 
24.77 17,02 3,14 
24.80 17,16 2,84 
24.83 17,15 2,99 
24.87 17,01 3,88 
24.90 16,86 5,35 
24.93 16,72 6,98 
24.97 16,72 8,75 
25.00 16,72 10,52 
25.03 16,57 12,29 
25.07 16,57 14,20 
25.10 16,57 16,12 
25.13 16,57 18,03 
25.17 16,57 19,80 
25.20 16,57 21,72 
25.23 16,58 23,49 
25.27 16,58 25,40 
25.30 16,59 27,17 
25.33 16,59 28,94 
25.37 16,74 30,70 
25.40 16,73 32,32 
25.43 16,59 34,09 
25.47 16,60 35,71 
25.50 16,59 37,33 
25.53 16,59 38,95 
25.57 16,44 40,57 
25.60 16,30 42,19 
25.63 16,30 43,66 
25.67 16,30 45,13 
25.70 16,29 46,46 
25.73 16,29 47,93 
25.77 16,29 49,26 
25.80 16,30 50,58 
25.83 16,45 51,91 
25.87 16,59 53,24 
25.90 16,59 54,57 
25.93 16,74 56,04 
25.97 16,89 57,52 
26.00 17,03 59,29 
26.03 17,03 60,90 
26.07 17,18 62,82 
26.10 17,19 64,74 
26.13 17,34 66,80 
26.17 17,49 69,01 
26.20 17,64 71,07 
26.23 17,79 73,14 
26.27 17,94 75,05 
26.30 18,09 76,97 
26.33 18,23 78,88 
26.37 18,38 80,50 
26.40 18,52 82,12 
26.43 18,67 83,30 
26.47 18,96 84,48 
26.50 18,97 85,07 
26.53 19,26 85,66 
26.57 19,27 85,80 
26.60 19,42 85,81 
26.63 19,56 85,80 
26.67 19,57 85,36 
26.70 19,72 85,21 
26.73 19,86 85,07 
26.77 19,86 85,06 
26.80 19,85 85,21 
26.83 19,85 85,21 
26.87 19,84 85,21 
26.90 19,84 85,21 
26.93 19,84 84,92 
26.97 19,85 84,63 
27.00 19,85 84,34 
27.03 19,86 84,19 
27.07 20,00 84,33 
27.10 19,99 84,33 
27.13 20,00 84,33 
27.17 20,00 84,34 
27.20 20,00 84,34 
27.23 20,00 84,19 
27.27 19,85 84,19 
27.30 19,84 84,18 
27.33 19,70 84,04 
27.37 19,56 84,05 
27.40 19,56 84,05 
27.43 19,41 84,05 
27.47 19,27 84,05 
27.50 19,26 84,20 
27.53 19,11 84,05 
27.57 18,95 83,90 
27.60 18,65 83,60 
27.63 18,37 83,16 
27.67 18,23 82,27 
27.70 18,09 80,80 
27.73 18,08 79,18 
27.77 18,07 77,56 
27.80 17,92 75,79 
27.83 17,78 74,17 
27.87 17,77 72,55 
27.90 17,49 70,63 
27.93 17,48 68,87 
27.97 17,19 67,10 
28.00 17,05 65,18 
28.03 16,90 63,27 
28.07 16,89 61,50 
28.10 16,60 59,43 
28.13 16,46 57,66 
28.17 16,32 55,90 
28.20 16,18 54,13 
28.23 16,03 52,21 
28.27 16,03 50,44 
28.30 15,87 48,53 
28.33 15,59 46,61 
28.37 15,58 44,84 
28.40 15,43 42,93 
28.43 15,27 41,01 
28.47 15,12 39,10 
28.50 14,97 37,18 
28.53 14,69 34,97 
28.57 14,68 32,91 
28.60 14,39 30,70 
28.63 14,24 28,63 
28.67 14,08 26,57 
28.70 13,93 24,51 
28.73 13,78 22,30 
28.77 13,64 20,38 
28.80 13,49 18,47 
28.83 13,35 16,70 
28.87 13,35 14,79 
28.90 13,35 13,02 
28.93 13,34 11,40 
28.97 13,34 9,92 
29.00 13,33 8,44 
29.03 13,33 7,12 
29.07 13,33 5,79 
29.10 13,33 4,75 
29.13 13,47 3,57 
29.17 13,48 2,69 
29.20 13,62 2,09 
29.23 13,62 2,09 
29.27 13,47 2,83 
29.30 13,18 4,30 
29.33 13,03 6,07 
29.37 12,88 7,98 
29.40 12,73 10,04 
29.43 12,59 12,25 
29.47 12,45 14,32 
29.50 12,44 16,53 
29.53 12,30 18,74 
29.57 12,30 20,65 
29.60 12,30 22,72 
29.63 12,31 24,63 
29.67 12,45 26,55 
29.70 12,59 28,46 
29.73 12,74 30,23 
29.77 12,74 31,70 
29.80 12,89 33,33 
29.83 12,90 34,95 
29.87 13,05 36,42 
29.90 13,20 37,75 
29.93 13,36 39,22 
29.97 13,51 40,54 
30.00 13,65 41,87 
30.03 13,79 43,05 
30.07 13,94 44,23 
30.10 14,08 45,26 
30.13 14,09 46,29 
30.17 14,38 47,47 
30.20 14,39 48,50 
30.23 14,68 49,54 
30.27 14,97 50,71 
30.30 15,11 51,75 
30.33 15,26 52,93 
30.37 15,41 54,26 
30.40 15,55 55,59 
30.43 15,70 57,21 
30.47 15,84 58,83 
30.50 15,99 60,74 
30.53 16,13 62,66 
30.57 16,27 64,72 
30.60 16,41 66,93 
30.63 16,56 69,00 
30.67 16,70 71,35 
30.70 16,99 73,57 
30.73 17,13 75,78 
30.77 17,29 77,84 
30.80 17,58 80,05 
30.83 17,73 81,96 
30.87 17,88 83,58 
30.90 18,04 84,76 
30.93 18,34 85,94 
30.97 18,62 86,68 
31.00 18,77 86,97 
31.03 18,92 87,27 
31.07 19,07 87,26 
31.10 19,22 87,12 
31.13 19,37 86,97 
31.17 19,51 86,97 
31.20 19,52 86,97 
31.23 19,53 87,13 
31.27 19,67 87,57 
31.30 19,68 87,72 
31.33 19,83 87,87 
31.37 19,83 87,87 
31.40 19,98 87,87 
31.43 20,12 87,87 
31.47 20,11 87,72 
31.50 20,11 87,72 
31.53 20,11 87,72 
31.57 20,11 87,72 
31.60 20,10 87,86 
31.63 20,10 87,86 
31.67 20,08 87,86 
31.70 19,94 87,71 
31.73 19,93 87,71 
31.77 19,80 87,56 
31.80 19,80 87,56 
31.83 19,79 87,55 
31.87 19,63 87,41 
31.90 19,49 87,41 
31.93 19,34 87,42 
31.97 19,33 87,56 
32.00 19,19 87,56 
32.03 19,20 87,56 
32.07 19,19 87,56 
32.10 19,18 87,41 
32.13 19,04 87,12 
32.17 19,04 86,97 
32.20 18,90 86,82 
32.23 18,89 86,67 
32.27 18,75 86,52 
32.30 18,61 86,08 
32.33 18,47 85,49 
32.37 18,33 84,46 
32.40 18,33 82,99 
32.43 18,33 81,22 
32.47 18,34 79,30 
32.50 18,33 77,39 
32.53 18,33 75,32 
32.57 18,33 73,26 
32.60 18,32 71,34 
32.63 18,18 69,28 
32.67 18,04 67,07 
32.70 18,03 65,01 
32.73 17,88 62,80 
32.77 17,73 60,73 
32.80 17,43 58,67 
32.83 17,15 56,61 
32.87 16,99 54,70 
32.90 16,70 52,78 
32.93 16,55 51,01 
32.97 16,26 49,10 
33.00 16,12 47,19 
33.03 15,97 45,27 
33.07 15,81 43,36 
33.10 15,52 41,44 
33.13 15,38 39,67 
33.17 15,22 37,61 
33.20 14,93 35,55 
33.23 14,79 33,64 
33.27 14,63 31,72 
33.30 14,48 29,80 
33.33 14,33 27,74 
33.37 14,04 25,68 
33.40 14,03 23,76 
33.43 13,89 21,85 
33.47 13,74 20,08 
33.50 13,74 18,31 
33.53 13,60 16,54 
33.57 13,59 14,92 
33.60 13,59 13,44 
33.63 13,44 11,97 
33.67 13,44 10,64 
33.70 13,30 9,31 
33.73 13,30 8,14 
33.77 13,30 7,10 
33.80 13,30 5,92 
33.83 13,30 4,75 
33.87 13,30 3,57 
33.90 13,30 2,39 
33.93 13,30 1,51 
33.97 13,30 1,21 
34.00 13,16 1,50 
34.03 12,87 2,54 
34.07 12,72 4,16 
34.10 12,57 6,08 
34.13 12,43 8,14 
34.17 12,42 10,21 
34.20 12,28 12,42 
34.23 12,28 14,63 
34.27 12,28 16,69 
34.30 12,29 18,60 
34.33 12,44 20,37 
34.37 12,58 22,28 
34.40 12,59 23,91 
34.43 12,74 25,53 
34.47 12,89 27,15 
34.50 13,03 28,77 
34.53 13,17 30,24 
34.57 13,32 31,71 
34.60 13,46 33,04 
34.63 13,61 34,22 
34.67 13,76 35,54 
34.70 13,90 36,72 
34.73 14,05 37,90 
34.77 14,19 38,93 
34.80 14,33 39,97 
34.83 14,34 40,85 
34.87 14,49 41,88 
34.90 14,64 42,62 
34.93 14,79 43,50 
34.97 14,93 44,24 
35.00 14,93 44,98 
35.03 14,94 45,57 
35.07 15,08 46,45 
35.10 15,09 47,04 
35.13 15,09 47,63 
35.17 15,24 48,52 
35.20 15,38 49,40 
35.23 15,38 50,14 
35.27 15,53 51,03 
35.30 15,67 52,06 
35.33 15,67 53,09 
35.37 15,66 54,27 
35.40 15,66 55,45 
35.43 15,67 56,92 
35.47 15,67 58,24 
35.50 15,82 59,86 
35.53 15,82 61,48 
35.57 15,96 63,25 
35.60 15,96 65,02 
35.63 16,11 66,79 
35.67 16,11 68,71 
35.70 16,12 70,62 
35.73 16,26 72,54 
35.77 16,41 74,60 
35.80 16,41 76,66 
35.83 16,42 78,58 
35.87 16,71 80,64 
35.90 16,72 82,41 
35.93 17,00 84,33 
35.97 17,15 85,80 
36.00 17,30 86,83 
36.03 17,59 87,72 
36.07 17,60 88,16 
36.10 17,75 88,30 
36.13 17,90 88,16 
36.17 17,89 87,86 
36.20 17,89 87,42 
36.23 17,88 87,27 
36.27 17,73 87,13 
36.30 17,58 87,27 
36.33 17,29 87,13 
36.37 17,14 87,13 
36.40 16,99 86,98 
36.43 16,84 86,69 
36.47 16,55 86,25 
36.50 16,39 85,95 
36.53 16,09 85,65 
36.57 15,66 85,36 
36.60 15,36 85,21 
36.63 14,91 85,21 
36.67 14,33 85,06 
36.70 13,89 85,06 
36.73 13,31 84,77 
36.77 12,58 84,47 
36.80 11,84 84,47 
36.83 10,95 84,47 
36.87 9,93 84,32 
36.90 9,04 84,77 
36.93 7,86 85,35 
36.97 6,84 86,09 
37.00 5,80 86,83 
37.03 4,78 87,42 
37.07 3,89 88,01 
37.10 2,85 88,30 
37.13 1,82 88,45 
37.17 0,64 88,60 
37.20 -0,53 88,75 
37.23 -1,57 88,75 
37.27 -2,59 88,75 
37.30 -3,47 88,90 
37.33 -4,36 89,04 
37.37 -5,38 89,34 
37.40 -6,41 89,78 
37.43 -7,30 90,22 
37.47 -8,18 90,37 
37.50 -9,07 90,37 
37.53 -9,96 90,23 
37.57 -10,84 89,93 
37.60 -11,58 89,78 
37.63 -12,32 89,49 
37.67 -13,05 89,49 
37.70 -13,78 89,34 
37.73 -14,52 89,34 
37.77 -15,25 89,20 
37.80 -15,84 89,19 
37.83 -16,58 89,04 
37.87 -17,32 88,75 
37.90 -17,61 88,61 
37.93 -17,17 88,61 
37.97 -16,43 88,61 
38.00 -15,84 88,76 
38.03 -15,40 88,76 
38.07 -14,95 88,91 
38.10 -14,65 89,05 
38.13 -14,36 89,20 
38.17 -14,21 89,34 
38.20 -14,21 89,19 
38.23 -14,21 89,05 
38.27 -14,37 88,91 
38.30 -14,66 88,76 
38.33 -14,65 88,75 
38.37 -14,65 88,60 
38.40 -14,21 88,60 
38.43 -14,07 88,60 
38.47 -14,07 88,46 
38.50 -14,22 88,46 
38.53 -14,52 88,32 
38.57 -14,96 87,88 
38.60 -14,96 87,59 
38.63 -14,51 87,29 
38.67 -14,21 86,86 
38.70 -14,06 86,56 
38.73 -14,07 85,98 
38.77 -14,21 85,38 
38.80 -14,36 84,50 
38.83 -14,51 83,76 
38.87 -14,65 83,03 
38.90 -14,51 82,59 
38.93 -14,50 81,85 
38.97 -14,50 81,12 
39.00 -14,36 80,39 
39.03 -14,35 79,79 
39.07 -14,35 79,06 
39.10 -14,35 78,32 
39.13 -14,36 78,46 
39.17 -14,36 78,91 
39.20 -14,36 78,91 
39.23 -14,51 78,47 
39.27 -14,65 78,76 
39.30 -14,64 79,05 
39.33 -14,50 79,05 
39.37 -14,49 79,20 
39.40 -14,49 79,05 
39.43 -14,49 79,19 
39.47 -14,49 79,19 
39.50 -14,49 79,19 
39.53 -14,35 79,20 
39.57 -14,36 79,20 
39.60 -14,51 79,20 
39.63 -14,50 79,21 
39.67 -14,50 79,21 
39.70 -14,36 79,22 
