#Kinovea Trajectory data export
#T X Y

# Trajectory 1
4.87 -9,04 95,48 
4.90 -8,66 95,67 
4.93 -8,10 95,86 
4.97 -7,53 95,86 
5.00 -6,97 95,86 
5.03 -6,21 95,86 
5.07 -5,45 95,86 
5.10 -4,70 95,86 
5.13 -3,94 95,67 
5.17 -3,00 95,48 
5.20 -1,86 95,10 
5.23 -0,73 94,72 
5.27 0,22 94,34 
5.30 1,36 93,96 
5.33 2,49 93,58 
5.37 3,82 93,39 
5.40 4,95 93,01 
5.43 6,28 92,82 
5.47 7,42 92,44 
5.50 8,74 92,07 
5.53 9,87 91,88 
5.57 10,82 91,69 
5.60 11,95 91,31 
5.63 12,71 91,31 
5.67 13,47 91,31 
5.70 14,23 91,31 
5.73 14,98 91,50 
5.77 15,73 91,69 
5.80 16,11 91,69 
5.83 16,68 92,07 
5.87 17,05 92,26 
5.90 17,44 92,44 
5.93 17,81 92,63 
5.97 18,37 92,82 
6.00 18,57 93,01 
6.03 18,95 93,20 
6.07 19,33 93,58 
6.10 19,71 93,96 
6.13 20,10 94,52 
6.17 20,48 94,90 
6.20 21,04 95,09 
6.23 21,42 95,47 
6.27 21,97 95,85 
6.30 22,36 95,85 
6.33 22,93 96,04 
6.37 23,49 96,04 
6.40 23,88 96,23 
6.43 24,45 96,42 
6.47 24,65 96,61 
6.50 25,22 96,80 
6.53 25,60 96,61 
6.57 25,97 96,42 
6.60 26,34 96,23 
6.63 26,72 96,04 
6.67 27,10 95,85 
6.70 27,28 95,66 
6.73 27,46 95,66 
6.77 27,65 95,47 
6.80 27,65 95,28 
6.83 27,84 94,91 
6.87 27,86 94,53 
6.90 28,05 94,34 
6.93 28,05 94,15 
6.97 28,07 93,96 
7.00 28,26 93,96 
7.03 28,44 93,96 
7.07 28,43 93,96 
7.10 28,43 93,96 
7.13 28,44 93,77 
7.17 28,62 93,77 
7.20 28,62 93,58 
7.23 28,63 93,40 
7.27 28,81 93,58 
7.30 28,81 93,77 
7.33 29,00 93,96 
7.37 29,00 94,14 
7.40 29,00 94,15 
7.43 28,82 94,34 
7.47 28,83 94,53 
7.50 28,84 94,72 
7.53 29,02 94,90 
7.57 29,02 94,90 
7.60 29,01 94,90 
7.63 29,01 94,90 
7.67 28,83 95,09 
7.70 28,84 95,09 
7.73 28,85 95,28 
7.77 28,85 95,28 
7.80 28,85 95,28 
7.83 28,84 95,47 
7.87 28,84 95,47 
7.90 28,84 95,47 
7.93 28,83 95,47 
7.97 28,84 95,47 
8.00 28,85 95,47 
8.03 29,04 95,66 
8.07 29,04 95,84 
8.10 29,04 95,85 
8.13 29,22 96,04 
8.17 29,22 96,04 
8.20 29,22 96,23 
8.23 29,23 96,22 
8.27 29,42 96,22 
8.30 29,61 96,22 
8.33 29,62 96,03 
8.37 30,00 96,03 
8.40 30,01 95,84 
8.43 30,20 95,84 
8.47 30,39 95,83 
8.50 30,58 95,83 
8.53 30,76 95,83 
8.57 30,75 95,65 
8.60 30,75 95,46 
8.63 30,75 95,27 
8.67 30,75 95,08 
8.70 30,74 94,70 
8.73 30,73 94,51 
8.77 30,55 94,33 
8.80 30,55 94,33 
8.83 30,54 94,32 
8.87 30,55 94,32 
8.90 30,73 93,94 
8.93 30,91 93,57 
8.97 30,92 93,19 
9.00 31,12 93,00 
9.03 31,30 92,81 
9.07 31,31 92,80 
9.10 31,50 92,81 
9.13 31,50 93,00 
9.17 31,68 93,00 
9.20 31,68 93,01 
9.23 31,69 92,82 
9.27 31,70 92,64 
9.30 31,88 92,45 
9.33 31,87 92,44 
9.37 31,70 92,26 
9.40 31,71 92,26 
9.43 31,70 92,07 
9.47 31,51 91,88 
9.50 31,32 91,69 
9.53 31,31 91,69 
9.57 31,13 91,50 
9.60 30,95 91,49 
9.63 30,94 91,49 
9.67 30,75 91,30 
9.70 30,56 91,30 
9.73 30,55 91,11 
9.77 30,18 90,92 
9.80 30,17 90,73 
9.83 29,97 90,54 
9.87 29,78 90,54 
9.90 29,58 90,54 
9.93 29,39 90,54 
9.97 29,20 90,55 
10.00 29,01 90,55 
10.03 29,01 90,56 
10.07 29,00 90,56 
10.10 29,17 90,37 
10.13 28,99 90,19 
10.17 29,16 90,19 
10.20 29,15 90,19 
10.23 29,15 90,37 
10.27 29,15 90,56 
10.30 29,15 90,56 
10.33 29,16 90,75 
10.37 29,17 90,94 
10.40 29,17 90,95 
10.43 29,17 91,13 
10.47 29,17 91,32 
10.50 29,17 91,51 
10.53 29,16 91,69 
10.57 29,14 91,89 
10.60 28,95 92,08 
10.63 28,95 92,27 
10.67 28,77 92,45 
10.70 28,78 92,45 
10.73 28,78 92,45 
10.77 28,78 92,46 
10.80 28,77 92,65 
10.83 28,76 92,65 
10.87 28,74 92,83 
10.90 28,56 92,83 
10.93 28,56 92,83 
10.97 28,55 92,83 
11.00 28,38 92,82 
11.03 28,39 92,64 
11.07 28,40 92,64 
11.10 28,40 92,45 
11.13 28,41 92,45 
11.17 28,42 92,26 
11.20 28,43 92,07 
11.23 28,43 92,07 
11.27 28,61 91,88 
11.30 28,62 91,69 
11.33 28,62 91,50 
11.37 28,44 91,30 
11.40 28,62 91,11 
11.43 28,80 90,92 
11.47 28,79 90,74 
11.50 28,79 90,74 
11.53 28,80 90,55 
11.57 28,80 90,55 
11.60 28,81 90,36 
11.63 28,64 90,36 
11.67 28,82 90,36 
11.70 28,82 90,17 
11.73 28,81 90,18 
11.77 28,81 90,18 
11.80 28,82 90,18 
11.83 28,82 90,19 
11.87 28,82 90,19 
11.90 28,83 90,37 
11.93 28,84 90,37 
11.97 29,02 90,37 
12.00 29,01 90,56 
12.03 29,00 90,56 
12.07 29,00 90,75 
12.10 29,19 90,75 
12.13 29,19 90,94 
12.17 29,01 91,12 
12.20 29,01 91,13 
12.23 29,02 91,31 
12.27 29,02 91,31 
12.30 29,02 91,31 
12.33 29,02 91,30 
12.37 29,01 91,30 
12.40 29,01 91,30 
12.43 28,99 91,12 
12.47 29,00 90,93 
12.50 28,99 90,93 
12.53 28,81 90,92 
12.57 28,63 90,92 
12.60 28,62 90,91 
12.63 28,44 90,54 
12.67 28,25 89,97 
12.70 28,25 88,84 
12.73 28,24 87,51 
12.77 28,24 85,81 
12.80 28,23 83,92 
12.83 28,22 82,03 
12.87 28,20 79,95 
12.90 28,01 78,24 
12.93 27,83 76,54 
12.97 27,82 74,65 
13.00 27,81 72,94 
13.03 27,79 71,05 
13.07 27,61 69,53 
13.10 27,60 67,83 
13.13 27,43 65,93 
13.17 27,42 64,24 
13.20 27,42 62,34 
13.23 27,24 60,83 
13.27 27,23 59,13 
13.30 27,05 57,42 
13.33 27,03 55,53 
13.37 26,83 53,83 
13.40 26,64 52,31 
13.43 26,44 50,80 
13.47 26,24 49,09 
13.50 26,05 47,58 
13.53 25,86 46,07 
13.57 25,68 44,55 
13.60 25,67 43,04 
13.63 25,48 41,34 
13.67 25,48 39,82 
13.70 25,30 38,12 
13.73 25,32 36,42 
13.77 25,33 34,90 
13.80 25,34 33,01 
13.83 25,35 31,31 
13.87 25,36 29,61 
13.90 25,55 27,71 
13.93 25,55 25,82 
13.97 25,55 24,12 
14.00 25,73 22,22 
14.03 25,74 20,33 
14.07 25,91 18,44 
14.10 25,91 16,73 
14.13 25,90 15,03 
14.17 25,89 13,33 
14.20 25,88 12,00 
14.23 25,70 10,68 
14.27 25,70 9,54 
14.30 25,70 8,41 
14.33 25,69 7,46 
14.37 25,69 6,70 
14.40 25,51 6,51 
14.43 25,33 7,27 
14.47 24,96 8,78 
14.50 24,77 10,49 
14.53 24,59 12,57 
14.57 24,57 14,46 
14.60 24,38 16,73 
14.63 24,20 19,00 
14.67 24,20 20,90 
14.70 24,19 22,98 
14.73 24,20 24,88 
14.77 24,19 26,96 
14.80 24,20 28,85 
14.83 24,38 30,93 
14.87 24,38 32,83 
14.90 24,39 34,91 
14.93 24,58 36,99 
14.97 24,59 39,07 
15.00 24,76 41,15 
15.03 24,77 43,43 
15.07 24,94 45,69 
15.10 24,95 47,78 
15.13 25,13 50,05 
15.17 25,14 52,32 
15.20 25,33 54,59 
15.23 25,51 57,05 
15.27 25,69 59,51 
15.30 25,87 61,97 
15.33 25,89 64,62 
15.37 26,26 67,46 
15.40 26,45 70,30 
15.43 26,81 73,14 
15.47 26,82 75,98 
15.50 27,20 78,82 
15.53 27,40 81,66 
15.57 27,60 84,50 
15.60 27,79 86,96 
15.63 27,98 89,04 
15.67 28,34 90,55 
15.70 28,35 91,31 
15.73 28,72 91,69 
15.77 28,90 91,50 
15.80 29,08 91,31 
15.83 29,08 90,93 
15.87 29,09 90,74 
15.90 29,11 90,74 
15.93 29,12 90,93 
15.97 29,12 90,93 
16.00 29,12 90,93 
16.03 29,10 90,55 
16.07 28,91 89,98 
16.10 28,73 89,04 
16.13 28,73 87,90 
16.17 28,55 86,39 
16.20 28,55 84,49 
16.23 28,54 82,60 
16.27 28,36 80,52 
16.30 28,35 78,63 
16.33 28,15 76,55 
16.37 27,96 74,47 
16.40 27,77 72,20 
16.43 27,57 70,11 
16.47 27,38 67,84 
16.50 27,20 65,57 
16.53 27,19 62,93 
16.57 27,01 60,65 
16.60 26,84 58,38 
16.63 26,83 56,11 
16.67 26,65 53,84 
16.70 26,64 51,57 
16.73 26,44 49,30 
16.77 26,26 47,02 
16.80 26,08 44,75 
16.83 26,07 42,48 
16.87 25,87 40,21 
16.90 25,67 37,94 
16.93 25,48 35,86 
16.97 25,29 33,78 
17.00 25,11 31,70 
17.03 24,92 29,80 
17.07 24,73 27,72 
17.10 24,54 25,83 
17.13 24,36 23,94 
17.17 24,18 21,86 
17.20 24,17 19,97 
17.23 23,97 18,08 
17.27 23,60 16,37 
17.30 23,60 14,48 
17.33 23,40 12,78 
17.37 23,21 11,26 
17.40 23,02 9,75 
17.43 22,82 8,42 
17.47 22,63 7,09 
17.50 22,43 5,96 
17.53 22,06 5,20 
17.57 21,87 5,01 
17.60 21,48 5,95 
17.63 20,91 7,66 
17.67 20,54 9,74 
17.70 20,17 12,20 
17.73 19,98 14,47 
17.77 19,78 16,93 
17.80 19,41 19,39 
17.83 19,40 21,66 
17.87 19,21 24,12 
17.90 19,03 26,39 
17.93 18,84 28,85 
17.97 18,83 30,94 
18.00 18,65 33,39 
18.03 18,66 35,48 
18.07 18,66 37,56 
18.10 18,67 39,64 
18.13 18,68 41,73 
18.17 18,68 43,81 
18.20 18,69 45,89 
18.23 18,87 47,79 
18.27 18,86 49,68 
18.30 18,86 51,76 
18.33 18,86 53,84 
18.37 18,87 55,93 
18.40 19,06 58,01 
18.43 19,06 60,28 
18.47 19,25 62,74 
18.50 19,25 65,20 
18.53 19,25 68,23 
18.57 19,44 71,07 
18.60 19,44 74,29 
18.63 19,63 77,12 
18.67 19,64 80,34 
18.70 19,82 83,18 
18.73 19,83 86,02 
18.77 20,01 88,48 
18.80 20,02 90,38 
18.83 20,39 91,13 
18.87 20,40 91,51 
18.90 20,59 91,51 
18.93 20,78 90,94 
18.97 20,78 90,38 
19.00 20,79 90,00 
19.03 20,79 89,62 
19.07 20,78 89,24 
19.10 20,59 88,67 
19.13 20,59 87,53 
19.17 20,59 86,02 
19.20 20,59 84,31 
19.23 20,59 82,42 
19.27 20,59 80,53 
19.30 20,41 78,63 
19.33 20,41 76,74 
19.37 20,40 74,66 
19.40 20,21 72,76 
19.43 20,03 70,87 
19.47 20,03 68,79 
19.50 20,03 66,52 
19.53 20,02 64,43 
19.57 19,83 62,54 
19.60 19,64 60,46 
19.63 19,64 58,19 
19.67 19,63 55,91 
19.70 19,45 53,83 
19.73 19,27 51,75 
19.77 19,27 49,48 
19.80 19,26 47,20 
19.83 19,08 44,93 
19.87 19,08 42,66 
19.90 19,07 40,58 
19.93 18,89 38,50 
19.97 18,89 36,23 
20.00 18,89 34,14 
20.03 18,89 31,88 
20.07 18,88 29,79 
20.10 18,87 27,52 
20.13 18,86 25,44 
20.17 18,85 23,16 
20.20 18,83 21,08 
20.23 18,82 19,00 
20.27 18,81 16,92 
20.30 18,80 15,02 
20.33 18,80 13,32 
20.37 18,80 11,62 
20.40 18,79 10,29 
20.43 18,79 8,97 
20.47 18,79 7,83 
20.50 18,79 7,07 
20.53 18,80 7,07 
20.57 18,61 7,83 
20.60 18,42 9,35 
20.63 18,23 11,24 
20.67 18,04 13,13 
20.70 18,04 14,83 
20.73 17,85 16,91 
20.77 17,66 18,80 
20.80 17,66 20,51 
20.83 17,66 22,02 
20.87 17,65 23,54 
20.90 17,46 25,24 
20.93 17,46 26,75 
20.97 17,46 28,46 
21.00 17,45 30,16 
21.03 17,45 31,86 
21.07 17,62 33,76 
21.10 17,44 35,65 
21.13 17,44 37,73 
21.17 17,26 39,63 
21.20 17,08 41,71 
21.23 17,08 43,60 
21.27 17,07 45,49 
21.30 17,25 47,38 
21.33 17,24 49,46 
21.37 17,23 51,36 
21.40 17,23 53,25 
21.43 17,25 55,33 
21.47 17,44 57,23 
21.50 17,62 59,31 
21.53 17,63 61,58 
21.57 17,82 64,04 
21.60 18,02 66,31 
21.63 18,22 68,96 
21.67 18,59 71,42 
21.70 18,79 74,45 
21.73 19,18 77,10 
21.77 19,74 79,75 
21.80 20,12 82,59 
21.83 20,50 85,24 
21.87 20,88 87,70 
21.90 21,27 89,97 
21.93 21,83 91,49 
21.97 22,22 92,24 
22.00 22,78 92,62 
22.03 23,15 92,62 
22.07 23,52 92,06 
22.10 23,89 91,68 
22.13 24,08 91,30 
22.17 24,27 91,30 
22.20 24,46 91,30 
22.23 24,65 91,68 
22.27 24,66 92,06 
22.30 24,85 92,06 
22.33 25,03 92,06 
22.37 25,03 91,68 
22.40 25,04 91,30 
22.43 25,23 91,11 
22.47 25,23 90,92 
22.50 25,24 90,92 
22.53 25,23 90,73 
22.57 25,04 90,54 
22.60 24,85 89,97 
22.63 24,67 89,03 
22.67 24,67 87,70 
22.70 24,66 86,00 
22.73 24,47 84,30 
22.77 24,29 82,41 
22.80 24,29 80,14 
22.83 24,10 78,24 
22.87 23,92 76,35 
22.90 23,90 74,27 
22.93 23,89 72,19 
22.97 23,52 70,29 
23.00 23,34 68,40 
23.03 23,15 66,32 
23.07 22,96 64,42 
23.10 22,78 62,53 
23.13 22,58 60,45 
23.17 22,20 58,74 
23.20 22,01 56,85 
23.23 21,63 54,95 
23.27 21,45 52,87 
23.30 21,27 51,17 
23.33 21,08 49,28 
23.37 20,88 47,19 
23.40 20,51 45,30 
23.43 20,31 43,22 
23.47 19,94 41,33 
23.50 19,75 39,24 
23.53 19,38 37,35 
23.57 19,19 35,46 
23.60 18,99 33,57 
23.63 18,63 31,86 
23.67 18,62 29,78 
23.70 18,24 28,07 
23.73 18,23 25,99 
23.77 17,87 24,10 
23.80 17,68 22,21 
23.83 17,51 20,50 
23.87 17,50 18,61 
23.90 17,49 16,91 
23.93 17,31 15,39 
23.97 17,31 13,88 
24.00 17,31 12,55 
24.03 17,31 11,23 
24.07 17,32 9,90 
24.10 17,50 8,58 
24.13 17,50 7,63 
24.17 17,31 7,26 
24.20 17,12 7,64 
24.23 16,74 8,96 
24.27 16,36 10,48 
24.30 16,16 12,37 
24.33 15,97 14,27 
24.37 15,61 16,54 
24.40 15,60 18,62 
24.43 15,40 20,70 
24.47 15,40 22,59 
24.50 15,22 24,67 
24.53 15,23 26,57 
24.57 15,23 28,65 
24.60 15,24 30,54 
24.63 15,25 32,44 
24.67 15,43 34,14 
24.70 15,43 36,04 
24.73 15,42 38,12 
24.77 15,43 40,01 
24.80 15,63 41,71 
24.83 15,81 43,61 
24.87 15,81 45,50 
24.90 16,00 47,20 
24.93 16,18 49,09 
24.97 16,37 50,79 
25.00 16,56 52,31 
25.03 16,75 54,01 
25.07 16,95 55,72 
25.10 17,33 57,42 
25.13 17,52 59,31 
25.17 17,90 61,21 
25.20 18,10 63,29 
25.23 18,47 65,18 
25.27 18,66 67,45 
25.30 18,86 69,91 
25.33 19,24 72,18 
25.37 19,62 74,64 
25.40 19,99 76,91 
25.43 20,37 79,37 
25.47 20,74 81,64 
25.50 21,11 84,10 
25.53 21,48 86,19 
25.57 21,85 88,27 
25.60 22,04 89,78 
25.63 22,43 90,54 
25.67 22,80 90,92 
25.70 23,00 91,11 
25.73 23,20 90,92 
25.77 23,39 90,54 
25.80 23,58 90,16 
25.83 23,59 89,97 
25.87 23,60 89,97 
25.90 23,61 89,59 
25.93 23,63 88,84 
25.97 23,82 87,51 
26.00 24,01 86,00 
26.03 24,01 84,29 
26.07 24,02 82,40 
26.10 24,04 80,51 
26.13 24,05 78,81 
26.17 24,06 76,91 
26.20 24,05 75,02 
26.23 23,87 72,94 
26.27 23,86 71,05 
26.30 23,67 69,15 
26.33 23,48 66,88 
26.37 23,30 65,18 
26.40 23,11 63,47 
26.43 23,10 61,39 
26.47 22,90 59,49 
26.50 22,71 57,41 
26.53 22,51 55,52 
26.57 22,31 53,43 
26.60 22,12 51,16 
26.63 21,92 49,08 
26.67 21,56 47,00 
26.70 21,55 44,92 
26.73 21,35 42,83 
26.77 21,17 40,75 
26.80 21,16 38,67 
26.83 20,97 36,58 
26.87 20,79 34,50 
26.90 20,78 32,23 
26.93 20,59 30,15 
26.97 20,40 28,07 
27.00 20,22 25,98 
27.03 20,22 23,71 
27.07 20,03 21,63 
27.10 19,85 19,74 
27.13 19,86 17,85 
27.17 19,85 16,14 
27.20 19,67 14,44 
27.23 19,66 12,74 
27.27 19,66 11,23 
27.30 19,65 9,91 
27.33 19,47 8,77 
27.37 19,65 7,45 
27.40 19,64 6,69 
27.43 19,46 6,31 
27.47 19,27 6,69 
27.50 18,88 8,02 
27.53 18,32 9,91 
27.57 18,12 11,62 
27.60 17,75 13,89 
27.63 17,55 15,97 
27.67 17,19 18,24 
27.70 17,01 20,33 
27.73 17,00 22,41 
27.77 16,82 24,49 
27.80 16,82 26,38 
27.83 16,64 28,47 
27.87 16,64 30,36 
27.90 16,65 32,06 
27.93 16,66 33,95 
27.97 16,67 35,65 
28.00 16,68 37,36 
28.03 16,86 39,06 
28.07 16,87 40,76 
28.10 16,88 42,28 
28.13 16,71 43,98 
28.17 16,89 45,31 
28.20 16,90 47,02 
28.23 17,08 48,34 
28.27 17,09 49,86 
28.30 17,28 51,18 
28.33 17,46 52,70 
28.37 17,65 54,02 
28.40 17,84 55,53 
28.43 18,02 56,86 
28.47 18,21 58,37 
28.50 18,39 59,89 
28.53 18,76 61,40 
28.57 18,77 63,30 
28.60 18,96 65,00 
28.63 19,15 66,89 
28.67 19,33 68,97 
28.70 19,34 71,24 
28.73 19,71 73,14 
28.77 19,89 75,60 
28.80 20,08 77,87 
28.83 20,27 80,33 
28.87 20,46 82,79 
28.90 20,66 85,06 
28.93 20,85 86,76 
28.97 21,05 88,09 
29.00 21,24 88,66 
29.03 21,62 89,04 
29.07 21,62 89,22 
29.10 21,81 89,04 
29.13 21,99 88,85 
29.17 22,18 88,66 
29.20 22,19 88,66 
29.23 22,19 88,85 
29.27 22,20 89,04 
29.30 22,38 89,22 
29.33 22,39 89,23 
29.37 22,57 89,22 
29.40 22,76 89,04 
29.43 22,76 89,04 
29.47 22,96 88,85 
29.50 23,14 88,84 
29.53 23,15 88,84 
29.57 23,33 88,84 
29.60 23,34 88,85 
29.63 23,52 88,85 
29.67 23,52 88,85 
29.70 23,53 88,66 
29.73 23,54 88,66 
29.77 23,55 88,66 
29.80 23,73 88,66 
29.83 23,55 88,85 
29.87 23,55 89,23 
29.90 23,54 89,41 
29.93 23,35 89,42 
29.97 23,17 89,42 
30.00 23,16 89,42 
30.03 22,98 89,23 
30.07 22,98 89,04 
30.10 22,80 89,04 
30.13 22,80 88,85 
30.17 22,80 88,85 
30.20 22,79 88,85 
30.23 22,60 88,85 
30.27 22,60 88,66 
30.30 22,60 88,47 
30.33 22,60 88,28 
30.37 22,60 88,09 
30.40 22,60 87,90 
30.43 22,59 87,71 
30.47 22,59 87,71 
30.50 22,41 87,71 
30.53 22,41 87,71 
30.57 22,41 87,71 
30.60 22,41 87,71 
30.63 22,40 87,52 
30.67 22,39 87,53 
30.70 22,38 87,71 
30.73 22,36 87,71 
30.77 22,37 87,90 
30.80 22,37 88,09 
30.83 22,37 88,28 
30.87 22,36 88,47 
30.90 22,36 88,66 
30.93 22,35 88,85 
30.97 22,35 89,04 
31.00 22,34 89,04 
31.03 22,34 89,23 
31.07 22,34 89,42 
31.10 22,34 89,61 
31.13 22,52 89,61 
31.17 22,51 89,61 
31.20 22,51 89,80 
31.23 22,51 89,80 
31.27 22,52 89,99 
31.30 22,71 89,99 
31.33 22,71 89,99 
31.37 22,89 89,98 
31.40 22,88 89,98 
31.43 22,89 89,99 
31.47 23,08 90,17 
31.50 23,08 90,17 
31.53 23,26 90,17 
31.57 23,27 90,17 
31.60 23,45 90,36 
31.63 23,45 90,36 
31.67 23,63 90,55 
31.70 23,63 90,55 
31.73 23,63 90,74 
31.77 23,63 90,93 
31.80 23,64 90,93 
31.83 23,82 91,12 
31.87 23,82 91,12 
31.90 23,82 91,12 
31.93 23,83 91,12 
31.97 23,83 90,93 
32.00 23,83 90,55 
32.03 23,83 89,79 
32.07 23,83 88,28 
32.10 24,01 86,58 
32.13 24,01 84,50 
32.17 24,20 82,41 
32.20 24,20 80,33 
32.23 24,20 78,25 
32.27 24,21 76,36 
32.30 24,40 74,27 
32.33 24,58 72,19 
32.37 24,58 70,11 
32.40 24,58 68,22 
32.43 24,77 66,32 
32.47 24,95 64,24 
32.50 24,96 62,35 
32.53 24,97 60,46 
32.57 24,97 58,76 
32.60 24,98 57,05 
32.63 25,00 55,16 
32.67 25,01 53,26 
32.70 25,01 51,56 
32.73 25,02 49,67 
32.77 25,02 47,77 
32.80 25,01 45,88 
32.83 25,00 43,99 
32.87 24,81 42,28 
32.90 24,63 40,39 
32.93 24,63 38,31 
32.97 24,61 36,42 
33.00 24,43 34,52 
33.03 24,25 32,63 
33.07 24,25 30,55 
33.10 24,25 28,47 
33.13 24,23 26,39 
33.17 24,06 24,31 
33.20 24,05 22,22 
33.23 23,88 20,14 
33.27 23,89 18,06 
33.30 23,70 15,98 
33.33 23,70 13,90 
33.37 23,52 12,00 
33.40 23,51 10,11 
33.43 23,33 8,41 
33.47 23,31 6,90 
33.50 23,31 5,39 
33.53 23,11 4,44 
33.57 22,74 4,25 
33.60 22,19 5,01 
33.63 21,43 6,52 
33.67 20,87 8,60 
33.70 20,49 10,49 
33.73 20,10 12,58 
33.77 19,73 14,85 
33.80 19,16 17,12 
33.83 18,78 19,20 
33.87 18,40 21,28 
33.90 18,03 23,36 
33.93 17,66 25,44 
33.97 17,46 27,33 
34.00 17,09 29,41 
34.03 16,90 31,11 
34.07 16,71 32,82 
34.10 16,34 34,71 
34.13 16,15 36,41 
34.17 15,96 38,12 
34.20 15,78 39,82 
34.23 15,60 41,52 
34.27 15,41 43,04 
34.30 15,23 44,74 
34.33 15,22 46,06 
34.37 15,04 47,58 
34.40 15,04 48,90 
34.43 14,86 50,42 
34.47 14,85 51,74 
34.50 14,67 53,45 
34.53 14,68 54,96 
34.57 14,68 56,47 
34.60 14,68 57,99 
34.63 14,67 59,88 
34.67 14,66 61,59 
34.70 14,65 63,67 
34.73 14,65 65,94 
34.77 14,65 68,40 
34.80 14,65 70,86 
34.83 14,85 73,32 
34.87 15,04 75,78 
34.90 15,23 78,43 
34.93 15,42 81,08 
34.97 15,61 83,73 
35.00 15,81 86,19 
35.03 16,18 88,09 
35.07 16,37 89,79 
35.10 16,75 90,55 
35.13 16,94 90,93 
35.17 17,32 90,93 
35.20 17,51 90,93 
35.23 17,70 90,55 
35.27 17,70 90,55 
35.30 17,89 90,55 
35.33 17,89 90,74 
35.37 17,89 90,93 
35.40 17,90 91,12 
35.43 18,09 90,93 
35.47 18,28 90,74 
35.50 18,28 90,55 
35.53 18,47 90,17 
35.57 18,47 90,17 
35.60 18,65 90,17 
35.63 18,64 90,17 
35.67 18,64 90,36 
35.70 18,65 90,36 
35.73 18,66 90,36 
35.77 18,84 90,17 
35.80 18,85 90,17 
35.83 18,85 90,17 
35.87 19,03 89,98 
35.90 19,03 89,98 
35.93 19,02 89,98 
35.97 18,83 90,17 
36.00 18,83 90,17 
36.03 18,84 89,98 
36.07 18,84 89,98 
36.10 18,84 89,98 
36.13 18,84 89,98 
36.17 18,84 89,99 
36.20 18,85 90,17 
36.23 18,85 90,17 
36.27 18,85 90,36 
36.30 19,03 90,17 
36.33 19,02 90,17 
36.37 19,02 90,17 
36.40 18,83 90,36 
36.43 18,84 90,36 
36.47 18,84 90,36 
36.50 18,84 90,18 
36.53 18,83 89,99 
36.57 18,83 89,80 
36.60 18,64 89,80 
36.63 18,65 89,42 
36.67 18,65 89,23 
36.70 18,66 88,85 
36.73 18,65 88,47 
36.77 18,64 87,90 
36.80 18,45 87,15 
36.83 18,45 85,82 
36.87 18,45 84,31 
36.90 18,46 82,23 
36.93 18,64 79,96 
36.97 18,65 77,87 
37.00 18,84 75,41 
37.03 18,85 73,33 
37.07 19,04 71,25 
37.10 19,04 69,36 
37.13 19,23 67,27 
37.17 19,24 65,38 
37.20 19,43 63,30 
37.23 19,43 61,60 
37.27 19,61 59,70 
37.30 19,60 57,81 
37.33 19,59 55,92 
37.37 19,58 54,21 
37.40 19,40 52,70 
37.43 19,40 50,80 
37.47 19,40 49,10 
37.50 19,41 47,21 
37.53 19,40 45,50 
37.57 19,40 43,61 
37.60 19,39 41,91 
37.63 19,38 40,01 
37.67 19,36 38,12 
37.70 19,18 36,23 
37.73 19,18 34,34 
37.77 19,17 32,44 
37.80 19,17 30,36 
37.83 19,17 28,28 
37.87 19,16 26,20 
37.90 18,98 24,12 
37.93 19,00 22,04 
37.97 19,18 19,95 
38.00 19,36 17,87 
38.03 19,37 16,17 
38.07 19,56 14,28 
38.10 19,74 12,57 
38.13 19,73 11,06 
38.17 19,74 9,74 
38.20 19,92 8,41 
38.23 19,92 7,09 
38.27 20,09 5,95 
38.30 20,27 5,19 
38.33 19,91 5,20 
38.37 19,53 6,15 
38.40 18,97 7,66 
38.43 18,78 9,17 
38.47 18,59 10,88 
38.50 18,22 12,96 
38.53 18,21 14,66 
38.57 17,84 16,75 
38.60 17,84 18,45 
38.63 17,83 20,15 
38.67 17,83 21,67 
38.70 17,64 23,37 
38.73 17,45 24,70 
38.77 17,44 26,21 
38.80 17,62 27,53 
38.83 17,43 29,05 
38.87 17,43 30,38 
38.90 17,43 31,89 
38.93 17,43 33,21 
38.97 17,42 34,73 
39.00 17,41 36,05 
39.03 17,41 37,38 
39.07 17,41 38,70 
39.10 17,41 40,21 
39.13 17,41 41,54 
39.17 17,42 42,86 
39.20 17,60 44,00 
39.23 17,60 45,32 
39.27 17,60 46,65 
39.30 17,78 47,78 
39.33 17,79 48,91 
39.37 17,97 49,86 
39.40 17,98 51,00 
39.43 18,16 52,14 
39.47 18,16 53,08 
39.50 18,16 54,41 
39.53 18,35 55,35 
39.57 18,35 56,68 
39.60 18,53 57,81 
39.63 18,52 59,14 
39.67 18,52 60,65 
39.70 18,53 61,98 
39.73 18,54 63,68 
39.77 18,72 65,39 
39.80 18,73 67,47 
39.83 18,91 69,55 
39.87 18,92 71,82 
39.90 19,11 73,90 
39.93 19,29 76,36 
39.97 19,47 79,01 
40.00 19,64 81,47 
40.03 19,64 84,12 
40.07 19,83 86,39 
40.10 20,01 88,48 
40.13 20,02 89,99 
40.17 20,39 90,75 
40.20 20,40 90,94 
40.23 20,58 90,56 
40.27 20,59 89,80 
40.30 20,59 89,04 
40.33 20,58 88,66 
40.37 20,39 88,66 
40.40 20,01 88,85 
40.43 19,64 89,42 
40.47 19,44 89,42 
40.50 19,06 89,42 
40.53 18,68 89,04 
40.57 18,29 88,85 
40.60 17,73 88,47 
40.63 17,35 88,29 
40.67 16,60 88,47 
40.70 16,03 88,29 
40.73 15,27 88,29 
40.77 14,33 88,29 
40.80 13,39 88,10 
40.83 12,44 87,91 
40.87 11,30 88,10 
40.90 9,98 88,10 
40.93 8,65 88,29 
40.97 7,14 88,66 
41.00 5,81 89,04 
41.03 4,49 89,80 
41.07 2,97 90,55 
41.10 1,84 90,93 
41.13 0,51 91,69 
41.17 -0,81 92,07 
41.20 -1,95 92,45 
41.23 -3,27 92,83 
41.27 -4,41 93,21 
41.30 -5,55 93,21 
41.33 -6,68 92,83 
41.37 -7,82 92,45 
41.40 -8,77 92,26 
41.43 -9,72 91,88 
41.47 -10,66 91,69 
41.50 -11,42 91,32 
41.53 -12,18 91,13 
41.57 -12,93 90,75 
41.60 -13,51 90,37 
41.63 -14,08 89,80 
41.67 -14,65 89,61 
41.70 -15,22 89,42 
41.73 -15,79 89,23 
41.77 -16,36 89,04 
41.80 -16,93 88,67 
41.83 -17,69 88,67 
41.87 -18,26 88,29 
41.90 -18,82 87,72 
41.93 -19,20 87,91 
41.97 -19,01 88,29 
42.00 -18,82 88,29 
42.03 -18,63 88,48 
42.07 -18,44 88,67 
42.10 -18,25 88,48 
42.13 -18,25 88,67 
42.17 -18,06 88,86 
42.20 -17,68 88,86 
42.23 -17,49 89,05 
42.27 -17,11 88,86 
42.30 -16,92 88,86 
42.33 -16,73 88,86 
42.37 -16,73 88,86 
42.40 -16,73 88,48 
42.43 -16,54 88,48 
42.47 -16,35 88,10 
42.50 -16,35 88,10 
42.53 -16,16 88,10 
42.57 -15,97 87,91 
42.60 -15,98 87,91 
42.63 -15,97 87,91 
42.67 -15,78 87,72 
42.70 -15,59 87,34 
42.73 -15,59 87,53 
42.77 -15,40 87,34 
42.80 -15,21 86,96 
42.83 -15,03 86,77 
42.87 -14,84 86,58 
42.90 -14,66 86,40 
42.93 -14,47 86,21 
42.97 -14,29 86,02 
43.00 -14,28 86,02 
43.03 -14,08 85,83 
43.07 -13,89 85,64 
43.10 -13,70 85,45 
43.13 -13,50 85,45 
43.17 -13,13 85,07 
43.20 -13,13 85,07 
43.23 -12,93 84,88 
43.27 -12,74 84,69 
43.30 -12,55 84,50 
43.33 -12,36 84,31 
43.37 -12,35 84,31 
43.40 -12,35 84,31 
43.43 -12,35 84,32 
43.47 -12,35 84,32 
43.50 -12,36 84,32 
43.53 -12,36 84,32 
43.57 -12,37 84,51 
43.60 -12,38 84,50 
43.63 -12,56 84,69 
43.67 -12,38 84,50 
43.70 -12,39 84,50 
43.73 -12,39 84,50 
43.77 -12,40 84,50 
43.80 -12,40 84,50 
43.83 -12,41 84,69 
43.87 -12,41 84,69 
43.90 -12,41 84,69 
43.93 -12,41 84,69 
43.97 -12,41 84,69 
44.00 -12,41 84,69 
44.03 -12,41 84,69 
44.07 -12,41 84,69 
44.10 -12,41 84,69 
44.13 -12,41 84,69 
44.17 -12,40 84,69 
44.20 -12,40 84,88 
44.23 -12,40 84,88 
44.27 -12,40 84,88 
44.30 -12,40 84,88 
44.33 -12,40 84,88 
44.37 -12,40 84,88 
44.40 -12,40 84,88 
44.43 -12,40 84,87 
44.47 -12,40 84,87 
44.50 -12,40 84,87 
44.53 -12,40 84,87 
44.57 -12,40 84,87 
44.60 -12,40 84,87 
44.63 -12,40 84,87 
44.67 -12,40 84,87 
44.70 -12,40 84,87 
44.73 -12,40 84,87 
