#Kinovea Trajectory data export
#T X Y

# Trajectory 1
0.03 -28,99 18,33
0.07 -28,99 18,33
0.10 -28,99 18,33
0.13 -28,99 18,33
0.17 -28,99 18,33
0.20 -28,99 18,33
0.23 -28,99 18,33
0.27 -28,99 18,33
0.30 -28,99 18,33
0.33 -28,99 18,33
0.37 -28,99 18,33
0.40 -28,99 18,33
0.43 -28,99 18,33
0.47 -28,99 18,33
0.50 -28,99 18,33
0.53 -28,99 18,33
0.57 -28,99 18,33
0.60 -28,99 18,33
0.63 -28,99 18,33
0.67 -28,99 18,33
0.70 -28,99 18,33
0.73 -28,99 18,33
0.77 -28,99 18,33
0.80 -28,99 18,33
0.83 -28,99 18,33
0.87 -28,99 18,33
0.90 -28,99 18,33
0.93 -28,99 18,33
0.97 -28,99 18,32
1.00 -28,99 18,32
1.03 -28,99 18,32
1.07 -28,99 18,32
1.10 -28,99 18,32
1.13 -29,00 18,32
1.17 -29,00 18,32
1.20 -29,00 18,32
1.23 -29,00 18,32
1.27 -29,00 18,32
1.30 -29,00 18,32
1.33 -29,00 18,32
1.37 -29,00 18,32
1.40 -29,00 18,32
1.43 -29,00 18,32
1.47 -29,00 18,32
1.50 -29,00 18,32
1.53 -29,00 18,32
1.57 -29,00 18,32
1.60 -29,00 18,32
1.63 -29,00 18,32
1.67 -29,00 18,32
1.70 -29,00 18,14
1.73 -29,00 18,14
1.77 -29,00 18,14
1.80 -29,00 18,14
1.83 -29,00 18,15
1.87 -29,00 18,15
1.90 -29,00 18,15
1.93 -29,00 18,15
1.97 -29,00 18,15
2.00 -29,00 18,15
2.03 -29,01 18,15
2.07 -29,01 18,15
2.10 -29,01 18,15
2.13 -29,01 18,15
2.17 -29,01 18,15
2.20 -29,01 18,15
2.23 -29,01 18,15
2.27 -29,01 18,15
2.30 -29,01 18,15
2.33 -29,02 18,15
2.37 -29,02 18,15
2.40 -29,02 18,15
2.43 -29,02 18,15
2.47 -29,02 18,15
2.50 -29,02 18,15
2.53 -29,02 18,15
2.57 -29,02 18,15
2.60 -29,02 18,15
2.63 -29,03 18,15
2.67 -29,03 18,15
2.70 -29,03 18,15
2.73 -29,03 18,15
2.77 -29,03 18,15
2.80 -29,03 18,15
2.83 -29,03 18,14
2.87 -29,03 18,14
2.90 -29,04 18,14
2.93 -29,04 18,14
2.97 -29,04 18,14
3.00 -29,04 18,14
3.03 -29,04 18,14
3.07 -29,04 18,14
3.10 -29,04 18,13
3.13 -29,05 18,13
3.17 -29,05 18,13
3.20 -29,05 18,13
3.23 -29,05 18,13
3.27 -29,05 18,13
3.30 -29,05 18,13
3.33 -29,05 18,13
3.37 -29,06 18,13
3.40 -29,06 18,13
3.43 -29,06 18,13
3.47 -29,06 18,13
3.50 -29,06 18,13
3.53 -29,06 17,95
3.57 -29,06 17,95
3.60 -29,06 17,96
3.63 -29,07 18,13
3.67 -29,06 18,13
3.70 -29,06 18,31
3.73 -28,89 18,31
3.77 -29,06 18,13
3.80 -29,07 17,96
3.83 -29,07 18,13
3.87 -29,07 18,13
3.90 -29,07 18,13
3.93 -29,07 18,13
3.97 -29,07 18,13
4.00 -29,08 18,13
4.03 -29,08 18,13
4.07 -29,08 18,13
4.10 -29,08 18,13
4.13 -29,08 18,13
4.17 -29,08 18,13
4.20 -29,09 18,13
4.23 -29,09 18,13
4.27 -29,09 18,13
4.30 -29,09 18,31
4.33 -28,91 18,31
4.37 -28,91 18,32
4.40 -29,09 18,32
4.43 -29,27 18,14
4.47 -29,09 18,31
4.50 -29,10 18,31
4.53 -29,10 18,13
4.57 -29,10 18,14
4.60 -29,10 18,31
4.63 -29,10 18,13
4.67 -29,11 18,14
4.70 -29,11 18,14
4.73 -29,11 18,14
4.77 -29,11 18,14
4.80 -29,11 18,14
4.83 -29,11 18,14
4.87 -29,12 18,14
4.90 -29,12 18,14
4.93 -29,12 18,14
4.97 -29,12 18,15
5.00 -29,12 18,32
5.03 -29,12 18,32
5.07 -28,94 18,50
5.10 -28,95 18,50
5.13 -28,77 18,68
5.17 -28,77 18,86
5.20 -28,59 19,21
5.23 -28,41 19,75
5.27 -28,23 20,28
5.30 -27,88 20,82
5.33 -27,70 21,53
5.37 -27,34 22,24
5.40 -26,99 22,78
5.43 -26,81 23,31
5.47 -26,46 23,67
5.50 -26,28 23,85
5.53 -26,10 23,85
5.57 -25,74 23,67
5.60 -25,39 23,49
5.63 -25,20 23,31
5.67 -24,85 23,31
5.70 -24,67 23,31
5.73 -24,49 23,31
5.77 -24,31 23,31
5.80 -24,13 23,14
5.83 -23,96 23,14
5.87 -23,95 22,96
5.90 -23,78 22,96
5.93 -23,60 22,78
5.97 -23,60 22,60
6.00 -23,42 22,60
6.03 -23,42 22,60
6.07 -23,42 22,78
6.10 -23,42 22,96
6.13 -23,24 23,13
6.17 -23,24 23,31
6.20 -23,06 23,49
6.23 -22,89 23,67
6.27 -22,71 24,03
6.30 -22,35 24,21
6.33 -22,00 24,38
6.37 -21,64 24,56
6.40 -21,46 24,74
6.43 -20,93 24,92
6.47 -20,39 25,10
6.50 -19,86 25,10
6.53 -19,32 25,10
6.57 -18,79 25,10
6.60 -18,08 25,10
6.63 -17,36 24,92
6.67 -16,65 24,74
6.70 -15,94 24,39
6.73 -15,23 24,21
6.77 -14,51 23,85
6.80 -13,80 23,68
6.83 -12,91 23,50
6.87 -12,19 23,32
6.90 -11,48 23,14
6.93 -10,77 22,96
6.97 -10,23 22,96
7.00 -9,52 22,96
7.03 -9,16 23,14
7.07 -8,63 23,14
7.10 -8,09 23,32
7.13 -7,74 23,32
7.17 -7,38 23,68
7.20 -7,20 23,85
7.23 -6,85 24,03
7.27 -6,67 24,21
7.30 -6,31 24,39
7.33 -5,95 24,75
7.37 -5,60 25,10
7.40 -5,24 25,28
7.43 -4,88 25,64
7.47 -4,35 25,99
7.50 -3,82 26,17
7.53 -3,46 26,35
7.57 -3,10 26,53
7.60 -2,75 26,71
7.63 -2,39 26,89
7.67 -2,03 27,07
7.70 -1,68 27,25
7.73 -1,32 27,25
7.77 -0,96 27,42
7.80 -0,79 27,42
7.83 -0,43 27,25
7.87 -0,25 27,24
7.90 0,11 27,07
7.93 0,29 26,89
7.97 0,64 26,71
8.00 0,82 26,53
8.03 1,18 26,35
8.07 1,35 26,17
8.10 1,53 26,00
8.13 1,71 25,82
8.17 1,89 25,64
8.20 2,24 25,46
8.23 2,24 25,28
8.27 2,42 25,10
8.30 2,60 24,92
8.33 2,78 24,92
8.37 2,96 24,92
8.40 2,96 24,92
8.43 2,96 24,92
8.47 2,96 24,92
8.50 2,96 24,92
8.53 2,96 24,74
8.57 3,14 24,74
8.60 3,14 24,56
8.63 3,14 24,38
8.67 3,14 24,38
8.70 3,14 24,38
8.73 2,96 24,38
8.77 2,96 24,56
8.80 2,78 24,56
8.83 2,60 24,74
8.87 2,60 24,74
8.90 2,60 24,74
8.93 2,60 24,56
8.97 2,60 24,20
9.00 2,78 24,03
9.03 2,96 23,85
9.07 3,14 23,67
9.10 3,14 23,67
9.13 3,32 23,67
9.17 3,32 23,85
9.20 3,32 24,02
9.23 3,32 24,02
9.27 3,32 24,20
9.30 3,32 24,38
9.33 3,32 24,56
9.37 3,14 24,74
9.40 2,96 24,91
9.43 2,78 24,91
9.47 2,78 25,09
9.50 2,60 25,09
9.53 2,60 25,09
9.57 2,60 24,91
9.60 2,60 24,73
9.63 2,60 24,73
9.67 2,60 24,74
9.70 2,78 24,92
9.73 2,96 25,27
9.77 2,96 25,45
9.80 2,96 25,63
9.83 3,14 25,81
9.87 3,31 25,81
9.90 3,31 25,81
9.93 3,49 25,98
9.97 3,67 25,98
10.00 3,67 25,98
10.03 3,85 25,99
10.07 3,85 25,99
10.10 4,03 25,99
10.13 4,20 25,99
10.17 4,38 25,99
10.20 4,38 25,81
10.23 4,56 25,81
10.27 4,74 25,63
10.30 4,92 25,63
10.33 5,10 25,45
10.37 5,10 25,45
10.40 5,28 25,27
10.43 5,45 25,10
10.47 5,63 25,09
10.50 5,81 24,92
10.53 5,81 24,74
10.57 5,99 24,74
10.60 5,99 24,56
10.63 5,99 24,56
10.67 5,99 24,38
10.70 6,17 24,38
10.73 6,17 24,38
10.77 6,17 24,20
10.80 6,17 24,20
10.83 6,35 24,20
10.87 6,35 24,20
10.90 6,17 24,20
10.93 6,17 24,20
10.97 6,17 24,20
11.00 5,99 24,02
11.03 5,99 24,02
11.07 5,99 24,02
11.10 5,99 23,84
11.13 5,99 23,67
11.17 6,17 23,67
11.20 6,17 23,49
11.23 6,17 23,49
11.27 6,35 23,31
11.30 6,35 23,31
11.33 6,53 23,31
11.37 6,53 23,32
11.40 6,70 23,49
11.43 6,88 23,49
11.47 6,88 23,49
11.50 7,06 23,67
11.53 7,24 23,67
11.57 7,24 23,67
11.60 7,24 23,67
11.63 7,24 23,67
11.67 7,24 23,67
11.70 7,42 23,85
11.73 7,42 23,85
11.77 7,42 23,85
11.80 7,42 24,03
11.83 7,42 24,03
11.87 7,42 24,03
11.90 7,59 24,03
11.93 7,59 24,03
11.97 7,59 24,03
12.00 7,59 24,21
12.03 7,59 24,20
12.07 7,59 24,20
12.10 7,60 24,20
12.13 7,77 24,20
12.17 7,77 24,03
12.20 7,77 24,03
12.23 7,77 24,02
12.27 7,95 23,85
12.30 7,95 23,85
12.33 7,95 23,85
12.37 7,95 23,85
12.40 7,95 23,67
12.43 8,13 23,67
12.47 8,31 23,67
12.50 8,31 23,49
12.53 8,31 23,31
12.57 8,31 23,31
12.60 8,31 23,31
12.63 8,31 23,31
12.67 8,31 23,31
12.70 8,49 23,31
12.73 8,49 23,31
12.77 8,67 23,31
12.80 8,67 23,32
12.83 8,84 23,31
12.87 9,02 23,14
12.90 9,02 23,14
12.93 9,02 23,14
12.97 9,20 23,14
13.00 9,20 23,32
13.03 9,20 23,32
13.07 9,20 23,32
13.10 9,20 23,32
13.13 9,38 23,33
13.17 9,20 23,32
13.20 9,38 23,14
13.23 9,20 22,97
13.27 9,20 22,97
13.30 9,20 22,79
13.33 9,20 22,79
13.37 9,20 22,79
13.40 9,20 22,79
13.43 9,19 22,79
13.47 9,19 22,61
13.50 9,19 22,61
13.53 9,36 22,61
13.57 9,36 22,43
13.60 9,36 22,43
13.63 9,36 22,43
13.67 9,35 22,25
13.70 9,35 22,26
13.73 9,35 22,43
13.77 9,35 22,43
13.80 9,35 22,43
13.83 9,35 22,61
13.87 9,35 22,61
13.90 9,34 22,61
13.93 9,34 22,79
13.97 9,16 22,79
14.00 9,17 22,79
14.03 9,17 22,79
14.07 9,17 22,78
14.10 9,17 22,61
14.13 9,17 22,61
14.17 8,99 22,43
14.20 8,99 22,25
14.23 8,99 22,25
14.27 8,99 22,25
14.30 8,99 22,43
14.33 8,99 22,43
14.37 8,99 22,61
14.40 8,99 22,61
14.43 8,99 22,61
14.47 9,17 22,60
14.50 9,17 22,43
14.53 9,17 22,43
14.57 9,17 22,25
14.60 9,17 22,25
14.63 9,17 22,07
14.67 9,35 21,89
14.70 9,34 21,89
14.73 9,34 21,71
14.77 9,34 21,36
14.80 9,34 21,18
14.83 9,34 21,00
14.87 9,35 20,64
14.90 9,52 20,46
14.93 9,52 20,10
14.97 9,53 19,75
15.00 9,53 19,39
15.03 9,70 19,21
15.07 9,70 18,86
15.10 9,70 18,50
15.13 9,70 18,14
15.17 9,88 17,78
15.20 9,88 17,43
15.23 10,06 16,89
15.27 10,06 16,54
15.30 10,06 16,18
15.33 10,23 15,82
15.37 10,23 15,29
15.40 10,23 14,93
15.43 10,23 14,58
15.47 10,23 14,22
15.50 10,24 13,86
15.53 10,24 13,33
15.57 10,24 12,97
15.60 10,41 12,61
15.63 10,24 12,08
15.67 10,24 11,72
15.70 10,24 11,37
15.73 10,24 10,83
15.77 10,06 10,30
15.80 10,06 9,76
15.83 9,88 9,41
15.87 9,70 8,87
15.90 9,70 8,51
15.93 9,53 7,98
15.97 9,52 7,44
16.00 9,35 6,91
16.03 9,17 6,37
16.07 9,17 5,84
16.10 8,99 5,30
16.13 8,81 4,77
16.17 8,81 4,24
16.20 8,63 3,70
16.23 8,46 3,17
16.27 8,28 2,81
16.30 8,28 2,28
16.33 8,10 1,92
16.37 7,92 1,38
16.40 7,74 1,03
16.43 7,57 0,49
16.47 7,57 0,14
16.50 7,21 -0,40
16.53 7,21 -0,76
16.57 6,85 -1,29
16.60 6,67 -1,83
16.63 6,50 -2,36
16.67 6,32 -2,90
16.70 6,14 -3,43
16.73 5,78 -4,15
16.77 5,61 -4,68
16.80 5,61 -5,22
16.83 5,43 -5,93
16.87 5,25 -6,46
16.90 5,07 -7,00
16.93 5,07 -7,54
16.97 4,89 -8,07
17.00 4,71 -8,61
17.03 4,71 -9,14
17.07 4,53 -9,68
17.10 4,36 -10,21
17.13 4,35 -10,75
17.17 4,18 -11,28
17.20 4,00 -11,82
17.23 3,82 -12,35
17.27 3,82 -12,89
17.30 3,64 -13,42
17.33 3,46 -13,96
17.37 3,29 -14,49
17.40 3,28 -15,03
17.43 3,11 -15,56
17.47 2,93 -16,09
17.50 2,93 -16,45
17.53 2,93 -16,98
17.57 2,75 -17,34
17.60 2,57 -17,88
17.63 2,57 -18,23
17.67 2,57 -18,77
17.70 2,57 -19,12
17.73 2,57 -19,48
17.77 2,57 -19,83
17.80 2,57 -20,19
17.83 2,57 -20,54
17.87 2,57 -20,72
17.90 2,57 -21,08
17.93 2,57 -21,26
17.97 2,57 -21,61
18.00 2,57 -21,79
18.03 2,74 -21,97
18.07 2,74 -22,15
18.10 2,74 -22,32
18.13 2,74 -22,32
18.17 2,56 -22,50
18.20 2,57 -22,51
18.23 2,57 -22,51
18.27 2,57 -22,51
18.30 2,57 -22,51
18.33 2,57 -22,33
18.37 2,57 -21,97
18.40 2,57 -21,61
18.43 2,57 -21,26
18.47 2,57 -20,72
18.50 2,57 -20,01
18.53 2,57 -19,30
18.57 2,57 -18,58
18.60 2,57 -17,69
18.63 2,57 -16,80
18.67 2,39 -15,91
18.70 2,40 -14,84
18.73 2,39 -13,77
18.77 2,39 -13,24
18.80 2,22 -11,99
18.83 2,22 -10,92
18.87 2,22 -9,85
18.90 2,22 -8,78
18.93 2,21 -7,71
18.97 2,04 -6,64
19.00 2,04 -5,39
19.03 2,04 -4,15
19.07 2,04 -2,90
19.10 2,04 -1,83
19.13 2,04 -0,58
19.17 2,04 0,85
19.20 2,22 2,09
19.23 2,22 3,34
19.27 2,40 4,77
19.30 2,57 6,01
19.33 2,75 7,26
19.37 2,93 8,51
19.40 3,11 9,76
19.43 3,46 11,01
19.47 3,64 12,08
19.50 3,82 13,15
19.53 4,18 14,22
19.57 4,36 15,11
19.60 4,71 16,18
19.63 5,07 16,89
19.67 5,25 17,79
19.70 5,60 18,68
19.73 5,78 19,39
19.77 6,14 20,28
19.80 6,50 20,82
19.83 6,67 21,35
19.87 6,85 21,71
19.90 7,03 21,88
19.93 7,21 21,88
19.97 7,21 21,88
20.00 7,39 21,71
20.03 7,39 21,71
20.07 7,21 21,71
20.10 7,21 21,88
20.13 7,21 22,06
20.17 7,03 22,06
20.20 6,85 22,06
20.23 6,85 22,24
20.27 6,67 22,06
20.30 6,50 22,06
20.33 6,49 21,88
20.37 6,32 21,70
20.40 6,14 21,35
20.43 5,96 21,17
20.47 5,78 20,81
20.50 5,78 20,46
20.53 5,60 20,10
20.57 5,43 19,75
20.60 5,43 19,21
20.63 5,43 18,86
20.67 5,25 18,32
20.70 5,07 17,61
20.73 5,07 17,07
20.77 5,07 16,54
20.80 5,07 16,00
20.83 4,89 15,29
20.87 4,72 14,76
20.90 4,71 14,04
20.93 4,54 13,51
20.97 4,54 12,97
21.00 4,36 12,26
21.03 4,36 11,55
21.07 4,36 10,83
21.10 4,18 10,12
21.13 4,00 9,23
21.17 4,00 8,51
21.20 4,00 7,62
21.23 4,00 6,91
21.27 3,82 6,02
21.30 3,82 5,31
21.33 3,64 4,41
21.37 3,64 3,52
21.40 3,64 2,81
21.43 3,46 1,92
21.47 3,28 1,03
21.50 3,28 0,14
21.53 3,11 -0,58
21.57 2,93 -1,65
21.60 2,93 -2,36
21.63 2,93 -3,25
21.67 2,93 -4,14
21.70 2,93 -5,03
21.73 2,75 -5,92
21.77 2,75 -6,64
21.80 2,75 -7,53
21.83 2,57 -8,42
21.87 2,57 -9,13
21.90 2,75 -9,85
21.93 2,57 -10,56
21.97 2,57 -11,28
22.00 2,57 -11,99
22.03 2,57 -12,70
22.07 2,57 -13,41
22.10 2,75 -13,95
22.13 2,75 -14,49
22.17 2,75 -15,20
22.20 2,93 -15,73
22.23 2,93 -16,27
22.27 2,93 -16,80
22.30 2,93 -17,34
22.33 2,93 -17,87
22.37 2,93 -18,41
22.40 2,93 -18,76
22.43 2,93 -19,12
22.47 2,75 -19,66
22.50 2,75 -20,01
22.53 2,57 -20,55
22.57 2,57 -20,91
22.60 2,57 -21,26
22.63 2,57 -21,62
22.67 2,39 -21,97
22.70 2,21 -22,33
22.73 2,21 -22,51
22.77 2,21 -22,69
22.80 2,03 -23,05
22.83 2,03 -23,22
22.87 1,86 -23,40
22.90 1,68 -23,58
22.93 1,68 -23,58
22.97 1,50 -23,76
23.00 1,50 -23,58
23.03 1,32 -23,41
23.07 1,32 -23,23
23.10 1,14 -22,87
23.13 1,14 -22,33
23.17 0,97 -21,80
23.20 0,97 -21,09
23.23 0,79 -20,20
23.27 0,79 -19,31
23.30 0,79 -18,41
23.33 0,79 -17,35
23.37 0,79 -16,28
23.40 0,79 -15,21
23.43 0,61 -13,96
23.47 0,61 -12,71
23.50 0,61 -11,29
23.53 0,43 -10,04
23.57 0,43 -8,61
23.60 0,43 -7,18
23.63 0,43 -5,76
23.67 0,43 -4,33
23.70 0,43 -2,91
23.73 0,43 -1,66
23.77 0,61 -0,06
23.80 0,44 1,19
23.83 0,61 2,62
23.87 0,61 4,05
23.90 0,79 5,48
23.93 0,79 6,90
23.97 0,97 8,33
24.00 1,15 9,58
24.03 1,15 10,83
24.07 1,33 12,07
24.10 1,51 13,14
24.13 1,69 14,21
24.17 1,86 15,28
24.20 2,04 16,17
24.23 2,04 16,89
24.27 2,22 17,78
24.30 2,40 18,49
24.33 2,58 19,02
24.37 2,58 19,74
24.40 2,75 20,27
24.43 2,93 20,81
24.47 2,93 21,16
24.50 2,93 21,52
24.53 3,11 21,70
24.57 3,11 22,05
24.60 3,11 22,23
24.63 3,11 22,41
24.67 3,11 22,41
24.70 2,93 22,58
24.73 2,93 22,58
24.77 2,75 22,59
24.80 2,57 22,76
24.83 2,39 22,76
24.87 2,22 22,94
24.90 2,22 23,12
24.93 2,04 23,12
24.97 1,86 23,29
25.00 1,86 23,30
25.03 1,68 23,47
25.07 1,68 23,65
25.10 1,68 23,65
25.13 1,50 23,66
25.17 1,50 23,66
25.20 1,50 23,48
25.23 1,50 23,30
25.27 1,50 23,12
25.30 1,50 22,95
25.33 1,50 22,59
25.37 1,50 22,41
25.40 1,32 22,06
25.43 1,32 21,88
25.47 1,32 21,52
25.50 1,32 20,99
25.53 1,32 20,63
25.57 1,50 20,10
25.60 1,50 19,56
25.63 1,50 19,03
25.67 1,68 18,49
25.70 1,68 17,78
25.73 1,68 17,07
25.77 1,68 16,35
25.80 1,68 15,64
25.83 1,85 14,93
25.87 1,85 14,04
25.90 1,85 13,32
25.93 1,85 12,61
25.97 1,85 11,72
26.00 1,67 10,83
26.03 1,67 10,11
26.07 1,49 9,22
26.10 1,49 8,33
26.13 1,49 7,44
26.17 1,31 6,55
26.20 1,31 5,84
26.23 1,13 4,95
26.27 1,13 4,06
26.30 0,95 3,34
26.33 0,77 2,45
26.37 0,77 1,56
26.40 0,77 0,84
26.43 0,59 -0,05
26.47 0,42 -0,94
26.50 0,41 -1,65
26.53 0,24 -2,55
26.57 0,24 -3,26
26.60 0,06 -4,15
26.63 0,06 -4,86
26.67 -0,12 -5,76
26.70 -0,30 -6,65
26.73 -0,48 -7,54
26.77 -0,48 -8,25
26.80 -0,66 -9,14
26.83 -0,66 -9,86
26.87 -0,84 -10,75
26.90 -1,01 -11,64
26.93 -1,01 -12,35
26.97 -1,19 -13,07
27.00 -1,19 -13,78
27.03 -1,37 -14,67
27.07 -1,37 -15,38
27.10 -1,55 -16,09
27.13 -1,54 -16,63
27.17 -1,55 -17,34
27.20 -1,55 -17,88
27.23 -1,72 -18,59
27.27 -1,72 -19,13
27.30 -1,73 -19,66
27.33 -1,90 -20,19
27.37 -1,90 -20,55
27.40 -1,90 -21,08
27.43 -1,90 -21,44
27.47 -1,90 -21,80
27.50 -1,90 -22,16
27.53 -1,90 -22,51
27.57 -1,90 -22,87
27.60 -1,90 -23,23
27.63 -1,72 -23,40
27.67 -1,72 -23,76
27.70 -1,72 -23,94
27.73 -1,55 -24,11
27.77 -1,55 -24,29
27.80 -1,37 -24,29
27.83 -1,37 -24,47
27.87 -1,19 -24,47
27.90 -1,01 -24,29
27.93 -1,01 -24,11
27.97 -1,01 -23,94
28.00 -1,01 -23,40
28.03 -0,83 -23,05
28.07 -0,83 -22,51
28.10 -0,66 -21,80
28.13 -0,66 -21,08
28.17 -0,65 -20,19
28.20 -0,48 -19,13
28.23 -0,30 -18,23
28.27 -0,30 -16,99
28.30 -0,30 -15,92
28.33 -0,12 -14,67
28.37 0,06 -13,42
28.40 0,24 -11,99
28.43 0,41 -10,75
28.47 0,41 -9,32
28.50 0,59 -7,89
28.53 0,77 -6,47
28.57 0,77 -5,04
28.60 0,95 -3,62
28.63 1,13 -2,19
28.67 1,31 -0,77
28.70 1,49 0,48
28.73 1,84 1,91
28.77 2,02 3,33
28.80 2,20 4,58
28.83 2,38 6,01
28.87 2,55 7,26
28.90 2,73 8,68
28.93 2,91 9,93
28.97 3,09 11,00
29.00 3,27 12,07
29.03 3,62 13,14
29.07 3,80 14,03
29.10 3,98 15,10
29.13 4,16 15,81
29.17 4,34 16,71
29.20 4,69 17,42
29.23 4,69 18,13
29.27 5,05 18,67
29.30 5,23 19,38
29.33 5,40 19,92
29.37 5,40 20,45
29.40 5,58 20,98
29.43 5,76 21,34
29.47 5,94 21,52
29.50 5,94 21,70
29.53 5,94 21,70
29.57 5,94 21,70
29.60 5,76 21,70
29.63 5,76 21,69
29.67 5,40 21,69
29.70 5,22 21,70
29.73 5,05 21,87
29.77 4,69 21,87
29.80 4,51 21,69
29.83 4,15 21,69
29.87 3,98 21,52
29.90 3,62 21,34
29.93 3,44 21,16
29.97 3,26 20,80
30.00 2,91 20,45
30.03 2,73 20,09
30.07 2,55 19,74
30.10 2,37 19,38
30.13 2,37 19,03
30.17 2,19 18,49
30.20 2,19 18,14
30.23 2,02 17,60
30.27 2,02 17,07
30.30 1,84 16,53
30.33 1,84 16,00
30.37 1,84 15,28
30.40 1,84 14,75
30.43 1,83 14,04
30.47 1,66 13,32
30.50 1,83 12,79
30.53 1,66 12,08
30.57 1,66 11,36
30.60 1,83 10,83
30.63 1,83 10,11
30.67 1,83 9,40
30.70 1,83 8,69
30.73 1,65 7,98
30.77 1,83 7,26
30.80 1,65 6,55
30.83 1,65 5,84
30.87 1,65 5,13
30.90 1,65 4,59
30.93 1,48 3,88
30.97 1,47 3,17
31.00 1,30 2,46
31.03 1,30 1,74
31.07 1,12 1,03
31.10 1,12 0,14
31.13 1,12 -0,40
31.17 0,94 -1,29
31.20 0,94 -2,00
31.23 0,76 -2,89
31.27 0,76 -3,61
31.30 0,76 -4,32
31.33 0,76 -5,21
31.37 0,76 -5,92
31.40 0,76 -6,64
31.43 0,76 -7,53
31.47 0,76 -8,24
31.50 0,59 -8,95
31.53 0,59 -9,84
31.57 0,59 -10,55
31.60 0,41 -11,62
31.63 0,41 -12,33
31.67 0,23 -13,05
31.70 0,05 -13,76
31.73 0,05 -14,47
31.77 -0,13 -15,19
31.80 -0,31 -15,72
31.83 -0,49 -16,43
31.87 -0,67 -16,97
31.90 -0,67 -17,68
31.93 -0,85 -18,40
31.97 -1,02 -18,93
32.00 -1,02 -19,46
32.03 -1,02 -20,00
32.07 -1,03 -20,53
32.10 -1,03 -20,89
32.13 -1,20 -21,43
32.17 -1,20 -21,78
32.20 -1,20 -22,32
32.23 -1,03 -22,50
32.27 -1,03 -22,85
32.30 -1,02 -23,21
32.33 -0,85 -23,39
32.37 -0,84 -23,57
32.40 -0,67 -23,75
32.43 -0,67 -23,93
32.47 -0,67 -23,93
32.50 -0,49 -23,93
32.53 -0,49 -23,75
32.57 -0,49 -23,57
32.60 -0,31 -23,21
32.63 -0,31 -22,68
32.67 -0,31 -22,14
32.70 -0,31 -21,43
32.73 -0,31 -20,72
32.77 -0,31 -19,82
32.80 -0,13 -18,93
32.83 -0,13 -17,86
32.87 -0,13 -16,79
32.90 0,05 -15,54
32.93 0,05 -14,47
32.97 0,05 -13,22
33.00 0,23 -11,80
33.03 0,23 -10,55
33.07 0,40 -9,12
33.10 0,40 -7,70
33.13 0,58 -6,27
33.17 0,76 -4,85
33.20 0,76 -3,42
33.23 1,11 -1,99
33.27 1,12 -0,57
33.30 1,30 1,04
33.33 1,65 2,46
33.37 1,83 3,89
33.40 2,01 5,32
33.43 2,19 6,74
33.47 2,55 8,17
33.50 2,90 9,42
33.53 3,08 10,66
33.57 3,44 11,91
33.60 3,62 12,98
33.63 3,97 14,05
33.67 4,33 15,12
33.70 4,51 16,01
33.73 4,69 16,73
33.77 5,04 17,62
33.80 5,22 18,33
33.83 5,40 19,04
33.87 5,58 19,57
33.90 5,75 20,11
33.93 5,75 20,46
33.97 5,93 20,82
34.00 5,93 21,17
34.03 5,93 21,35
34.07 5,93 21,53
34.10 5,93 21,53
34.13 5,75 21,53
34.17 5,75 21,53
34.20 5,57 21,53
34.23 5,40 21,71
34.27 5,40 21,71
34.30 5,22 21,71
34.33 5,22 21,89
34.37 5,04 21,89
34.40 5,04 22,07
34.43 4,86 22,07
34.47 4,86 22,25
34.50 4,68 22,25
34.53 4,68 22,42
34.57 4,50 22,60
34.60 4,50 22,60
34.63 4,50 22,78
34.67 4,50 22,78
34.70 4,33 22,78
34.73 4,33 22,60
34.77 4,33 22,60
34.80 4,33 22,42
34.83 4,50 22,24
34.87 4,50 21,89
34.90 4,50 21,53
34.93 4,50 21,18
34.97 4,68 20,82
35.00 4,68 20,46
35.03 4,68 19,93
35.07 4,68 19,39
35.10 4,86 18,86
35.13 4,86 18,33
35.17 4,86 17,79
35.20 4,86 17,26
35.23 4,86 16,73
35.27 4,86 16,19
35.30 4,86 15,48
35.33 4,86 14,95
35.37 4,86 14,41
35.40 4,86 13,70
35.43 4,68 13,16
35.47 4,68 12,63
35.50 4,68 12,10
35.53 4,50 11,56
35.57 4,32 10,85
35.60 4,32 10,31
35.63 4,14 9,78
35.67 3,97 9,06
35.70 3,79 8,35
35.73 3,79 7,82
35.77 3,61 7,11
35.80 3,43 6,57
35.83 3,25 5,86
35.87 3,08 5,14
35.90 3,08 4,43
35.93 2,90 3,72
35.97 2,72 3,00
36.00 2,54 2,29
36.03 2,54 1,58
36.07 2,36 0,69
36.10 2,19 -0,03
36.13 2,19 -0,92
36.17 2,19 -1,63
36.20 2,19 -2,52
36.23 2,19 -3,41
36.27 2,18 -4,13
36.30 2,18 -4,84
36.33 2,18 -5,73
36.37 2,18 -6,45
36.40 2,00 -7,34
36.43 2,00 -8,05
36.47 2,00 -8,76
36.50 2,00 -9,47
36.53 2,00 -10,19
36.57 2,00 -10,90
36.60 1,82 -11,61
36.63 1,82 -12,15
36.67 1,82 -12,68
36.70 1,65 -13,40
36.73 1,65 -13,93
36.77 1,47 -14,47
36.80 1,47 -15,00
36.83 1,29 -15,54
36.87 1,11 -16,25
36.90 1,11 -16,61
36.93 0,93 -17,32
36.97 0,93 -17,85
37.00 0,93 -18,39
37.03 0,93 -18,75
37.07 0,76 -19,46
37.10 0,76 -19,82
37.13 0,76 -20,35
37.17 0,76 -20,88
37.20 0,76 -21,24
37.23 0,76 -21,78
37.27 0,76 -22,13
37.30 0,76 -22,67
37.33 0,76 -23,02
37.37 0,94 -23,38
37.40 0,94 -23,73
37.43 0,94 -23,91
37.47 0,94 -24,27
37.50 0,94 -24,45
37.53 0,94 -24,63
37.57 0,94 -24,63
37.60 0,94 -24,81
37.63 0,76 -24,63
37.67 0,76 -24,45
37.70 0,76 -24,09
37.73 0,76 -23,74
37.77 0,76 -23,38
37.80 0,76 -22,85
37.83 0,76 -22,13
37.87 0,58 -21,42
37.90 0,58 -20,53
37.93 0,41 -19,82
37.97 0,41 -18,92
38.00 0,41 -18,03
38.03 0,41 -16,96
38.07 0,41 -16,07
38.10 0,41 -15,00
38.13 0,41 -13,93
38.17 0,41 -13,04
38.20 0,41 -11,97
38.23 0,59 -10,90
38.27 0,59 -10,01
38.30 0,77 -8,76
38.33 0,77 -7,87
38.37 0,95 -6,80
38.40 1,13 -5,73
38.43 1,48 -4,67
38.47 1,66 -3,60
38.50 1,84 -2,53
38.53 2,01 -1,28
38.57 2,37 -0,03
38.60 2,55 1,22
38.63 2,90 2,46
38.67 3,08 3,71
38.70 3,44 5,14
38.73 3,80 6,39
38.77 3,97 7,81
38.80 4,33 9,06
38.83 4,69 10,31
38.87 5,04 11,56
38.90 5,40 12,81
38.93 5,58 13,88
38.97 5,76 14,77
39.00 6,11 15,84
39.03 6,47 16,55
39.07 6,82 17,27
39.10 7,00 17,98
39.13 7,36 18,69
39.17 7,54 19,05
39.20 7,72 19,59
39.23 7,90 20,12
39.27 8,07 20,47
39.30 8,25 20,65
39.33 8,25 20,83
39.37 8,43 21,01
39.40 8,43 21,19
39.43 8,43 21,19
39.47 8,25 21,19
39.50 8,25 21,19
39.53 8,25 21,37
39.57 8,07 21,37
39.60 7,89 21,37
39.63 7,72 21,37
39.67 7,54 21,55
39.70 7,54 21,55
39.73 7,36 21,55
39.77 7,18 21,54
39.80 7,00 21,54
39.83 6,82 21,36
39.87 6,65 21,37
39.90 6,47 21,36
39.93 6,29 21,36
39.97 6,11 21,36
40.00 6,11 21,36
40.03 5,93 21,36
40.07 5,76 21,36
40.10 5,58 21,36
40.13 5,58 21,36
40.17 5,40 21,36
40.20 5,22 21,36
40.23 5,22 21,36
40.27 5,04 21,36
40.30 5,04 21,54
40.33 4,86 21,54
40.37 4,86 21,54
40.40 4,69 21,53
40.43 4,69 21,53
40.47 4,69 21,53
40.50 4,69 21,35
40.53 4,69 21,18
40.57 4,69 21,18
40.60 4,69 21,00
40.63 4,69 20,82
40.67 4,87 20,46
40.70 4,87 20,11
40.73 5,04 19,93
40.77 5,04 19,57
40.80 5,05 19,22
40.83 5,22 18,86
40.87 5,22 18,33
40.90 5,40 17,97
40.93 5,58 17,43
40.97 5,76 16,90
41.00 5,76 16,54
41.03 5,94 15,83
41.07 6,12 15,47
41.10 6,12 14,76
41.13 6,47 14,40
41.17 6,47 13,69
41.20 6,47 13,16
41.23 6,83 12,80
41.27 6,83 12,26
41.30 7,01 11,73
41.33 7,18 11,19
41.37 7,18 10,48
41.40 7,36 9,95
41.43 7,54 9,41
41.47 7,54 8,88
41.50 7,54 8,34
41.53 7,54 7,63
41.57 7,72 7,27
41.60 7,72 6,74
41.63 7,72 6,20
41.67 7,54 5,67
41.70 7,54 5,13
41.73 7,54 4,60
41.77 7,36 4,06
41.80 7,36 3,53
41.83 7,18 2,82
41.87 7,01 2,28
41.90 6,83 1,57
41.93 6,65 0,85
41.97 6,47 0,14
42.00 6,29 -0,57
42.03 6,12 -1,29
42.07 5,76 -2,18
42.10 5,58 -2,89
42.13 5,40 -3,60
42.17 5,23 -4,31
42.20 5,05 -4,85
42.23 4,87 -5,57
42.27 4,51 -6,28
42.30 4,34 -6,99
42.33 4,34 -7,71
42.37 4,16 -8,42
42.40 3,98 -9,13
42.43 3,80 -9,85
42.47 3,62 -10,56
42.50 3,44 -11,28
42.53 3,26 -12,17
42.57 3,09 -12,70
42.60 2,91 -13,42
42.63 2,73 -14,13
42.67 2,55 -14,84
42.70 2,55 -15,37
42.73 2,55 -15,91
42.77 2,37 -16,44
42.80 2,20 -16,98
42.83 2,19 -17,52
42.87 2,02 -18,05
42.90 1,84 -18,59
42.93 1,84 -19,12
42.97 1,84 -19,48
43.00 1,66 -19,83
43.03 1,66 -20,19
43.07 1,48 -20,54
43.10 1,48 -20,72
43.13 1,48 -21,08
43.17 1,48 -21,26
43.20 1,48 -21,43
43.23 1,48 -21,43
43.27 1,30 -21,43
43.30 1,30 -21,43
43.33 1,12 -21,25
43.37 1,12 -20,89
43.40 0,94 -20,36
43.43 0,94 -19,82
43.47 0,76 -19,11
43.50 0,76 -18,40
43.53 0,76 -17,33
43.57 0,76 -16,44
43.60 0,58 -15,37
43.63 0,58 -14,30
43.67 0,58 -13,05
43.70 0,41 -11,98
43.73 0,41 -10,56
43.77 0,41 -9,31
43.80 0,40 -7,88
43.83 0,40 -6,46
43.87 0,40 -5,03
43.90 0,40 -3,61
43.93 0,40 -2,18
43.97 0,41 -0,76
44.00 0,58 0,67
44.03 0,58 1,92
44.07 0,76 3,34
44.10 0,94 4,77
44.13 1,12 6,19
44.17 1,30 7,26
44.20 1,47 8,69
44.23 1,65 9,76
44.27 1,83 11,01
44.30 2,19 12,08
44.33 2,55 12,97
44.37 2,73 14,04
44.40 3,08 14,75
44.43 3,26 15,47
44.47 3,62 16,36
44.50 3,97 17,07
44.53 4,15 17,61
44.57 4,50 18,32
44.60 4,68 18,85
44.63 4,86 19,39
44.67 5,04 19,92
44.70 5,40 20,28
44.73 5,40 20,64
44.77 5,58 20,99
44.80 5,75 21,35
44.83 5,75 21,53
44.87 5,75 21,53
44.90 5,75 21,71
44.93 5,76 21,71
44.97 5,76 21,88
45.00 5,76 21,88
45.03 5,76 21,89
45.07 5,76 21,89
45.10 5,76 22,07
45.13 5,76 22,07
45.17 5,76 22,07
45.20 5,76 22,07
45.23 5,76 22,07
45.27 5,76 22,07
45.30 5,58 21,89
45.33 5,58 21,89
45.37 5,58 21,71
45.40 5,58 21,71
45.43 5,58 21,53
45.47 5,58 21,53
45.50 5,58 21,53
45.53 5,58 21,53
45.57 5,40 21,35
45.60 5,41 21,35
45.63 5,41 21,35
45.67 5,40 21,36
45.70 5,40 21,36
45.73 5,40 21,53
45.77 5,23 21,53
45.80 5,23 21,53
45.83 5,40 21,71
45.87 5,23 21,71
45.90 5,23 21,89
45.93 5,23 21,89
45.97 5,23 21,89
46.00 5,23 21,89
46.03 5,23 21,89
46.07 5,23 21,71
46.10 5,23 21,71
46.13 5,23 21,53
46.17 5,23 21,35
46.20 5,23 21,00
46.23 5,23 20,64
46.27 5,23 20,46
46.30 5,40 20,10
46.33 5,40 19,75
46.37 5,40 19,21
46.40 5,40 18,85
46.43 5,40 18,32
46.47 5,40 17,78
46.50 5,40 17,25
46.53 5,22 16,72
46.57 5,22 16,18
46.60 5,22 15,47
46.63 5,40 14,93
46.67 5,40 14,40
46.70 5,40 13,86
46.73 5,40 13,15
46.77 5,39 12,61
46.80 5,39 11,90
46.83 5,39 11,37
46.87 5,39 10,83
46.90 5,39 10,12
46.93 5,21 9,41
46.97 5,21 8,87
47.00 5,21 8,16
47.03 5,21 7,45
47.07 5,21 6,91
47.10 5,04 6,20
47.13 5,04 5,48
47.17 5,04 4,77
47.20 4,86 4,06
47.23 4,86 3,34
47.27 4,68 2,63
47.30 4,68 1,91
47.33 4,50 1,02
47.37 4,32 0,31
47.40 4,14 -0,40
47.43 3,97 -1,29
47.47 3,79 -2,01
47.50 3,61 -2,90
47.53 3,43 -3,79
47.57 3,25 -4,50
47.60 3,08 -5,39
47.63 2,90 -6,28
47.67 2,90 -6,99
47.70 2,72 -7,71
47.73 2,54 -8,60
47.77 2,36 -9,49
47.80 2,19 -10,20
47.83 2,19 -10,92
47.87 2,01 -11,81
47.90 1,83 -12,52
47.93 1,65 -13,23
47.97 1,65 -13,95
48.00 1,48 -14,66
48.03 1,47 -15,37
48.07 1,47 -15,91
48.10 1,29 -16,62
48.13 1,12 -17,33
48.17 1,12 -17,87
48.20 0,94 -18,40
48.23 0,94 -18,76
48.27 0,76 -19,29
48.30 0,76 -19,83
48.33 0,76 -20,18
48.37 0,76 -20,54
48.40 0,58 -20,89
48.43 0,58 -21,07
48.47 0,58 -21,25
48.50 0,40 -21,60
48.53 0,40 -21,78
48.57 0,41 -21,78
48.60 0,41 -21,96
48.63 0,41 -21,96
48.67 0,41 -21,78
48.70 0,41 -21,61
48.73 0,41 -21,43
48.77 0,23 -21,07
48.80 0,23 -20,72
48.83 0,05 -20,18
48.87 0,05 -19,65
48.90 -0,13 -19,11
48.93 -0,13 -18,40
48.97 -0,31 -17,68
49.00 -0,31 -16,79
49.03 -0,48 -15,90
49.07 -0,66 -15,19
49.10 -0,66 -14,12
49.13 -0,66 -13,23
49.17 -0,84 -12,16
49.20 -1,02 -11,09
49.23 -1,20 -10,02
49.27 -1,20 -8,77
49.30 -1,38 -7,70
49.33 -1,38 -6,63
49.37 -1,56 -5,56
49.40 -1,74 -4,49
49.43 -1,74 -3,42
49.47 -1,74 -2,35
49.50 -1,91 -1,28
49.53 -1,91 -0,22
49.57 -2,09 0,68
49.60 -2,09 1,75
49.63 -1,91 2,82
49.67 -1,91 3,71
49.70 -1,91 4,78
49.73 -1,74 5,85
49.77 -1,74 6,74
49.80 -1,56 7,81
49.83 -1,38 8,70
49.87 -1,20 9,77
49.90 -1,03 10,66
49.93 -0,67 11,55
49.97 -0,49 12,44
50.00 -0,31 13,16
50.03 0,04 14,05
50.07 0,40 14,76
50.10 0,76 15,47
50.13 1,12 16,19
50.17 1,65 16,90
50.20 2,01 17,61
50.23 2,37 18,33
50.27 2,90 18,86
50.30 3,25 19,40
50.33 3,61 19,93
50.37 3,97 20,29
50.40 4,32 20,65
50.43 4,68 21,00
50.47 5,21 21,18
50.50 5,57 21,36
50.53 5,92 21,54
50.57 6,28 21,54
50.60 6,46 21,54
50.63 6,82 21,55
50.67 7,17 21,54
50.70 7,35 21,37
50.73 7,52 21,19
50.77 7,70 21,19
50.80 7,88 21,19
50.83 7,88 21,01
50.87 8,06 21,01
50.90 8,24 21,01
50.93 8,41 21,19
50.97 8,42 21,19
51.00 8,59 21,19
51.03 8,59 21,19
51.07 8,59 21,18
51.10 8,77 21,18
51.13 8,77 21,18
51.17 8,77 21,18
51.20 8,59 21,19
51.23 8,59 21,36
51.27 8,59 21,36
51.30 8,59 21,54
51.33 8,59 21,54
51.37 8,41 21,72
51.40 8,41 21,72
51.43 8,23 21,72
51.47 8,23 21,72
51.50 8,23 21,89
51.53 8,06 21,89
51.57 8,05 21,89
51.60 7,88 21,90
51.63 7,88 22,07
51.67 7,88 22,07
51.70 7,70 22,07
51.73 7,70 22,07
51.77 7,52 22,25
51.80 7,52 22,25
51.83 7,52 22,25
51.87 7,52 22,25
51.90 7,34 22,25
51.93 7,34 22,25
51.97 7,34 22,25
52.00 7,34 22,07
52.03 7,34 22,07
52.07 7,34 22,07
52.10 7,34 21,89
52.13 7,17 21,89
52.17 7,34 21,89
52.20 7,34 21,89
52.23 7,17 21,71
52.27 7,34 21,71
52.30 7,34 21,71
52.33 7,34 21,71
52.37 7,34 21,71
52.40 7,34 21,89
52.43 7,34 21,89
52.47 7,52 22,07
52.50 7,52 22,25
52.53 7,52 22,25
52.57 7,52 22,43
52.60 7,52 22,43
52.63 7,52 22,43
52.67 7,52 22,43
52.70 7,70 22,61
52.73 7,70 22,61
52.77 7,70 22,61
52.80 7,70 22,60
52.83 7,70 22,60
52.87 7,70 22,60
52.90 7,52 22,60
52.93 7,52 22,42
52.97 7,52 22,42
53.00 7,34 22,24
53.03 7,34 21,89
53.07 7,16 21,53
53.10 7,16 21,35
53.13 7,16 21,35
53.17 6,98 21,36
53.20 6,98 21,53
53.23 6,81 21,53
53.27 6,98 21,71
53.30 6,98 21,71
53.33 6,98 21,71
53.37 7,16 21,89
53.40 6,98 21,71
53.43 6,98 21,71
53.47 6,81 21,54
53.50 6,81 21,54
53.53 6,81 21,54
53.57 6,81 21,54
53.60 6,80 21,36
53.63 6,63 21,18
53.67 6,45 20,82
53.70 6,45 20,65
53.73 6,45 20,29
53.77 6,27 19,93
53.80 6,09 19,58
53.83 6,09 19,22
53.87 5,91 18,69
53.90 5,73 18,33
53.93 5,73 17,80
53.97 5,56 17,26
54.00 5,38 16,73
54.03 5,38 16,19
54.07 5,20 15,48
54.10 5,02 14,94
54.13 4,84 14,23
54.17 4,67 13,52
54.20 4,66 12,81
54.23 4,49 12,09
54.27 4,31 11,38
54.30 4,31 10,49
54.33 4,13 9,78
54.37 3,95 9,06
54.40 3,78 8,35
54.43 3,60 7,46
54.47 3,60 6,75
54.50 3,42 6,03
54.53 3,24 5,14
54.57 3,24 4,43
54.60 3,06 3,54
54.63 2,88 2,65
54.67 2,70 1,94
54.70 2,52 1,04
54.73 2,35 -0,03
54.77 2,17 -0,92
54.80 1,99 -1,81
54.83 1,81 -2,88
54.87 1,63 -3,77
54.90 1,46 -4,84
54.93 1,28 -5,73
54.97 1,10 -6,62
55.00 1,10 -7,68
55.03 0,92 -8,57
55.07 0,92 -9,46
55.10 0,74 -10,35
55.13 0,74 -11,07
55.17 0,74 -11,96
55.20 0,56 -12,85
55.23 0,56 -13,74
55.27 0,56 -14,45
55.30 0,56 -15,34
55.33 0,56 -16,06
55.37 0,56 -16,95
55.40 0,56 -17,66
55.43 0,56 -18,38
55.47 0,39 -19,27
55.50 0,39 -19,80
55.53 0,39 -20,52
55.57 0,38 -21,23
55.60 0,21 -21,77
55.63 0,03 -22,30
55.67 0,03 -22,84
55.70 0,03 -23,19
55.73 -0,15 -23,55
55.77 -0,33 -23,91
55.80 -0,33 -24,26
55.83 -0,33 -24,44
55.87 -0,51 -24,62
55.90 -0,68 -24,98
55.93 -0,68 -25,15
55.97 -0,68 -25,16
56.00 -0,69 -25,33
56.03 -0,86 -25,33
56.07 -0,86 -25,15
56.10 -0,86 -24,80
56.13 -1,04 -24,62
56.17 -1,04 -24,44
56.20 -1,04 -24,08
56.23 -1,04 -23,55
56.27 -1,04 -23,02
56.30 -1,04 -22,48
56.33 -1,04 -21,77
56.37 -1,04 -21,23
56.40 -1,04 -20,52
56.43 -1,04 -19,81
56.47 -1,04 -19,09
56.50 -1,04 -18,38
56.53 -1,04 -17,67
56.57 -1,04 -16,95
56.60 -1,04 -16,24
56.63 -1,04 -15,35
56.67 -1,04 -14,63
56.70 -1,04 -13,74
56.73 -1,04 -12,85
56.77 -1,04 -11,96
56.80 -1,04 -11,07
56.83 -1,04 -10,18
56.87 -1,04 -9,11
56.90 -1,04 -8,04
56.93 -1,04 -7,15
56.97 -1,04 -6,08
57.00 -1,04 -4,83
57.03 -1,04 -3,76
57.07 -1,04 -2,51
57.10 -1,04 -1,27
57.13 -1,04 -0,02
57.17 -1,04 1,23
57.20 -1,04 2,48
57.23 -1,04 3,73
57.27 -1,04 5,15
57.30 -0,86 6,58
57.33 -0,86 7,65
57.37 -0,68 8,89
57.40 -0,68 9,96
57.43 -0,68 11,03
57.47 -0,50 12,10
57.50 -0,32 13,17
57.53 -0,14 14,06
57.57 0,04 14,95
57.60 0,21 15,84
57.63 0,39 16,56
57.67 0,57 17,45
57.70 0,75 18,16
57.73 1,11 18,87
57.77 1,28 19,41
57.80 1,46 19,94
57.83 1,82 20,48
57.87 2,00 21,01
57.90 2,18 21,37
57.93 2,53 21,90
57.97 2,71 22,08
58.00 2,89 22,26
58.03 3,07 22,44
58.07 3,24 22,62
58.10 3,24 22,62
58.13 3,25 22,62
58.17 3,42 22,62
58.20 3,42 22,62
58.23 3,42 22,62
58.27 3,42 22,62
58.30 3,24 22,62
58.33 3,42 22,80
58.37 3,24 22,80
58.40 3,42 22,80
58.43 3,42 22,80
58.47 3,42 22,80
58.50 3,42 22,98
58.53 3,42 22,80
58.57 3,60 22,98
58.60 3,59 22,97
58.63 3,59 22,80
58.67 3,59 22,80
58.70 3,59 22,80
58.73 3,77 22,80
58.77 3,77 22,80
58.80 3,95 22,80
58.83 3,95 22,80
58.87 3,95 22,62
58.90 3,95 22,62
58.93 3,95 22,62
58.97 4,13 22,62
59.00 4,13 22,62
59.03 4,13 22,62
59.07 4,13 22,44
59.10 4,13 22,44
59.13 4,13 22,27
59.17 4,31 22,27
59.20 4,31 22,27
59.23 4,31 22,27
59.27 4,31 22,26
59.30 4,31 22,26
59.33 4,13 22,08
59.37 4,13 22,26
59.40 4,13 22,26
59.43 3,95 22,08
59.47 3,95 22,08
59.50 3,77 22,08
59.53 3,77 22,08
59.57 3,60 21,90
59.60 3,60 21,91
59.63 3,60 21,91
59.67 3,59 21,91
59.70 3,59 22,09
59.73 3,59 22,09
59.77 3,41 22,09
59.80 3,41 22,26
59.83 3,59 22,26
59.87 3,41 22,26
59.90 3,41 22,26
59.93 3,41 22,26
59.97 3,42 22,26
60.00 3,42 22,08
60.03 3,42 22,08
60.07 3,42 22,08
60.10 3,42 21,90
60.13 3,42 21,90
60.17 3,42 21,90
60.20 3,59 21,90
60.23 3,59 21,90
60.27 3,77 21,90
60.30 3,77 21,90
60.33 3,77 21,90
60.37 3,95 21,90
60.40 3,95 21,89
60.43 4,13 21,89
60.47 4,13 21,89
60.50 4,30 21,89
60.53 4,31 21,89
60.57 4,48 21,71
60.60 4,48 21,71
60.63 4,48 21,71
60.67 4,66 21,71
60.70 4,84 21,71
60.73 4,84 21,89
60.77 5,02 21,89
60.80 5,19 21,89
60.83 5,19 22,07
60.87 5,37 22,25
60.90 5,54 22,43
60.93 5,54 22,43
60.97 5,72 22,61
61.00 5,72 22,79
61.03 5,90 22,97
61.07 6,08 22,97
61.10 6,08 23,14
61.13 6,26 23,15
61.17 6,43 23,32
61.20 6,43 23,32
61.23 6,61 23,32
61.27 6,61 23,32
61.30 6,61 23,32
61.33 6,61 23,15
61.37 6,61 22,97
61.40 6,79 22,79
61.43 6,79 22,61
61.47 6,61 22,61
61.50 6,61 22,61
61.53 6,61 22,43
61.57 6,62 22,43
61.60 6,62 22,25
61.63 6,62 22,08
61.67 6,80 21,90
61.70 6,79 21,72
61.73 6,79 21,54
61.77 6,62 21,19
61.80 6,62 20,83
61.83 6,62 20,47
61.87 6,62 19,94
61.90 6,62 19,58
61.93 6,62 19,04
61.97 6,62 18,51
62.00 6,62 17,97
62.03 6,61 17,62
62.07 6,44 17,08
62.10 6,44 16,90
62.13 6,26 16,37
62.17 6,26 16,01
62.20 6,08 15,48
62.23 6,26 15,12
62.27 6,08 14,59
62.30 6,08 14,05
62.33 5,90 13,52
62.37 5,90 12,98
62.40 5,90 12,44
62.43 5,90 11,91
62.47 5,72 11,20
62.50 5,72 10,48
62.53 5,72 9,95
62.57 5,55 9,24
62.60 5,55 8,70
62.63 5,55 7,99
62.67 5,55 7,45
62.70 5,37 6,74
62.73 5,37 6,20
62.77 5,19 5,49
62.80 5,19 4,96
62.83 5,01 4,24
62.87 4,83 3,53
62.90 4,83 2,99
62.93 4,65 2,28
62.97 4,47 1,39
63.00 4,47 0,85
63.03 4,30 0,14
63.07 4,12 -0,57
63.10 3,94 -1,29
63.13 3,76 -2,00
63.17 3,76 -2,53
63.20 3,58 -3,25
63.23 3,40 -3,96
63.27 3,22 -4,49
63.30 3,05 -5,21
63.33 2,87 -5,92
63.37 2,87 -6,46
63.40 2,69 -7,17
63.43 2,51 -7,88
63.47 2,33 -8,41
63.50 2,15 -9,13
63.53 1,98 -9,66
63.57 1,98 -10,20
63.60 1,62 -10,91
63.63 1,44 -11,44
63.67 1,26 -11,98
63.70 1,09 -12,52
63.73 0,91 -13,23
63.77 0,73 -13,76
63.80 0,56 -14,30
63.83 0,55 -14,84
63.87 0,37 -15,37
63.90 0,19 -15,90
63.93 0,01 -16,44
63.97 -0,16 -16,80
64.00 -0,34 -17,33
64.03 -0,34 -17,87
64.07 -0,52 -18,22
64.10 -0,70 -18,58
64.13 -0,70 -19,12
64.17 -0,70 -19,47
64.20 -0,88 -19,65
64.23 -0,88 -20,01
64.27 -1,06 -20,18
64.30 -1,06 -20,36
64.33 -1,06 -20,54
64.37 -1,06 -20,72
64.40 -1,06 -20,72
64.43 -1,06 -20,90
64.47 -1,06 -20,90
64.50 -1,05 -20,90
64.53 -0,88 -20,90
64.57 -0,88 -20,90
64.60 -0,88 -20,72
64.63 -0,88 -20,54
64.67 -0,88 -20,36
64.70 -0,88 -20,18
64.73 -0,70 -19,83
64.77 -0,70 -19,47
64.80 -0,70 -19,12
64.83 -0,70 -18,76
64.87 -0,52 -18,23
64.90 -0,52 -17,69
64.93 -0,52 -17,16
64.97 -0,52 -16,62
65.00 -0,52 -15,91
65.03 -0,35 -15,20
65.07 -0,35 -14,48
65.10 -0,35 -13,77
65.13 -0,35 -13,06
65.17 -0,35 -12,35
65.20 -0,35 -11,64
65.23 -0,35 -10,92
65.27 -0,35 -10,03
65.30 -0,53 -9,32
65.33 -0,53 -8,42
65.37 -0,53 -7,71
65.40 -0,53 -7,00
65.43 -0,53 -6,11
65.47 -0,53 -5,39
65.50 -0,53 -4,50
65.53 -0,53 -3,61
65.57 -0,53 -2,89
65.60 -0,35 -1,83
65.63 -0,35 -0,93
65.67 -0,17 0,14
65.70 -0,17 1,21
65.73 0,01 2,45
65.77 0,19 3,52
65.80 0,37 4,77
65.83 0,55 6,02
65.87 0,72 7,27
65.90 1,08 8,69
65.93 1,26 9,94
65.97 1,62 11,19
66.00 1,97 12,61
66.03 2,33 13,86
66.07 2,68 15,11
66.10 3,04 16,36
66.13 3,57 17,60
66.17 3,93 18,67
66.20 4,29 19,74
66.23 4,65 20,81
66.27 5,00 21,53
66.30 5,36 22,06
66.33 5,71 22,42
66.37 5,89 22,60
66.40 6,07 22,60
66.43 6,07 22,42
66.47 6,25 22,24
66.50 6,07 22,06
66.53 6,07 22,06
66.57 6,07 22,06
66.60 5,89 21,88
66.63 5,72 21,70
66.67 5,71 21,70
66.70 5,54 21,53
66.73 5,36 21,35
66.77 5,18 21,35
66.80 5,00 21,35
66.83 4,65 21,17
66.87 4,29 21,17
66.90 3,93 20,99
66.93 3,58 20,99
66.97 3,22 20,81
67.00 2,69 20,81
67.03 2,15 20,64
67.07 1,44 20,46
67.10 0,72 20,46
67.13 -0,17 20,46
67.17 -1,06 20,64
67.20 -2,13 20,99
67.23 -3,20 21,17
67.27 -4,27 21,71
67.30 -5,70 22,24
67.33 -6,94 22,77
67.37 -8,19 23,31
67.40 -9,26 23,84
67.43 -10,51 24,20
67.47 -11,75 24,55
67.50 -12,82 24,73
67.53 -13,90 25,09
67.57 -15,14 25,27
67.60 -16,39 25,44
67.63 -17,64 25,44
67.67 -18,89 25,44
67.70 -19,96 25,44
67.73 -21,20 25,45
67.77 -22,27 25,62
67.80 -23,34 25,80
67.83 -24,41 25,80
67.87 -25,30 25,98
67.90 -26,19 25,98
67.93 -26,91 25,98
67.97 -27,62 25,98
68.00 -28,16 25,97
68.03 -28,69 25,80
68.07 -29,23 25,62
68.10 -29,58 25,44
68.13 -29,94 25,26
68.17 -30,30 25,08
68.20 -30,65 24,73
68.23 -31,01 24,37
68.27 -31,19 24,19
68.30 -31,54 23,83
68.33 -31,72 23,48
68.37 -32,08 23,12
68.40 -32,44 22,76
68.43 -32,61 22,58
68.47 -32,97 22,23
68.50 -33,15 22,05
68.53 -33,33 21,69
68.57 -33,15 21,51
68.60 -32,97 21,34
68.63 -32,62 21,34
68.67 -32,44 21,16
68.70 -32,08 20,98
68.73 -31,91 20,98
68.77 -31,73 20,80
68.80 -31,55 20,62
68.83 -31,55 20,62
68.87 -31,37 20,62
