#Kinovea Trajectory data export
#T X Y

# Trajectory 1
1.20 -26,32 14,94
1.23 -26,32 14,94
1.27 -26,32 14,94
1.30 -26,32 14,94
1.33 -26,32 14,94
1.37 -26,32 15,11
1.40 -26,16 15,11
1.43 -26,16 15,28
1.47 -26,16 15,27
1.50 -26,16 15,27
1.53 -26,16 15,27
1.57 -26,16 15,44
1.60 -26,16 15,44
1.63 -25,99 15,61
1.67 -25,82 15,95
1.70 -25,66 16,29
1.73 -25,49 16,80
1.77 -25,32 17,47
1.80 -25,15 18,15
1.83 -24,81 18,99
1.87 -24,65 19,67
1.90 -24,48 20,34
1.93 -24,48 20,68
1.97 -24,31 20,68
2.00 -24,14 20,51
2.03 -23,97 20,34
2.07 -23,80 20,34
2.10 -23,63 20,51
2.13 -23,46 20,68
2.17 -23,46 20,85
2.20 -23,46 21,02
2.23 -23,29 21,02
2.27 -23,13 21,18
2.30 -23,12 21,18
2.33 -22,79 21,19
2.37 -22,62 21,35
2.40 -22,45 21,52
2.43 -22,11 21,52
2.47 -21,94 21,86
2.50 -21,44 22,03
2.53 -21,10 22,03
2.57 -20,60 22,20
2.60 -20,09 22,37
2.63 -19,59 22,37
2.67 -18,91 22,20
2.70 -18,24 22,20
2.73 -17,57 22,20
2.77 -16,89 22,03
2.80 -16,05 22,03
2.83 -15,21 21,86
2.87 -14,36 21,52
2.90 -13,52 21,35
2.93 -12,51 21,02
2.97 -11,49 20,68
3.00 -10,65 20,34
3.03 -9,64 20,01
3.07 -8,62 19,67
3.10 -7,61 19,33
3.13 -6,77 19,16
3.17 -5,75 19,00
3.20 -5,08 19,16
3.23 -4,23 19,33
3.27 -3,39 19,50
3.30 -2,72 19,84
3.33 -2,04 20,01
3.37 -1,53 20,01
3.40 -0,86 20,01
3.43 -0,35 20,01
3.47 0,32 20,01
3.50 1,00 20,18
3.53 1,84 20,68
3.57 2,35 20,85
3.60 3,02 21,19
3.63 3,70 21,53
3.67 4,37 21,69
3.70 4,88 21,69
3.73 5,38 21,86
3.77 5,89 21,86
3.80 6,39 21,86
3.83 6,73 21,86
3.87 7,07 21,86
3.90 7,24 21,69
3.93 7,58 21,69
3.97 7,91 21,52
4.00 8,25 21,36
4.03 8,42 21,02
4.07 8,76 20,85
4.10 8,93 20,51
4.13 9,09 20,18
4.17 9,43 20,01
4.20 9,60 19,67
4.23 9,60 19,33
4.27 9,60 19,16
4.30 9,77 18,99
4.33 9,77 18,82
4.37 9,77 18,66
4.40 9,77 18,65
4.43 9,78 18,49
4.47 9,78 18,65
4.50 9,61 18,65
4.53 9,61 18,82
4.57 9,61 18,99
4.60 9,44 19,16
4.63 9,44 19,33
4.67 9,27 19,50
4.70 9,27 19,83
4.73 9,27 20,00
4.77 9,27 20,17
4.80 9,27 20,17
4.83 9,44 20,17
4.87 9,61 20,17
4.90 9,61 19,83
4.93 9,94 19,83
4.97 10,11 19,83
5.00 10,28 19,83
5.03 10,28 19,67
5.07 10,62 19,83
5.10 10,62 19,67
5.13 10,79 19,66
5.17 10,79 19,50
5.20 10,96 19,50
5.23 10,96 19,33
5.27 10,96 19,33
5.30 10,96 19,16
5.33 11,12 19,16
5.37 11,12 18,99
5.40 11,29 18,99
5.43 11,29 18,82
5.47 11,46 18,65
5.50 11,46 18,48
5.53 11,63 18,48
5.57 11,63 18,48
5.60 11,46 18,48
5.63 11,46 18,65
5.67 11,29 18,48
5.70 11,29 18,48
5.73 11,12 18,48
5.77 11,12 18,31
5.80 10,95 18,14
5.83 10,95 18,14
5.87 10,78 18,31
5.90 10,78 18,48
5.93 10,78 18,65
5.97 10,62 18,82
6.00 10,62 18,99
6.03 10,62 18,99
6.07 10,62 19,16
6.10 10,62 18,99
6.13 10,62 18,99
6.17 10,79 18,99
6.20 10,62 18,82
6.23 10,79 18,99
6.27 10,62 18,82
6.30 10,62 18,82
6.33 10,62 18,82
6.37 10,62 18,82
6.40 10,62 18,82
6.43 10,45 18,82
6.47 10,45 18,82
6.50 10,45 18,65
6.53 10,45 18,65
6.57 10,28 18,48
6.60 10,29 18,48
6.63 10,29 18,48
6.67 10,29 18,65
6.70 10,28 18,65
6.73 10,12 18,65
6.77 10,12 18,65
6.80 10,12 18,48
6.83 10,12 18,48
6.87 10,29 18,48
6.90 10,29 18,31
6.93 10,45 18,31
6.97 10,46 18,14
7.00 10,62 18,14
7.03 10,79 18,14
7.07 10,79 17,97
7.10 10,96 17,97
7.13 10,96 17,97
7.17 10,96 17,80
7.20 10,96 17,80
7.23 10,96 17,63
7.27 10,96 17,63
7.30 10,79 17,63
7.33 10,79 17,63
7.37 10,62 17,63
7.40 10,45 17,63
7.43 10,45 17,63
7.47 10,29 17,63
7.50 10,12 17,63
7.53 9,95 17,63
7.57 9,95 17,80
7.60 9,78 17,97
7.63 9,61 18,14
7.67 9,44 18,14
7.70 9,27 18,31
7.73 9,27 18,48
7.77 9,10 18,48
7.80 8,93 18,48
7.83 8,93 18,48
7.87 8,93 18,65
7.90 8,94 18,65
7.93 9,10 18,65
7.97 9,27 18,64
8.00 9,27 18,64
8.03 9,61 18,64
8.07 9,61 18,64
8.10 9,78 18,48
8.13 9,95 18,48
8.17 9,95 18,48
8.20 9,95 18,48
8.23 9,95 18,48
8.27 9,78 18,31
8.30 9,78 18,31
8.33 9,61 18,31
8.37 9,61 18,31
8.40 9,61 18,31
8.43 9,61 18,31
8.47 9,61 18,14
8.50 9,61 18,14
8.53 9,61 17,97
8.57 9,61 17,80
8.60 9,78 17,63
8.63 9,78 17,63
8.67 9,95 17,63
8.70 9,94 17,63
8.73 9,94 17,80
8.77 9,94 17,97
8.80 9,77 17,97
8.83 9,78 18,14
8.87 9,77 18,14
8.90 9,61 18,14
8.93 9,61 18,14
8.97 9,61 17,97
9.00 9,61 17,97
9.03 9,61 17,97
9.07 9,61 18,14
9.10 9,61 18,31
9.13 9,44 18,31
9.17 9,44 18,48
9.20 9,44 18,48
9.23 9,44 18,31
9.27 9,61 18,31
9.30 9,61 18,31
9.33 9,61 18,14
9.37 9,61 18,14
9.40 9,61 17,97
9.43 9,61 17,97
9.47 9,61 17,97
9.50 9,61 17,97
9.53 9,61 17,97
9.57 9,62 17,97
9.60 9,62 17,97
9.63 9,62 17,97
9.67 9,62 17,97
9.70 9,62 17,97
9.73 9,62 17,97
9.77 9,61 17,97
9.80 9,45 17,97
9.83 9,45 17,97
9.87 9,44 17,97
9.90 9,28 17,80
9.93 9,28 17,64
9.97 9,28 17,64
10.00 9,28 17,64
10.03 9,28 17,64
10.07 9,28 17,81
10.10 9,11 17,81
10.13 9,28 17,97
10.17 9,11 17,97
10.20 9,11 17,97
10.23 9,11 17,81
10.27 9,11 17,81
10.30 9,11 17,64
10.33 9,11 17,64
10.37 9,11 17,47
10.40 8,94 17,30
10.43 8,95 17,13
10.47 8,95 16,96
10.50 8,95 16,80
10.53 8,95 16,63
10.57 8,95 16,29
10.60 8,95 15,95
10.63 8,95 15,45
10.67 9,12 15,28
10.70 9,12 14,77
10.73 9,12 14,43
10.77 9,12 13,93
10.80 9,12 13,59
10.83 9,12 12,92
10.87 9,12 12,58
10.90 9,12 12,07
10.93 8,95 11,40
10.97 8,95 10,89
11.00 8,95 10,39
11.03 8,78 10,05
11.07 8,78 9,37
11.10 8,61 9,04
11.13 8,61 8,53
11.17 8,44 8,02
11.20 8,27 7,51
11.23 8,27 6,84
11.27 8,10 6,34
11.30 7,93 5,83
11.33 7,59 5,32
11.37 7,43 4,82
11.40 7,26 4,31
11.43 6,92 3,81
11.47 6,58 3,30
11.50 6,41 2,63
11.53 6,08 2,12
11.57 5,90 1,44
11.60 5,57 0,94
11.63 5,23 0,26
11.67 5,07 -0,24
11.70 4,90 -0,75
11.73 4,73 -1,43
11.77 4,56 -1,93
11.80 4,56 -2,61
11.83 4,39 -3,11
11.87 4,22 -3,62
11.90 4,05 -4,13
11.93 3,89 -4,80
11.97 3,89 -5,48
12.00 3,89 -6,15
12.03 3,72 -6,66
12.07 3,55 -7,16
12.10 3,55 -7,84
12.13 3,38 -8,51
12.17 3,38 -9,19
12.20 3,21 -9,86
12.23 3,21 -10,37
12.27 3,04 -11,04
12.30 2,88 -11,72
12.33 2,88 -12,22
12.37 2,71 -12,73
12.40 2,70 -13,41
12.43 2,54 -13,91
12.47 2,37 -14,42
12.50 2,37 -14,92
12.53 2,37 -15,60
12.57 2,20 -16,10
12.60 2,20 -16,61
12.63 2,20 -17,12
12.67 2,03 -17,62
12.70 2,03 -17,96
12.73 2,03 -18,30
12.77 2,03 -18,64
12.80 2,03 -18,98
12.83 2,04 -19,31
12.87 2,20 -19,65
12.90 2,20 -19,82
12.93 2,37 -19,99
12.97 2,37 -20,16
13.00 2,54 -20,33
13.03 2,71 -20,33
13.07 2,71 -20,33
13.10 2,88 -20,33
13.13 3,05 -20,33
13.17 3,22 -20,33
13.20 3,22 -20,33
13.23 3,22 -20,33
13.27 3,39 -20,33
13.30 3,38 -20,16
13.33 3,38 -19,99
13.37 3,38 -19,65
13.40 3,38 -19,32
13.43 3,38 -18,98
13.47 3,38 -18,47
13.50 3,21 -17,80
13.53 3,21 -17,12
13.57 3,21 -16,45
13.60 3,04 -15,61
13.63 3,04 -14,76
13.67 3,04 -13,75
13.70 3,04 -12,57
13.73 3,04 -11,39
13.77 3,04 -10,21
13.80 3,21 -9,03
13.83 3,21 -7,84
13.87 3,38 -6,49
13.90 3,38 -4,98
13.93 3,55 -3,63
13.97 3,72 -2,11
14.00 3,89 -0,76
14.03 4,05 0,76
14.07 4,22 2,11
14.10 4,56 3,63
14.13 4,73 4,98
14.17 5,06 6,33
14.20 5,40 7,68
14.23 5,57 9,03
14.27 5,91 10,04
14.30 6,25 11,05
14.33 6,58 12,07
14.37 6,92 13,08
14.40 7,26 13,75
14.43 7,60 14,43
14.47 7,93 15,10
14.50 8,27 15,61
14.53 8,44 15,95
14.57 8,61 16,29
14.60 8,78 16,45
14.63 8,95 16,45
14.67 9,12 16,45
14.70 9,12 16,45
14.73 9,12 16,45
14.77 9,12 16,45
14.80 9,12 16,45
14.83 9,12 16,45
14.87 9,12 16,45
14.90 9,12 16,45
14.93 9,12 16,45
14.97 9,12 16,45
15.00 9,12 16,45
15.03 9,29 16,62
15.07 9,29 16,62
15.10 9,29 16,62
15.13 9,46 16,62
15.17 9,46 16,79
15.20 9,46 16,79
15.23 9,46 16,79
15.27 9,46 16,79
15.30 9,46 16,95
15.33 9,46 16,95
15.37 9,46 16,78
15.40 9,46 16,62
15.43 9,29 16,45
15.47 9,29 16,28
15.50 9,12 16,11
15.53 8,95 15,77
15.57 8,79 15,27
15.60 8,62 14,93
15.63 8,62 14,25
15.67 8,45 13,75
15.70 8,28 13,07
15.73 8,11 12,57
15.77 7,94 11,89
15.80 7,77 11,22
15.83 7,60 10,37
15.87 7,26 9,70
15.90 7,09 8,85
15.93 6,92 8,01
15.97 6,59 6,99
16.00 6,42 5,98
16.03 6,25 4,97
16.07 6,08 4,13
16.10 5,91 3,11
16.13 5,58 2,10
16.17 5,41 1,09
16.20 5,24 -0,09
16.23 5,07 -1,11
16.27 4,90 -2,12
16.30 4,73 -3,13
16.33 4,56 -4,14
16.37 4,39 -5,15
16.40 4,22 -6,17
16.43 4,05 -7,01
16.47 3,88 -8,02
16.50 3,72 -8,87
16.53 3,55 -9,71
16.57 3,38 -10,72
16.60 3,38 -11,57
16.63 3,21 -12,41
16.67 3,04 -13,25
16.70 2,87 -14,10
16.73 2,87 -14,94
16.77 2,70 -15,78
16.80 2,53 -16,46
16.83 2,37 -17,13
16.87 2,20 -17,81
16.90 2,20 -18,65
16.93 2,20 -19,33
16.97 2,03 -19,83
17.00 2,03 -20,51
17.03 1,86 -20,85
17.07 1,86 -21,52
17.10 1,86 -22,03
17.13 1,86 -22,37
17.17 1,69 -22,70
17.20 1,69 -23,04
17.23 1,69 -23,55
17.27 1,52 -23,72
17.30 1,52 -24,05
17.33 1,52 -24,39
17.37 1,35 -24,56
17.40 1,35 -24,73
17.43 1,19 -24,90
17.47 1,19 -25,06
17.50 1,19 -25,23
17.53 1,19 -25,40
17.57 1,02 -25,40
17.60 1,02 -25,57
17.63 1,02 -25,57
17.67 1,02 -25,74
17.70 1,01 -25,74
17.73 1,01 -25,74
17.77 1,01 -25,74
17.80 0,84 -25,58
17.83 0,85 -25,58
17.87 0,85 -25,58
17.90 0,85 -25,41
17.93 0,85 -25,24
17.97 0,85 -24,90
18.00 0,85 -24,56
18.03 0,85 -24,23
18.07 0,85 -23,72
18.10 0,85 -23,04
18.13 0,86 -22,20
18.17 0,86 -21,36
18.20 0,86 -20,34
18.23 1,03 -19,33
18.27 1,03 -18,15
18.30 1,19 -16,97
18.33 1,36 -15,62
18.37 1,36 -14,27
18.40 1,70 -13,09
18.43 1,87 -11,57
18.47 2,04 -10,22
18.50 2,38 -8,70
18.53 2,55 -7,35
18.57 2,88 -5,83
18.60 3,22 -4,31
18.63 3,56 -2,79
18.67 3,89 -1,11
18.70 4,23 0,41
18.73 4,57 1,93
18.77 4,91 3,45
18.80 5,24 5,14
18.83 5,75 6,49
18.87 6,08 7,83
18.90 6,42 9,02
18.93 6,93 10,03
18.97 7,27 11,04
19.00 7,77 11,88
19.03 8,11 12,73
19.07 8,45 13,57
19.10 8,95 14,25
19.13 9,29 14,92
19.17 9,79 15,26
19.20 10,13 15,77
19.23 10,47 15,93
19.27 10,64 16,10
19.30 10,97 15,93
19.33 11,14 15,93
19.37 11,31 15,93
19.40 11,31 15,93
19.43 11,31 15,93
19.47 11,48 15,76
19.50 11,48 15,76
19.53 11,31 15,76
19.57 11,31 15,76
19.60 11,31 15,76
19.63 11,31 15,76
19.67 11,14 15,76
19.70 11,14 15,76
19.73 11,14 15,76
19.77 11,14 15,76
19.80 11,14 15,76
19.83 10,97 15,93
19.87 10,98 15,93
19.90 10,98 15,76
19.93 10,98 15,76
19.97 10,97 15,59
20.00 10,81 15,43
20.03 10,81 15,26
20.07 10,64 14,92
20.10 10,63 14,58
20.13 10,46 14,24
20.17 10,30 13,91
20.20 10,13 13,57
20.23 9,96 13,23
20.27 9,79 12,73
20.30 9,63 12,22
20.33 9,46 11,88
20.37 9,29 11,21
20.40 9,12 10,70
20.43 8,95 10,20
20.47 8,61 9,52
20.50 8,44 9,01
20.53 8,11 8,34
20.57 7,94 7,66
20.60 7,60 6,99
20.63 7,43 6,14
20.67 7,10 5,47
20.70 6,93 4,63
20.73 6,59 3,95
20.77 6,43 3,11
20.80 6,25 2,09
20.83 5,92 1,25
20.87 5,75 0,41
20.90 5,41 -0,44
20.93 5,07 -1,28
20.97 4,90 -2,29
21.00 4,56 -2,97
21.03 4,39 -3,98
21.07 4,06 -4,66
21.10 3,89 -5,67
21.13 3,55 -6,34
21.17 3,38 -7,36
21.20 3,21 -8,20
21.23 3,04 -9,04
21.27 2,87 -10,05
21.30 2,70 -10,90
21.33 2,53 -11,57
21.37 2,36 -12,59
21.40 2,20 -13,26
21.43 2,20 -14,27
21.47 2,03 -14,95
21.50 2,03 -15,79
21.53 1,86 -16,47
21.57 1,86 -17,31
21.60 1,69 -17,99
21.63 1,69 -18,66
21.67 1,52 -19,34
21.70 1,52 -19,84
21.73 1,52 -20,52
21.77 1,52 -21,19
21.80 1,52 -21,70
21.83 1,52 -22,21
21.87 1,52 -22,71
21.90 1,52 -23,22
21.93 1,52 -23,56
21.97 1,52 -23,89
22.00 1,69 -24,23
22.03 1,69 -24,57
22.07 1,85 -24,91
22.10 1,85 -25,08
22.13 1,85 -25,25
22.17 2,02 -25,42
22.20 2,02 -25,58
22.23 2,19 -25,75
22.27 2,19 -25,75
22.30 2,19 -25,75
22.33 2,19 -25,75
22.37 2,19 -25,58
22.40 2,19 -25,41
22.43 2,19 -25,07
22.47 2,19 -24,90
22.50 2,02 -24,39
22.53 2,02 -23,89
22.57 1,85 -23,21
22.60 1,85 -22,54
22.63 1,85 -21,69
22.67 1,85 -20,85
22.70 1,85 -19,84
22.73 1,85 -18,66
22.77 1,85 -17,48
22.80 2,02 -16,30
22.83 2,02 -14,95
22.87 2,19 -13,60
22.90 2,35 -12,25
22.93 2,52 -10,90
22.97 2,69 -9,38
23.00 2,86 -7,86
23.03 3,03 -6,17
23.07 3,36 -4,82
23.10 3,53 -3,31
23.13 3,87 -1,96
23.17 4,20 -0,44
23.20 4,37 1,25
23.23 4,71 2,60
23.27 5,05 4,29
23.30 5,39 5,64
23.33 5,72 6,99
23.37 6,06 8,34
23.40 6,40 9,52
23.43 6,91 10,53
23.47 7,24 11,54
23.50 7,58 12,39
23.53 7,75 13,23
23.57 8,09 14,07
23.60 8,42 14,58
23.63 8,59 15,09
23.67 8,76 15,43
23.70 8,93 15,59
23.73 9,10 15,59
23.77 9,10 15,59
23.80 9,10 15,60
23.83 9,10 15,60
23.87 9,10 15,60
23.90 8,93 15,60
23.93 8,93 15,43
23.97 8,76 15,43
24.00 8,76 15,26
24.03 8,59 15,26
24.07 8,42 15,09
24.10 8,26 14,92
24.13 8,09 14,58
24.17 7,92 14,41
24.20 7,92 13,91
24.23 7,75 13,57
24.27 7,75 13,23
24.30 7,58 12,89
24.33 7,58 12,39
24.37 7,41 11,88
24.40 7,41 11,38
24.43 7,41 10,87
24.47 7,24 10,36
24.50 7,07 9,86
24.53 7,07 9,18
24.57 6,91 8,68
24.60 6,91 8,00
24.63 6,91 7,33
24.67 6,74 6,65
24.70 6,74 5,98
24.73 6,74 5,13
24.77 6,57 4,29
24.80 6,57 3,61
24.83 6,40 2,77
24.87 6,40 1,93
24.90 6,40 1,08
24.93 6,23 0,24
24.97 6,23 -0,60
25.00 6,06 -1,28
25.03 6,06 -2,12
25.07 5,89 -2,97
25.10 5,73 -3,81
25.13 5,72 -4,48
25.17 5,55 -5,50
25.20 5,38 -6,17
25.23 5,22 -7,01
25.27 5,05 -7,86
25.30 5,05 -8,53
25.33 4,88 -9,38
25.37 4,71 -10,22
25.40 4,71 -10,89
25.43 4,54 -11,74
25.47 4,37 -12,41
25.50 4,21 -13,09
25.53 4,21 -13,93
25.57 4,04 -14,60
25.60 4,04 -15,28
25.63 3,87 -15,96
25.67 3,70 -16,63
25.70 3,70 -17,47
25.73 3,53 -18,15
25.77 3,53 -18,99
25.80 3,37 -19,50
25.83 3,37 -20,17
25.87 3,20 -20,51
25.90 3,20 -21,19
25.93 3,20 -21,69
25.97 3,03 -22,03
26.00 3,03 -22,37
26.03 3,03 -22,87
26.07 3,03 -23,38
26.10 3,03 -23,72
26.13 3,03 -24,05
26.17 3,03 -24,39
26.20 2,86 -24,73
26.23 2,86 -24,90
26.27 2,69 -25,07
26.30 2,69 -25,40
26.33 2,69 -25,57
26.37 2,69 -25,74
26.40 2,69 -25,91
26.43 2,69 -25,91
26.47 2,69 -26,08
26.50 2,69 -26,25
26.53 2,69 -26,42
26.57 2,69 -26,42
26.60 2,69 -26,58
26.63 2,69 -26,58
26.67 2,69 -26,59
26.70 2,69 -26,59
26.73 2,69 -26,58
26.77 2,69 -26,25
26.80 2,69 -25,91
26.83 2,69 -25,41
26.87 2,69 -24,73
26.90 2,69 -24,05
26.93 2,69 -23,04
26.97 2,69 -22,03
27.00 2,69 -20,68
27.03 2,69 -19,50
27.07 2,86 -18,15
27.10 3,03 -16,80
27.13 3,03 -15,28
27.17 3,20 -13,76
27.20 3,53 -12,24
27.23 3,70 -10,72
27.27 3,87 -9,20
27.30 4,21 -7,52
27.33 4,54 -6,00
27.37 4,71 -4,31
27.40 5,05 -2,79
27.43 5,39 -1,27
27.47 5,90 0,25
27.50 6,23 1,76
27.53 6,40 3,45
27.57 6,74 4,97
27.60 7,08 6,32
27.63 7,41 7,50
27.67 7,75 8,68
27.70 7,92 9,86
27.73 8,26 10,87
27.77 8,59 11,72
27.80 8,76 12,56
27.83 9,10 13,24
27.87 9,27 14,08
27.90 9,44 14,59
27.93 9,77 15,09
27.97 9,94 15,60
28.00 10,11 15,94
28.03 10,11 16,44
28.07 10,28 16,78
28.10 10,28 17,12
28.13 10,45 17,12
28.17 10,45 17,12
28.20 10,45 17,12
28.23 10,44 17,12
28.27 10,28 17,29
28.30 10,28 17,29
28.33 10,28 17,28
28.37 10,11 17,28
28.40 10,11 17,28
28.43 9,94 17,29
28.47 9,94 17,29
28.50 9,94 17,29
28.53 9,77 17,45
28.57 9,77 17,45
28.60 9,77 17,28
28.63 9,60 17,28
28.67 9,60 17,12
28.70 9,43 17,12
28.73 9,43 16,61
28.77 9,26 16,44
28.80 9,09 16,10
28.83 8,93 15,77
28.87 8,76 15,43
28.90 8,76 14,75
28.93 8,59 14,42
28.97 8,42 13,74
29.00 8,25 13,24
29.03 8,08 12,56
29.07 7,91 11,89
29.10 7,91 11,04
29.13 7,74 10,20
29.17 7,57 9,36
29.20 7,41 8,68
29.23 7,24 7,84
29.27 6,90 6,99
29.30 6,73 6,32
29.33 6,56 5,47
29.37 6,22 4,63
29.40 6,06 3,95
29.43 5,89 3,11
29.47 5,72 2,27
29.50 5,55 1,42
29.53 5,38 0,58
29.57 5,21 -0,09
29.60 5,04 -0,94
29.63 4,87 -1,78
29.67 4,71 -2,63
29.70 4,54 -3,30
29.73 4,54 -4,14
29.77 4,37 -4,82
29.80 4,20 -5,50
29.83 4,03 -6,34
29.87 3,86 -7,01
29.90 3,70 -7,69
29.93 3,53 -8,36
29.97 3,53 -9,21
30.00 3,36 -10,05
30.03 3,36 -11,06
30.07 3,19 -11,74
30.10 3,19 -12,58
30.13 3,02 -13,26
30.17 3,02 -14,10
30.20 2,85 -14,61
30.23 2,85 -15,45
30.27 2,85 -16,13
30.30 2,68 -16,63
30.33 2,68 -17,31
30.37 2,68 -17,98
30.40 2,68 -18,66
30.43 2,68 -19,16
30.47 2,69 -19,84
30.50 2,69 -20,34
30.53 2,69 -21,02
30.57 2,69 -21,52
30.60 2,69 -22,03
30.63 2,69 -22,54
30.67 2,69 -23,04
30.70 2,68 -23,38
30.73 2,68 -23,88
30.77 2,51 -24,22
30.80 2,52 -24,56
30.83 2,52 -24,90
30.87 2,52 -25,23
30.90 2,52 -25,57
30.93 2,52 -25,74
30.97 2,52 -25,91
31.00 2,52 -26,08
31.03 2,69 -26,25
31.07 2,69 -26,41
31.10 2,69 -26,41
31.13 2,86 -26,41
31.17 2,86 -26,41
31.20 2,86 -26,41
31.23 2,86 -26,25
31.27 2,86 -26,24
31.30 3,03 -26,08
31.33 3,02 -25,91
31.37 3,02 -25,57
31.40 3,02 -25,23
31.43 2,85 -24,56
31.47 2,85 -23,89
31.50 2,85 -23,04
31.53 2,85 -22,20
31.57 2,85 -21,19
31.60 2,85 -20,17
31.63 2,85 -18,99
31.67 2,85 -17,64
31.70 3,02 -16,46
31.73 3,02 -15,11
31.77 3,19 -13,76
31.80 3,36 -12,41
31.83 3,36 -10,89
31.87 3,53 -9,37
31.90 3,70 -7,85
31.93 4,03 -6,50
31.97 4,20 -4,82
32.00 4,37 -3,30
32.03 4,71 -1,78
32.07 5,05 -0,43
32.10 5,38 1,09
32.13 5,55 2,61
32.17 5,89 4,13
32.20 6,23 5,48
32.23 6,40 6,83
32.27 6,74 8,01
32.30 7,07 9,19
32.33 7,41 10,20
32.37 7,58 11,21
32.40 7,92 12,06
32.43 8,25 12,73
32.47 8,42 13,58
32.50 8,76 14,25
32.53 8,93 14,92
32.57 9,26 15,09
32.60 9,43 15,43
32.63 9,43 15,60
32.67 9,60 15,60
32.70 9,60 15,60
32.73 9,43 15,77
32.77 9,43 15,77
32.80 9,26 15,77
32.83 9,26 15,77
32.87 9,09 15,76
32.90 8,92 15,60
32.93 8,75 15,60
32.97 8,58 15,60
33.00 8,58 15,43
33.03 8,41 15,26
33.07 8,24 15,09
33.10 8,07 14,92
33.13 7,91 14,58
33.17 7,90 14,08
33.20 7,73 13,74
33.23 7,57 13,24
33.27 7,57 12,73
33.30 7,40 12,22
33.33 7,40 11,55
33.37 7,23 10,87
33.40 7,23 10,20
33.43 7,23 9,52
33.47 7,06 8,85
33.50 7,06 8,01
33.53 7,06 7,33
33.57 6,89 6,49
33.60 6,89 5,81
33.63 6,89 4,97
33.67 6,72 4,12
33.70 6,72 3,28
33.73 6,55 2,44
33.77 6,55 1,76
33.80 6,38 0,92
33.83 6,22 0,07
33.87 6,22 -0,77
33.90 6,05 -1,61
33.93 6,05 -2,46
33.97 5,88 -3,30
34.00 5,88 -4,14
34.03 5,71 -4,82
34.07 5,71 -5,83
34.10 5,54 -6,51
34.13 5,53 -7,35
34.17 5,37 -8,19
34.20 5,20 -9,04
34.23 5,20 -9,88
34.27 5,20 -10,73
34.30 5,03 -11,57
34.33 5,03 -12,41
34.37 5,03 -13,26
34.40 4,86 -13,93
34.43 4,86 -14,77
34.47 4,69 -15,28
34.50 4,52 -15,96
34.53 4,35 -16,63
34.57 4,35 -17,31
34.60 4,18 -17,98
34.63 4,02 -18,49
34.67 4,01 -19,33
34.70 3,85 -19,84
34.73 3,68 -20,34
34.77 3,68 -21,02
34.80 3,52 -21,36
34.83 3,52 -22,03
34.87 3,52 -22,54
34.90 3,52 -23,04
34.93 3,52 -23,55
34.97 3,52 -23,89
35.00 3,69 -24,39
35.03 3,69 -24,56
35.07 3,69 -24,90
35.10 3,69 -25,07
35.13 3,86 -25,40
35.17 3,86 -25,57
35.20 3,86 -25,57
35.23 3,86 -25,74
35.27 4,03 -26,08
35.30 4,03 -26,08
35.33 4,20 -26,42
35.37 4,20 -26,42
35.40 4,20 -26,59
35.43 4,20 -26,59
35.47 4,20 -26,76
35.50 4,20 -26,92
35.53 4,20 -26,93
35.57 4,21 -27,09
35.60 4,21 -27,09
35.63 4,21 -26,93
35.67 4,21 -26,76
35.70 4,21 -26,59
35.73 4,21 -26,25
35.77 4,21 -25,75
35.80 4,21 -25,24
35.83 4,21 -24,56
35.87 4,21 -23,72
35.90 4,04 -22,71
35.93 4,04 -21,70
35.97 4,04 -20,69
36.00 4,04 -19,51
36.03 4,04 -18,32
36.07 4,04 -16,97
36.10 4,04 -15,62
36.13 4,21 -14,44
36.17 4,21 -13,09
36.20 4,21 -11,75
36.23 4,21 -10,40
36.27 4,37 -9,22
36.30 4,37 -7,87
36.33 4,37 -6,52
36.37 4,37 -5,17
36.40 4,37 -3,99
36.43 4,38 -2,64
36.47 4,38 -1,29
36.50 4,38 0,06
36.53 4,38 1,41
36.57 4,38 2,59
36.60 4,38 3,78
36.63 4,38 4,96
36.67 4,55 5,97
36.70 4,55 6,98
36.73 4,55 8,00
36.77 4,55 9,01
36.80 4,72 9,85
36.83 4,72 10,53
36.87 4,88 11,20
36.90 4,89 12,05
36.93 5,05 12,39
36.97 5,05 13,06
37.00 5,05 13,57
37.03 5,22 14,07
37.07 5,39 14,41
37.10 5,39 14,75
37.13 5,39 15,25
37.17 5,39 15,59
37.20 5,56 15,76
37.23 5,56 15,76
37.27 5,56 15,93
37.30 5,56 15,92
37.33 5,55 15,92
37.37 5,55 15,92
37.40 5,55 15,76
37.43 5,55 15,76
37.47 5,55 15,76
37.50 5,55 15,76
37.53 5,55 15,76
37.57 5,71 15,76
37.60 5,72 15,59
37.63 5,88 15,59
37.67 6,05 15,59
37.70 6,05 15,59
37.73 6,22 15,59
37.77 6,39 15,59
37.80 6,56 15,58
37.83 6,73 15,42
37.87 6,90 15,42
37.90 6,90 15,59
37.93 7,07 15,59
37.97 7,07 15,59
38.00 7,23 15,59
38.03 7,23 15,59
38.07 7,23 15,59
38.10 7,23 15,59
38.13 7,23 15,59
38.17 7,06 15,59
38.20 7,06 15,59
38.23 7,06 15,42
38.27 6,89 15,08
38.30 6,72 14,91
38.33 6,72 14,58
38.37 6,72 14,24
38.40 6,55 13,73
38.43 6,55 13,23
38.47 6,38 12,72
38.50 6,38 12,22
38.53 6,21 11,54
38.57 6,04 11,03
38.60 6,04 10,36
38.63 5,88 9,68
38.67 5,87 9,01
38.70 5,70 8,33
38.73 5,54 7,66
38.77 5,53 6,81
38.80 5,36 6,14
38.83 5,19 5,46
38.87 5,02 4,79
38.90 4,85 3,95
38.93 4,68 3,27
38.97 4,52 2,60
39.00 4,51 1,75
39.03 4,34 0,91
39.07 4,17 0,23
39.10 4,00 -0,61
39.13 3,83 -1,45
39.17 3,67 -2,30
39.20 3,50 -3,14
39.23 3,16 -3,65
39.27 2,99 -4,66
39.30 2,82 -5,50
39.33 2,65 -6,35
39.37 2,48 -7,19
39.40 2,31 -8,04
39.43 2,14 -8,88
39.47 1,97 -9,72
39.50 1,80 -10,57
39.53 1,63 -11,41
39.57 1,63 -12,25
39.60 1,47 -13,10
39.63 1,47 -13,94
39.67 1,47 -14,62
39.70 1,46 -15,46
39.73 1,30 -16,13
39.77 1,30 -16,81
39.80 1,30 -17,49
39.83 1,30 -18,16
39.87 1,30 -18,84
39.90 1,30 -19,34
39.93 1,30 -20,02
39.97 1,30 -20,69
40.00 1,30 -21,03
40.03 1,47 -21,71
40.07 1,47 -22,04
40.10 1,47 -22,38
40.13 1,47 -22,89
40.17 1,47 -23,22
40.20 1,47 -23,56
40.23 1,47 -23,90
40.27 1,47 -24,07
40.30 1,47 -24,41
40.33 1,64 -24,74
40.37 1,64 -25,08
40.40 1,81 -25,42
40.43 1,81 -25,59
40.47 1,98 -25,76
40.50 1,98 -25,93
40.53 1,98 -26,09
40.57 2,15 -26,26
40.60 2,15 -26,26
40.63 2,32 -26,26
40.67 2,32 -26,26
40.70 2,49 -26,43
40.73 2,49 -26,26
40.77 2,49 -26,10
40.80 2,49 -25,93
40.83 2,49 -25,76
40.87 2,49 -25,42
40.90 2,49 -24,91
40.93 2,49 -24,41
40.97 2,49 -23,73
41.00 2,49 -23,06
41.03 2,49 -22,38
41.07 2,32 -21,37
41.10 2,32 -20,53
41.13 2,32 -19,51
41.17 2,32 -18,33
41.20 2,32 -17,15
41.23 2,49 -16,14
41.27 2,49 -14,96
41.30 2,49 -13,61
41.33 2,49 -12,26
41.37 2,66 -11,08
41.40 2,83 -9,73
41.43 2,83 -8,38
41.47 3,00 -7,03
41.50 3,17 -5,51
41.53 3,34 -4,16
41.57 3,51 -2,64
41.60 3,68 -1,12
41.63 4,01 0,06
41.67 4,18 1,58
41.70 4,52 2,93
41.73 4,69 4,28
41.77 5,02 5,46
41.80 5,19 6,64
41.83 5,53 7,65
41.87 5,86 8,50
41.90 6,03 9,34
41.93 6,37 10,19
41.97 6,71 10,69
42.00 6,88 11,37
42.03 7,22 11,87
42.07 7,55 12,21
42.10 7,89 12,72
42.13 8,23 13,05
42.17 8,56 13,22
42.20 8,73 13,56
42.23 8,90 13,73
42.27 9,07 13,90
42.30 9,07 14,24
42.33 9,24 14,24
42.37 9,24 14,40
42.40 9,24 14,57
42.43 9,24 14,57
42.47 9,24 14,74
42.50 9,24 14,74
42.53 9,24 14,74
42.57 9,24 14,91
42.60 9,24 14,91
42.63 9,24 15,08
42.67 9,07 15,08
42.70 9,07 15,08
42.73 9,07 15,25
42.77 8,90 15,42
42.80 8,90 15,42
42.83 8,73 15,42
42.87 8,73 15,42
42.90 8,56 15,58
42.93 8,56 15,58
42.97 8,39 15,58
43.00 8,39 15,58
43.03 8,22 15,75
43.07 8,06 15,75
43.10 7,89 15,75
43.13 7,89 15,58
43.17 7,72 15,41
43.20 7,72 15,25
43.23 7,72 15,08
43.27 7,72 14,74
43.30 7,55 14,57
43.33 7,55 14,40
43.37 7,38 14,06
43.40 7,38 13,73
43.43 7,21 13,39
43.47 7,21 13,05
43.50 7,04 12,55
43.53 7,04 12,04
43.57 6,87 11,36
43.60 6,87 10,69
43.63 6,71 10,01
43.67 6,71 9,17
43.70 6,54 8,33
43.73 6,54 7,65
43.77 6,37 6,81
43.80 6,37 5,96
43.83 6,20 5,12
43.87 6,20 4,28
43.90 6,20 3,26
43.93 6,04 2,59
43.97 6,04 1,58
44.00 5,87 0,73
44.03 5,87 -0,28
44.07 5,70 -1,12
44.10 5,54 -1,97
44.13 5,53 -2,98
44.17 5,20 -3,82
44.20 5,19 -4,84
44.23 4,86 -5,68
44.27 4,69 -6,52
44.30 4,52 -7,54
44.33 4,18 -8,21
44.37 4,02 -9,22
44.40 3,85 -10,07
44.43 3,69 -10,91
44.47 3,52 -11,75
44.50 3,18 -12,43
44.53 3,18 -13,44
44.57 3,01 -14,28
44.60 2,85 -14,96
44.63 2,68 -15,63
44.67 2,51 -16,48
44.70 2,51 -17,32
44.73 2,34 -17,83
44.77 2,34 -18,67
44.80 2,17 -19,18
44.83 2,17 -19,85
44.87 2,17 -20,53
44.90 2,17 -21,20
44.93 2,17 -21,71
44.97 2,17 -22,22
45.00 2,17 -22,72
45.03 2,17 -23,06
45.07 2,17 -23,57
45.10 2,18 -24,07
45.13 2,34 -24,58
45.17 2,35 -24,91
45.20 2,51 -25,25
45.23 2,51 -25,59
45.27 2,68 -25,93
45.30 2,68 -26,27
45.33 2,85 -26,60
45.37 3,02 -26,94
45.40 3,19 -27,11
45.43 3,19 -27,28
45.47 3,35 -27,45
45.50 3,35 -27,62
45.53 3,35 -27,62
45.57 3,52 -27,79
45.60 3,52 -27,96
45.63 3,52 -27,96
45.67 3,52 -27,79
45.70 3,52 -27,62
45.73 3,53 -27,45
45.77 3,53 -27,28
45.80 3,53 -26,77
45.83 3,36 -26,27
45.87 3,36 -25,76
45.90 3,36 -25,09
45.93 3,36 -24,41
45.97 3,19 -23,57
46.00 3,19 -22,55
46.03 3,19 -21,54
46.07 3,02 -20,36
46.10 3,02 -19,18
46.13 3,02 -18,00
46.17 3,02 -16,65
46.20 3,02 -15,30
46.23 3,02 -13,95
46.27 3,02 -12,43
46.30 3,02 -11,08
46.33 3,02 -9,56
46.37 2,86 -7,87
46.40 2,86 -6,35
46.43 2,86 -5,00
46.47 2,85 -3,65
46.50 2,86 -2,30
46.53 2,86 -0,95
46.57 2,86 0,40
46.60 3,03 1,41
46.63 3,03 2,59
46.67 3,20 3,60
46.70 3,37 4,62
46.73 3,53 5,63
46.77 3,70 6,47
46.80 3,87 7,32
46.83 4,04 8,16
46.87 4,38 8,84
46.90 4,55 9,68
46.93 4,88 10,19
46.97 5,22 10,69
47.00 5,39 11,20
47.03 5,73 11,71
47.07 5,89 12,21
47.10 6,23 12,55
47.13 6,40 12,89
47.17 6,57 13,22
47.20 6,57 13,39
47.23 6,73 13,56
47.27 6,73 13,73
47.30 6,73 13,73
47.33 6,56 13,90
47.37 6,56 13,90
47.40 6,56 13,90
47.43 6,39 14,07
47.47 6,39 14,07
47.50 6,39 14,07
47.53 6,39 14,07
47.57 6,38 14,07
47.60 6,38 14,07
47.63 6,21 14,24
47.67 6,21 14,24
47.70 6,21 14,24
47.73 6,21 14,24
47.77 6,21 14,24
47.80 6,21 14,41
47.83 6,21 14,41
47.87 6,22 14,41
47.90 6,22 14,41
47.93 6,38 14,41
47.97 6,38 14,40
48.00 6,38 14,40
48.03 6,38 14,40
48.07 6,38 14,41
48.10 6,38 14,41
48.13 6,38 14,41
48.17 6,55 14,57
48.20 6,55 14,57
48.23 6,55 14,57
48.27 6,55 14,57
48.30 6,55 14,57
48.33 6,55 14,58
48.37 6,55 14,58
48.40 6,55 14,58
48.43 6,55 14,41
48.47 6,55 14,41
48.50 6,55 14,24
48.53 6,55 14,07
48.57 6,54 13,73
48.60 6,54 13,39
48.63 6,54 13,22
48.67 6,54 12,89
48.70 6,54 12,38
48.73 6,55 12,04
48.77 6,71 11,53
48.80 6,71 11,03
48.83 6,71 10,35
48.87 6,72 9,85
48.90 6,72 9,34
48.93 6,72 8,67
48.97 6,72 8,16
49.00 6,72 7,48
49.03 6,73 6,81
49.07 6,72 6,13
49.10 6,72 5,63
49.13 6,55 4,95
49.17 6,55 4,28
49.20 6,55 3,43
49.23 6,38 2,76
49.27 6,39 1,91
49.30 6,38 1,07
49.33 6,22 0,23
49.37 6,22 -0,79
49.40 6,05 -1,46
49.43 5,88 -2,47
49.47 5,71 -3,15
49.50 5,71 -4,67
49.53 5,54 -5,68
49.57 5,37 -6,69
49.60 5,20 -7,53
49.63 5,03 -8,38
49.67 4,86 -9,22
49.70 4,69 -9,90
49.73 4,53 -10,74
49.77 4,36 -11,58
49.80 4,19 -12,26
49.83 4,19 -13,10
49.87 4,02 -13,77
49.90 4,02 -14,45
49.93 3,85 -15,12
49.97 3,85 -15,80
50.00 3,68 -16,48
50.03 3,52 -17,15
50.07 3,52 -17,82
50.10 3,52 -18,50
50.13 3,51 -19,00
50.17 3,35 -19,51
50.20 3,35 -20,02
50.23 3,35 -20,69
50.27 3,52 -21,37
50.30 3,51 -21,87
50.33 3,52 -22,38
50.37 3,52 -22,72
50.40 3,52 -23,22
50.43 3,69 -23,73
50.47 3,69 -24,07
50.50 3,69 -24,40
50.53 3,85 -24,91
50.57 3,85 -25,08
50.60 3,86 -25,42
50.63 3,86 -25,75
50.67 4,02 -26,09
50.70 4,02 -26,26
50.73 4,02 -26,60
50.77 4,02 -26,77
50.80 4,02 -26,94
50.83 4,03 -27,10
50.87 4,19 -27,44
50.90 4,19 -27,61
50.93 4,19 -27,61
50.97 4,19 -27,61
51.00 4,02 -27,44
51.03 4,02 -27,44
51.07 4,02 -27,11
51.10 4,02 -26,94
51.13 4,02 -26,60
51.17 4,02 -26,09
51.20 4,02 -25,76
51.23 3,86 -25,08
51.27 3,86 -24,41
51.30 3,86 -23,73
51.33 3,85 -22,89
51.37 3,69 -21,87
51.40 3,69 -21,03
51.43 3,69 -19,85
51.47 3,69 -18,67
51.50 3,86 -17,66
51.53 3,86 -16,31
51.57 4,02 -15,12
51.60 4,02 -13,78
51.63 4,19 -12,43
51.67 4,19 -11,08
51.70 4,36 -9,73
51.73 4,53 -8,55
51.77 4,70 -7,20
51.80 4,86 -6,01
51.83 4,87 -4,83
51.87 5,03 -3,65
51.90 5,20 -2,64
51.93 5,20 -1,46
51.97 5,37 -0,28
52.00 5,37 0,90
52.03 5,54 1,91
52.07 5,54 3,10
52.10 5,54 4,11
52.13 5,71 5,12
52.17 5,71 6,13
52.20 5,88 6,81
52.23 6,04 7,82
52.27 6,21 8,50
52.30 6,38 9,34
52.33 6,54 10,02
52.37 6,54 10,69
52.40 6,71 11,37
52.43 6,88 12,04
52.47 7,05 12,72
52.50 7,22 13,39
52.53 7,39 13,90
52.57 7,56 14,40
52.60 7,73 14,57
52.63 7,90 14,91
52.67 8,07 14,91
52.70 8,07 15,08
52.73 8,06 15,08
52.77 8,06 15,08
52.80 7,90 15,08
52.83 7,90 14,91
52.87 7,89 14,91
52.90 7,73 14,91
52.93 7,56 14,91
52.97 7,56 14,74
53.00 7,56 14,74
53.03 7,56 14,74
53.07 7,39 14,74
53.10 7,39 14,57
53.13 7,39 14,57
53.17 7,39 14,57
53.20 7,39 14,57
53.23 7,39 14,57
53.27 7,39 14,57
53.30 7,39 14,57
53.33 7,39 14,41
53.37 7,39 14,40
53.40 7,56 14,24
53.43 7,39 14,24
53.47 7,39 14,07
53.50 7,39 14,07
53.53 7,39 13,90
53.57 7,23 13,90
53.60 7,23 13,90
53.63 7,23 13,73
53.67 7,06 13,73
53.70 7,06 13,73
53.73 7,06 13,73
53.77 6,89 13,73
53.80 6,89 13,56
53.83 6,89 13,56
53.87 6,73 13,73
53.90 6,73 13,73
53.93 6,72 13,73
53.97 6,56 13,73
54.00 6,56 13,90
54.03 6,56 13,90
54.07 6,56 13,90
54.10 6,55 13,90
54.13 6,55 13,73
54.17 6,55 13,73
54.20 6,56 13,73
54.23 6,72 13,73
54.27 6,72 13,73
54.30 6,72 13,90
54.33 6,89 13,90
54.37 7,06 13,90
54.40 7,06 13,90
54.43 7,23 13,90
54.47 7,57 13,73
54.50 7,73 13,73
54.53 7,90 13,73
54.57 8,07 13,73
54.60 8,41 13,90
54.63 8,58 13,90
54.67 8,74 14,07
54.70 8,91 13,90
54.73 8,91 13,90
54.77 9,08 14,07
54.80 9,25 14,07
54.83 9,42 14,07
54.87 9,42 14,07
54.90 9,42 14,07
54.93 9,42 14,07
54.97 9,42 14,07
55.00 9,42 14,24
55.03 9,42 14,24
55.07 9,42 14,24
55.10 9,42 14,24
55.13 9,26 14,41
55.17 9,26 14,41
55.20 9,25 14,41
55.23 9,25 14,41
55.27 9,08 14,40
55.30 9,08 14,40
55.33 8,92 14,24
55.37 8,91 14,24
55.40 8,74 14,07
55.43 8,57 13,90
55.47 8,40 13,73
55.50 8,24 13,39
55.53 8,07 13,05
55.57 7,90 12,72
55.60 7,73 12,21
55.63 7,56 11,71
55.67 7,22 11,20
55.70 7,05 10,69
55.73 6,88 10,19
55.77 6,54 9,68
55.80 6,37 9,17
55.83 6,03 8,67
55.87 5,86 7,99
55.90 5,53 7,49
55.93 5,36 6,81
55.97 5,02 6,30
56.00 4,85 5,63
56.03 4,51 4,95
56.07 4,34 4,45
56.10 4,01 3,77
56.13 3,84 3,10
56.17 3,67 2,59
56.20 3,50 1,92
56.23 3,33 1,24
56.27 3,16 0,57
56.30 2,99 -0,11
56.33 2,82 -0,61
56.37 2,65 -1,29
56.40 2,48 -1,96
56.43 2,48 -2,64
56.47 2,31 -3,31
56.50 2,31 -3,99
56.53 2,31 -4,66
56.57 2,15 -5,17
56.60 2,14 -5,85
56.63 1,98 -6,52
56.67 1,98 -7,20
56.70 1,81 -7,87
56.73 1,81 -8,55
56.77 1,81 -9,22
56.80 1,81 -9,90
56.83 1,64 -10,40
56.87 1,64 -11,08
56.90 1,64 -11,75
56.93 1,64 -12,26
56.97 1,64 -12,93
57.00 1,64 -13,44
57.03 1,64 -14,12
57.07 1,65 -14,79
57.10 1,65 -15,30
57.13 1,65 -15,80
57.17 1,65 -16,48
57.20 1,65 -16,99
57.23 1,65 -17,66
57.27 1,65 -18,17
57.30 1,65 -18,67
57.33 1,82 -19,35
57.37 1,82 -19,85
57.40 1,82 -20,19
57.43 1,82 -20,70
57.47 1,99 -21,20
57.50 1,99 -21,54
57.53 2,15 -22,05
57.57 2,15 -22,39
57.60 2,15 -22,72
57.63 2,16 -23,06
57.67 2,16 -23,23
57.70 2,16 -23,40
57.73 2,16 -23,74
57.77 2,16 -24,07
57.80 2,16 -24,24
57.83 2,33 -24,75
57.87 2,16 -24,92
57.90 2,16 -25,26
57.93 2,16 -25,42
57.97 2,16 -25,76
58.00 1,99 -25,93
58.03 1,99 -26,10
58.07 1,99 -26,27
58.10 1,99 -26,44
58.13 1,99 -26,61
58.17 1,82 -26,61
58.20 1,82 -26,78
58.23 1,82 -26,78
58.27 1,82 -26,78
58.30 1,82 -26,78
58.33 1,82 -26,61
58.37 1,82 -26,44
58.40 1,82 -26,27
58.43 1,82 -25,94
58.47 1,82 -25,60
58.50 1,82 -25,26
58.53 1,82 -24,75
58.57 1,82 -24,25
58.60 1,65 -23,57
58.63 1,66 -23,07
58.67 1,66 -22,39
58.70 1,66 -21,72
58.73 1,49 -20,87
58.77 1,49 -20,20
58.80 1,49 -19,52
58.83 1,32 -18,51
58.87 1,32 -17,84
58.90 1,15 -16,83
58.93 1,15 -15,98
58.97 1,15 -15,14
59.00 1,15 -14,13
59.03 1,15 -13,12
59.07 1,15 -12,11
59.10 1,32 -11,26
59.13 1,32 -10,08
59.17 1,32 -8,90
59.20 1,49 -7,89
59.23 1,66 -6,70
59.27 1,83 -5,52
59.30 1,99 -4,34
59.33 2,16 -2,99
59.37 2,33 -1,81
59.40 2,50 -0,63
59.43 2,67 0,55
59.47 2,84 1,73
59.50 3,01 2,91
59.53 3,34 3,93
59.57 3,51 4,94
59.60 3,68 5,95
59.63 3,85 6,80
59.67 4,02 7,64
59.70 4,36 8,32
59.73 4,52 8,99
59.77 4,69 9,67
59.80 4,86 10,34
59.83 5,03 11,02
59.87 5,37 11,52
59.90 5,54 12,03
59.93 5,71 12,36
59.97 6,04 12,70
60.00 6,21 13,04
60.03 6,38 13,38
60.07 6,55 13,72
60.10 6,72 14,06
60.13 6,89 14,23
60.17 6,89 14,56
60.20 6,89 14,56
60.23 6,89 14,73
60.27 6,89 14,73
60.30 6,89 14,73
60.33 6,89 14,73
60.37 6,72 14,73
60.40 6,72 14,56
60.43 6,72 14,56
60.47 6,72 14,56
60.50 6,72 14,56
60.53 6,72 14,56
60.57 6,72 14,73
60.60 6,72 14,73
60.63 6,72 14,90
60.67 6,89 14,90
60.70 6,88 15,07
60.73 6,88 15,07
60.77 6,89 15,07
60.80 7,05 15,07
60.83 7,05 15,07
60.87 7,05 15,07
60.90 7,05 15,07
60.93 7,05 15,07
60.97 7,05 15,07
61.00 7,05 15,07
61.03 7,05 15,07
61.07 7,05 15,07
61.10 7,06 15,07
61.13 7,06 15,07
61.17 7,22 15,07
61.20 7,22 15,07
61.23 7,22 15,07
61.27 7,22 15,07
61.30 7,22 15,07
61.33 7,22 15,07
61.37 7,22 15,07
61.40 7,22 15,07
61.43 7,22 15,07
61.47 7,21 15,07
61.50 7,21 15,07
61.53 7,21 15,07
61.57 7,21 15,07
61.60 7,21 15,07
61.63 7,21 15,07
61.67 7,21 14,90
61.70 7,37 14,90
61.73 7,37 14,90
61.77 7,37 15,07
61.80 7,20 15,07
61.83 7,20 15,24
61.87 7,03 15,41
61.90 7,03 15,57
61.93 6,86 15,57
61.97 6,86 15,57
62.00 6,69 15,58
62.03 6,69 15,58
62.07 6,52 15,74
62.10 6,52 15,74
62.13 6,36 15,74
62.17 6,35 15,91
62.20 6,18 15,91
62.23 6,02 15,91
62.27 6,01 15,91
62.30 5,84 15,74
62.33 5,68 15,57
62.37 5,68 15,40
62.40 5,68 15,40
62.43 5,51 15,40
62.47 5,34 15,23
62.50 5,34 15,40
62.53 5,17 15,23
62.57 5,17 15,07
62.60 5,00 14,73
62.63 5,00 14,73
62.67 5,00 14,39
62.70 4,83 14,05
62.73 4,83 13,88
62.77 4,83 13,55
62.80 4,66 13,21
62.83 4,66 12,87
62.87 4,66 12,37
62.90 4,66 12,03
62.93 4,49 11,52
62.97 4,49 11,02
63.00 4,49 10,51
63.03 4,32 10,00
63.07 4,32 9,33
63.10 4,32 8,65
63.13 4,32 7,98
63.17 4,32 7,30
63.20 4,15 6,63
63.23 4,15 5,95
63.27 3,99 5,28
63.30 4,15 4,43
63.33 3,98 3,76
63.37 3,98 2,92
63.40 3,98 2,07
63.43 3,98 1,40
63.47 3,81 0,72
63.50 3,81 -0,12
63.53 3,81 -0,80
63.57 3,64 -1,47
63.60 3,64 -2,32
63.63 3,64 -2,99
63.67 3,64 -3,83
63.70 3,64 -4,51
63.73 3,47 -5,18
63.77 3,47 -5,86
63.80 3,47 -6,53
63.83 3,47 -7,21
63.87 3,47 -7,89
63.90 3,30 -8,56
63.93 3,30 -9,07
63.97 3,30 -9,74
64.00 3,30 -10,42
64.03 3,30 -11,09
64.07 3,13 -11,60
64.10 3,13 -12,10
64.13 3,13 -12,78
64.17 3,13 -13,45
64.20 3,13 -13,96
64.23 3,13 -14,64
64.27 3,13 -15,31
64.30 2,97 -15,82
64.33 2,97 -16,49
64.37 2,97 -17,00
64.40 2,80 -17,50
64.43 2,80 -18,18
64.47 2,80 -18,68
64.50 2,80 -19,19
64.53 2,80 -19,70
64.57 2,63 -20,03
64.60 2,63 -20,54
64.63 2,46 -20,88
64.67 2,46 -21,38
64.70 2,46 -21,72
64.73 2,46 -22,23
64.77 2,30 -22,40
64.80 2,30 -22,74
64.83 2,29 -23,07
64.87 2,29 -23,41
64.90 2,29 -23,75
64.93 2,13 -23,75
64.97 2,13 -24,09
65.00 2,29 -24,43
65.03 2,29 -24,76
65.07 2,30 -24,93
65.10 2,30 -25,10
65.13 2,46 -25,44
65.17 2,46 -25,61
65.20 2,47 -25,77
65.23 2,47 -25,78
65.27 2,47 -25,95
65.30 2,47 -26,11
65.33 2,47 -26,28
65.37 2,47 -26,28
65.40 2,47 -26,28
65.43 2,47 -26,28
65.47 2,47 -26,28
65.50 2,30 -26,28
65.53 2,31 -26,28
65.57 2,30 -26,11
65.60 2,14 -25,94
65.63 1,97 -25,61
65.67 1,97 -25,44
65.70 1,80 -24,93
65.73 1,63 -24,59
65.77 1,46 -23,92
65.80 1,46 -23,41
65.83 1,29 -22,74
65.87 1,12 -21,89
65.90 1,12 -21,22
65.93 0,96 -20,38
65.97 0,96 -19,53
66.00 0,79 -18,69
66.03 0,79 -18,02
66.07 0,79 -17,17
66.10 0,79 -16,50
66.13 0,79 -15,65
66.17 0,78 -14,98
66.20 0,78 -14,47
66.23 0,78 -13,80
66.27 0,78 -13,29
66.30 0,78 -12,79
66.33 0,95 -12,45
66.37 0,95 -11,95
66.40 0,95 -11,44
66.43 0,95 -10,93
66.47 0,78 -10,26
66.50 0,78 -9,58
66.53 0,95 -8,91
66.57 0,95 -8,23
66.60 0,95 -7,39
66.63 1,11 -6,55
66.67 1,11 -5,53
66.70 1,11 -4,52
66.73 1,28 -3,34
66.77 1,45 -2,16
66.80 1,45 -0,81
66.83 1,62 0,37
66.87 1,78 1,72
66.90 1,95 3,07
66.93 2,29 4,42
66.97 2,63 5,77
67.00 2,96 7,12
67.03 3,13 8,47
67.07 3,47 9,65
67.10 3,80 10,83
67.13 4,14 11,85
67.17 4,31 12,69
67.20 4,48 13,37
67.23 4,65 13,87
67.27 4,81 14,04
67.30 4,81 14,21
67.33 4,81 14,21
67.37 4,81 14,21
67.40 4,64 14,04
67.43 4,47 14,04
67.47 4,14 14,04
67.50 3,97 13,87
67.53 3,63 13,87
67.57 3,29 13,70
67.60 2,95 13,70
67.63 2,45 13,53
67.67 2,11 13,36
67.70 1,60 13,36
67.73 0,93 13,36
67.77 0,42 13,36
67.80 -0,25 13,36
67.83 -1,10 13,53
67.87 -1,94 13,70
67.90 -2,95 13,87
67.93 -3,96 14,04
67.97 -4,98 14,38
68.00 -6,16 14,88
68.03 -7,34 15,39
68.07 -8,52 15,72
68.10 -9,53 16,06
68.13 -10,71 16,40
68.17 -11,73 16,74
68.20 -12,74 16,90
68.23 -13,92 17,07
68.27 -14,77 17,24
68.30 -15,78 17,41
68.33 -16,62 17,41
68.37 -17,46 17,41
68.40 -18,14 17,41
68.43 -18,81 17,41
68.47 -19,49 17,41
68.50 -20,16 17,24
68.53 -20,67 17,24
68.57 -21,34 17,07
68.60 -21,85 17,07
68.63 -22,36 17,07
68.67 -22,69 17,07
68.70 -23,20 17,07
68.73 -23,53 17,07
68.77 -23,87 16,90
68.80 -24,04 16,74
68.83 -24,21 16,40
68.87 -24,38 16,06
68.90 -24,38 15,72
68.93 -24,38 15,39
68.97 -24,55 15,05
69.00 -24,55 15,05
69.03 -24,72 14,88
69.07 -24,88 14,88
69.10 -25,05 14,88
69.13 -25,39 14,71
69.17 -25,56 14,54
69.20 -25,73 14,21
69.23 -26,06 13,87
69.27 -26,23 13,53
69.30 -26,40 13,03
69.33 -26,74 12,69
69.37 -27,08 12,35
69.40 -27,41 12,01
69.43 -27,41 12,01
69.47 -27,25 12,01
69.50 -27,24 12,01
69.53 -27,07 12,01
69.57 -27,07 12,01
69.60 -27,08 12,01
69.63 -27,08 12,01
69.67 -27,08 12,01
69.70 -27,08 12,01
69.73 -26,91 12,18
69.77 -26,91 12,18
69.80 -26,91 12,18
69.83 -26,74 12,35
69.87 -26,74 12,35
69.90 -26,74 12,35
69.93 -26,91 12,35
69.97 -26,74 12,35
70.00 -26,57 12,35
70.03 -26,57 12,69
70.07 -26,57 12,69
70.10 -26,57 12,52
70.13 -26,40 12,52
70.17 -26,40 12,35
70.20 -26,24 12,35
70.23 -26,40 12,35
70.27 -26,57 12,35
70.30 -26,57 12,35
70.33 -26,57 12,35
70.37 -26,57 12,35
70.40 -26,57 12,35
70.43 -26,74 12,35
70.47 -26,74 12,35
70.50 -26,57 12,35
70.53 -26,57 12,35
70.57 -26,74 12,18
70.60 -26,74 12,18
70.63 -26,74 12,18
70.67 -26,74 12,35
70.70 -26,74 12,35
