#Kinovea Trajectory data export
#T X Y

# Trajectory 1
8.30 34,46 90,33 
8.33 34,46 90,33 
8.37 34,47 90,16 
8.40 34,48 89,99 
8.43 34,64 89,99 
8.47 34,65 89,98 
8.50 34,81 90,16 
8.53 34,81 90,33 
8.57 34,81 90,33 
8.60 34,81 90,33 
8.63 34,99 90,33 
8.67 35,16 90,15 
8.70 35,33 89,97 
8.73 35,51 89,62 
8.77 35,85 89,45 
8.80 36,02 89,28 
8.83 36,19 89,28 
8.87 36,36 89,28 
8.90 36,52 89,28 
8.93 36,52 89,27 
8.97 36,53 88,92 
9.00 36,54 88,75 
9.03 36,54 88,40 
9.07 36,53 88,06 
9.10 36,36 87,88 
9.13 36,19 87,88 
9.17 36,02 87,88 
9.20 35,85 88,06 
9.23 35,68 88,23 
9.27 35,51 88,41 
9.30 35,34 88,41 
9.33 35,34 88,59 
9.37 35,33 88,60 
9.40 35,32 88,60 
9.43 35,31 88,43 
9.47 35,31 88,26 
9.50 35,32 88,08 
9.53 35,49 88,08 
9.57 35,50 88,08 
9.60 35,67 88,24 
9.63 35,67 88,25 
9.67 35,67 88,43 
9.70 35,68 88,61 
9.73 35,68 88,79 
9.77 35,69 88,96 
9.80 35,69 88,96 
9.83 35,68 88,97 
9.87 35,67 89,14 
9.90 35,50 89,32 
9.93 35,51 89,68 
9.97 35,51 90,02 
10.00 35,68 90,37 
10.03 35,69 90,36 
10.07 35,87 90,18 
10.10 36,04 89,83 
10.13 36,21 89,31 
10.17 36,38 89,13 
10.20 36,38 88,95 
10.23 36,38 88,95 
10.27 36,39 89,13 
10.30 36,41 89,48 
10.33 36,58 89,66 
10.37 36,57 89,66 
10.40 36,56 89,48 
10.43 36,56 89,31 
10.47 36,56 88,96 
10.50 36,56 88,78 
10.53 36,56 88,60 
10.57 36,56 88,60 
10.60 36,56 88,60 
10.63 36,39 88,61 
10.67 36,40 88,61 
10.70 36,40 88,61 
10.73 36,40 88,44 
10.77 36,40 88,26 
10.80 36,40 88,08 
10.83 36,39 87,90 
10.87 36,37 87,89 
10.90 36,20 87,89 
10.93 36,20 87,89 
10.97 36,03 88,06 
11.00 36,03 88,07 
11.03 36,02 88,07 
11.07 35,85 88,07 
11.10 35,85 88,08 
11.13 35,68 88,07 
11.17 35,69 88,07 
11.20 35,69 88,07 
11.23 35,69 88,24 
11.27 35,52 88,25 
11.30 35,51 88,42 
11.33 35,35 88,59 
11.37 35,35 88,59 
11.40 35,35 88,58 
11.43 35,34 88,40 
11.47 35,17 88,23 
11.50 35,16 88,04 
11.53 34,98 87,52 
11.57 34,81 86,63 
11.60 34,65 85,22 
11.63 34,65 83,47 
11.67 34,65 81,71 
11.70 34,64 80,14 
11.73 34,30 78,74 
11.77 34,29 77,34 
11.80 34,11 75,76 
11.83 33,95 74,18 
11.87 33,95 72,60 
11.90 33,95 71,02 
11.93 33,93 69,27 
11.97 33,76 67,51 
12.00 33,75 65,58 
12.03 33,59 63,83 
12.07 33,57 62,24 
12.10 33,41 60,49 
12.13 33,24 58,91 
12.17 33,24 57,32 
12.20 33,07 55,92 
12.23 32,88 54,69 
12.27 32,70 53,45 
12.30 32,52 52,05 
12.33 32,35 50,64 
12.37 32,18 49,23 
12.40 32,17 47,82 
12.43 31,83 46,41 
12.47 31,83 44,84 
12.50 31,82 43,26 
12.53 31,65 41,85 
12.57 31,48 40,28 
12.60 31,48 38,70 
12.63 31,30 37,11 
12.67 31,30 35,36 
12.70 31,29 33,78 
12.73 31,13 32,02 
12.77 31,13 30,44 
12.80 31,14 28,68 
12.83 31,14 26,93 
12.87 31,14 25,18 
12.90 31,14 23,60 
12.93 31,14 21,84 
12.97 31,14 20,26 
13.00 31,13 18,68 
13.03 31,12 16,93 
13.07 30,96 15,35 
13.10 30,79 13,78 
13.13 30,78 12,37 
13.17 30,59 11,14 
13.20 30,41 10,08 
13.23 30,22 9,03 
13.27 29,87 8,15 
13.30 29,70 7,10 
13.33 29,53 6,22 
13.37 29,36 5,51 
13.40 29,19 5,33 
13.43 28,84 6,03 
13.47 28,50 7,27 
13.50 28,32 9,02 
13.53 28,13 10,96 
13.57 27,79 13,24 
13.60 27,61 15,52 
13.63 27,44 17,80 
13.67 27,27 20,08 
13.70 27,27 22,19 
13.73 27,27 24,29 
13.77 27,27 26,40 
13.80 27,27 28,69 
13.83 27,27 31,14 
13.87 27,28 33,25 
13.90 27,45 35,54 
13.93 27,46 37,64 
13.97 27,62 39,75 
14.00 27,62 42,04 
14.03 27,63 44,32 
14.07 27,80 46,25 
14.10 27,97 48,36 
14.13 27,98 50,46 
14.17 27,99 52,56 
14.20 28,16 54,67 
14.23 28,16 57,12 
14.27 28,33 59,40 
14.30 28,33 62,04 
14.33 28,50 64,50 
14.37 28,67 67,13 
14.40 28,85 69,94 
14.43 29,04 72,75 
14.47 29,23 75,39 
14.50 29,42 78,20 
14.53 29,76 80,83 
14.57 29,77 83,29 
14.60 29,94 85,57 
14.63 30,11 87,15 
14.67 30,12 88,38 
14.70 30,29 88,91 
14.73 30,30 88,73 
14.77 30,47 88,38 
14.80 30,47 87,68 
14.83 30,46 86,97 
14.87 30,29 86,62 
14.90 30,11 86,45 
14.93 29,77 86,45 
14.97 29,59 86,10 
15.00 29,24 85,40 
15.03 29,07 84,34 
15.07 28,88 82,94 
15.10 28,53 81,18 
15.13 28,35 79,60 
15.17 28,17 77,67 
15.20 27,83 75,74 
15.23 27,65 73,81 
15.27 27,46 71,87 
15.30 27,12 69,77 
15.33 27,12 67,84 
15.37 26,93 65,73 
15.40 26,76 63,62 
15.43 26,74 61,69 
15.47 26,56 59,76 
15.50 26,39 57,66 
15.53 26,39 55,72 
15.57 26,39 53,97 
15.60 26,21 52,03 
15.63 26,20 50,10 
15.67 26,19 48,17 
15.70 26,18 46,42 
15.73 26,17 44,31 
15.77 26,00 42,56 
15.80 26,00 40,80 
15.83 26,00 38,69 
15.87 25,99 36,76 
15.90 25,98 34,83 
15.93 25,80 32,90 
15.97 25,80 30,97 
16.00 25,80 29,04 
16.03 25,79 27,11 
16.07 25,79 25,18 
16.10 25,79 23,25 
16.13 25,80 21,49 
16.17 25,81 19,56 
16.20 25,98 17,63 
16.23 25,99 15,87 
16.27 26,16 13,94 
16.30 26,16 12,19 
16.33 26,17 10,60 
16.37 26,18 9,02 
16.40 26,19 7,61 
16.43 26,20 6,21 
16.47 26,22 5,15 
16.50 26,39 4,27 
16.53 26,38 4,09 
16.57 26,21 4,80 
16.60 26,03 6,38 
16.63 25,84 8,49 
16.67 25,67 10,77 
16.70 25,67 13,05 
16.73 25,66 15,51 
16.77 25,64 17,97 
16.80 25,48 20,43 
16.83 25,63 22,36 
16.87 25,64 24,29 
16.90 25,65 26,05 
16.93 25,67 27,98 
16.97 25,83 29,91 
17.00 25,83 31,84 
17.03 25,83 33,77 
17.07 25,84 35,70 
17.10 25,85 37,81 
17.13 25,86 39,92 
17.17 26,03 41,85 
17.20 26,02 43,95 
17.23 26,02 45,89 
17.27 26,02 47,82 
17.30 26,02 49,75 
17.33 26,01 51,68 
17.37 26,01 53,61 
17.40 26,00 55,37 
17.43 25,99 57,48 
17.47 25,82 59,76 
17.50 25,82 62,04 
17.53 25,81 64,33 
17.57 25,65 66,78 
17.60 25,66 69,24 
17.63 25,68 71,70 
17.67 25,85 74,16 
17.70 25,85 76,62 
17.73 25,87 79,08 
17.77 26,03 81,54 
17.80 26,03 83,82 
17.83 26,04 85,75 
17.87 26,20 86,98 
17.90 26,20 87,68 
17.93 26,21 87,86 
17.97 26,22 87,86 
18.00 26,23 87,33 
18.03 26,40 86,63 
18.07 26,40 86,10 
18.10 26,23 85,75 
18.13 26,23 85,23 
18.17 26,23 84,17 
18.20 26,22 83,12 
18.23 26,22 81,54 
18.27 26,22 79,96 
18.30 26,23 78,21 
18.33 26,24 76,27 
18.37 26,42 74,34 
18.40 26,59 72,23 
18.43 26,60 70,30 
18.47 26,78 68,02 
18.50 26,95 65,74 
18.53 26,97 63,81 
18.57 27,14 61,53 
18.60 27,31 59,42 
18.63 27,31 57,14 
18.67 27,32 55,03 
18.70 27,32 52,92 
18.73 27,15 50,82 
18.77 27,16 48,71 
18.80 27,17 46,61 
18.83 27,18 44,50 
18.87 27,19 42,39 
18.90 27,18 40,28 
18.93 27,17 38,17 
18.97 27,00 36,06 
19.00 26,99 33,96 
19.03 26,82 32,02 
19.07 26,82 29,91 
19.10 26,80 27,81 
19.13 26,63 26,05 
19.17 26,64 24,12 
19.20 26,63 22,19 
19.23 26,46 20,43 
19.27 26,46 18,68 
19.30 26,44 16,74 
19.33 26,45 14,99 
19.37 26,11 13,23 
19.40 26,10 11,48 
19.43 25,93 10,07 
19.47 25,93 8,66 
19.50 25,75 7,44 
19.53 25,74 6,38 
19.57 25,73 5,33 
19.60 25,72 4,46 
19.63 25,55 4,28 
19.67 25,37 4,63 
19.70 25,01 6,04 
19.73 24,65 7,97 
19.77 24,31 9,90 
19.80 24,14 12,01 
19.83 23,96 14,29 
19.87 23,62 16,57 
19.90 23,60 18,68 
19.93 23,41 20,96 
19.97 23,23 23,06 
20.00 23,06 25,34 
20.03 22,90 27,45 
20.07 22,89 29,55 
20.10 22,72 31,66 
20.13 22,71 33,59 
20.17 22,53 35,69 
20.20 22,35 37,80 
20.23 22,18 39,90 
20.27 22,01 42,01 
20.30 22,01 43,94 
20.33 21,83 45,87 
20.37 21,67 47,98 
20.40 21,66 49,91 
20.43 21,50 51,84 
20.47 21,49 53,60 
20.50 21,48 55,36 
20.53 21,32 57,82 
20.57 21,32 59,93 
20.60 21,33 62,04 
20.63 21,33 64,32 
20.67 21,34 66,95 
20.70 21,51 69,41 
20.73 21,51 72,05 
20.77 21,69 74,85 
20.80 21,86 77,49 
20.83 22,02 80,30 
20.87 22,20 82,93 
20.90 22,37 85,39 
20.93 22,54 87,50 
20.97 22,71 89,08 
21.00 22,88 90,13 
21.03 23,05 90,48 
21.07 23,05 90,66 
21.10 23,06 90,31 
21.13 23,07 89,60 
21.17 23,08 88,73 
21.20 23,08 87,67 
21.23 22,90 86,80 
21.27 22,73 85,39 
21.30 22,72 83,46 
21.33 22,55 81,53 
21.37 22,55 79,24 
21.40 22,55 76,79 
21.43 22,39 74,68 
21.47 22,39 72,22 
21.50 22,40 69,76 
21.53 22,57 67,30 
21.57 22,40 65,19 
21.60 22,40 62,91 
21.63 22,40 60,45 
21.67 22,41 57,99 
21.70 22,40 55,71 
21.73 22,23 53,95 
21.77 22,05 51,85 
21.80 22,21 49,56 
21.83 22,04 47,63 
21.87 22,04 45,35 
21.90 21,86 43,59 
21.93 21,69 41,66 
21.97 21,52 39,73 
22.00 21,53 37,62 
22.03 21,52 35,51 
22.07 21,34 33,58 
22.10 21,17 31,82 
22.13 21,17 29,71 
22.17 21,00 27,78 
22.20 21,00 25,85 
22.23 20,82 23,92 
22.27 20,83 22,17 
22.30 20,65 20,24 
22.33 20,65 18,31 
22.37 20,49 16,55 
22.40 20,50 14,62 
22.43 20,49 12,86 
22.47 20,49 11,11 
22.50 20,49 9,52 
22.53 20,49 7,94 
22.57 20,49 6,71 
22.60 20,49 5,49 
22.63 20,48 4,43 
22.67 20,49 3,38 
22.70 20,49 2,68 
22.73 20,48 2,68 
22.77 20,13 3,57 
22.80 19,77 5,32 
22.83 19,60 7,25 
22.87 19,25 9,36 
22.90 19,07 11,47 
22.93 18,89 13,75 
22.97 18,71 16,03 
23.00 18,71 18,31 
23.03 18,71 20,42 
23.07 18,54 22,53 
23.10 18,54 24,63 
23.13 18,37 26,74 
23.17 18,37 28,67 
23.20 18,37 30,60 
23.23 18,38 32,71 
23.27 18,38 34,82 
23.30 18,39 36,75 
23.33 18,57 38,68 
23.37 18,58 40,62 
23.40 18,75 42,55 
23.43 18,76 44,48 
23.47 18,93 46,23 
23.50 18,93 47,99 
23.53 19,11 49,57 
23.57 19,28 51,15 
23.60 19,28 52,90 
23.63 19,46 54,48 
23.67 19,63 56,06 
23.70 19,80 57,64 
23.73 19,97 59,40 
23.77 20,14 61,33 
23.80 20,31 63,27 
23.83 20,49 65,37 
23.87 20,83 67,30 
23.90 21,01 69,59 
23.93 21,37 71,87 
23.97 21,72 74,15 
24.00 22,08 76,43 
24.03 22,43 78,89 
24.07 22,96 81,00 
24.10 23,48 83,10 
24.13 23,82 85,03 
24.17 24,17 86,61 
24.20 24,53 87,67 
24.23 24,88 88,19 
24.27 25,24 88,37 
24.30 25,59 88,20 
24.33 25,94 87,84 
24.37 26,29 87,32 
24.40 26,64 86,79 
24.43 26,98 86,62 
24.47 27,16 86,61 
24.50 27,51 86,44 
24.53 27,85 86,44 
24.57 28,20 86,44 
24.60 28,55 86,26 
24.63 28,90 86,26 
24.67 29,24 86,08 
24.70 29,42 85,91 
24.73 29,77 85,73 
24.77 29,95 85,73 
24.80 30,13 85,73 
24.83 30,31 85,73 
24.87 30,32 85,91 
24.90 30,50 86,09 
24.93 30,67 86,09 
24.97 30,67 86,26 
25.00 30,85 86,44 
25.03 30,85 86,44 
25.07 31,02 86,61 
25.10 31,02 86,79 
25.13 31,02 86,79 
25.17 31,03 86,97 
25.20 31,20 87,14 
25.23 31,21 87,14 
25.27 31,38 87,14 
25.30 31,38 87,14 
25.33 31,55 87,14 
25.37 31,56 87,14 
25.40 31,73 87,14 
25.43 31,73 86,97 
25.47 31,73 86,97 
25.50 31,73 86,79 
25.53 31,73 86,79 
25.57 31,72 86,62 
25.60 31,72 86,44 
25.63 31,72 86,44 
25.67 31,73 86,27 
25.70 31,73 86,27 
25.73 31,73 86,09 
25.77 31,73 85,92 
25.80 31,74 85,92 
25.83 31,74 85,92 
25.87 31,74 85,92 
25.90 31,75 85,92 
25.93 31,75 85,92 
25.97 31,75 85,92 
26.00 31,75 85,92 
26.03 31,74 85,92 
26.07 31,73 86,10 
26.10 31,56 86,28 
26.13 31,56 86,28 
26.17 31,39 86,46 
26.20 31,39 86,63 
26.23 31,38 86,80 
26.27 31,20 86,80 
26.30 31,03 86,81 
26.33 31,03 86,98 
26.37 30,85 86,98 
26.40 30,68 86,98 
26.43 30,51 86,80 
26.47 30,34 86,80 
26.50 30,15 86,28 
26.53 29,81 85,40 
26.57 29,64 84,17 
26.60 29,46 82,41 
26.63 29,30 80,48 
26.67 29,29 78,38 
26.70 29,12 76,27 
26.73 28,94 74,34 
26.77 28,76 72,58 
26.80 28,42 70,47 
26.83 28,25 68,37 
26.87 28,07 66,44 
26.90 27,73 64,33 
26.93 27,56 62,40 
26.97 27,39 60,46 
27.00 27,21 58,18 
27.03 27,04 56,42 
27.07 26,70 54,49 
27.10 26,36 52,56 
27.13 26,35 50,46 
27.17 26,00 48,52 
27.20 25,84 46,42 
27.23 25,65 44,49 
27.27 25,31 42,73 
27.30 25,31 40,62 
27.33 25,13 38,52 
27.37 24,96 36,59 
27.40 24,78 34,66 
27.43 24,60 32,72 
27.47 24,43 30,61 
27.50 24,27 28,51 
27.53 24,27 26,40 
27.57 24,10 24,47 
27.60 24,09 22,53 
27.63 24,08 20,43 
27.67 23,91 18,50 
27.70 23,92 16,57 
27.73 23,91 14,81 
27.77 23,74 13,23 
27.80 23,74 11,47 
27.83 23,73 9,89 
27.87 23,56 8,49 
27.90 23,39 7,26 
27.93 23,22 6,21 
27.97 23,06 5,15 
28.00 22,89 4,27 
28.03 22,72 3,22 
28.07 22,55 2,52 
28.10 22,37 2,17 
28.13 21,84 2,70 
28.17 21,32 3,93 
28.20 20,78 5,69 
28.23 20,26 7,62 
28.27 19,91 9,73 
28.30 19,39 12,01 
28.33 19,04 14,29 
28.37 18,87 16,39 
28.40 18,69 18,50 
28.43 18,52 20,79 
28.47 18,35 22,90 
28.50 18,34 25,00 
28.53 18,17 27,28 
28.57 18,17 29,21 
28.60 18,17 30,97 
28.63 18,16 32,90 
28.67 18,00 34,66 
28.70 18,01 36,41 
28.73 18,02 38,00 
28.77 17,85 39,75 
28.80 17,85 41,16 
28.83 17,85 42,73 
28.87 17,85 44,14 
28.90 17,85 45,72 
28.93 17,86 47,12 
28.97 17,87 48,52 
29.00 17,87 49,93 
29.03 17,88 51,51 
29.07 18,05 53,09 
29.10 18,21 54,67 
29.13 18,22 56,60 
29.17 18,39 58,36 
29.20 18,56 60,46 
29.23 18,74 62,75 
29.27 18,91 65,03 
29.30 19,09 67,67 
29.33 19,27 70,30 
29.37 19,63 72,93 
29.40 19,97 75,74 
29.43 20,32 78,38 
29.47 20,49 81,01 
29.50 20,85 83,30 
29.53 21,19 85,05 
29.57 21,37 86,46 
29.60 21,73 87,16 
29.63 22,07 87,34 
29.67 22,25 87,51 
29.70 22,43 87,16 
29.73 22,60 86,81 
29.77 22,78 86,46 
29.80 22,95 86,28 
29.83 22,95 86,28 
29.87 22,95 86,11 
29.90 22,95 85,58 
29.93 22,96 84,71 
29.97 22,96 83,48 
30.00 22,97 81,89 
30.03 23,14 79,96 
30.07 23,31 77,85 
30.10 23,14 76,10 
30.13 23,13 74,17 
30.17 23,13 72,06 
30.20 22,96 70,13 
30.23 22,96 68,20 
30.27 22,95 66,27 
30.30 22,77 64,51 
30.33 22,60 62,58 
30.37 22,59 60,65 
30.40 22,25 59,07 
30.43 22,07 57,14 
30.47 21,90 55,55 
30.50 21,89 53,62 
30.53 21,71 51,87 
30.57 21,53 50,11 
30.60 21,35 48,18 
30.63 21,17 46,25 
30.67 21,17 44,31 
30.70 21,00 42,56 
30.73 20,82 40,45 
30.77 20,82 38,52 
30.80 20,82 36,59 
30.83 20,65 34,66 
30.87 20,48 32,55 
30.90 20,47 30,62 
30.93 20,30 28,68 
30.97 20,29 26,58 
31.00 20,29 24,82 
31.03 20,29 22,71 
31.07 20,12 21,13 
31.10 20,11 19,20 
31.13 19,95 17,44 
31.17 19,77 15,68 
31.20 19,76 13,93 
31.23 19,77 12,35 
31.27 19,76 10,76 
31.30 19,58 9,36 
31.33 19,58 7,96 
31.37 19,57 6,90 
31.40 19,40 5,85 
31.43 19,41 4,80 
31.47 19,41 4,09 
31.50 19,42 3,57 
31.53 19,42 3,57 
31.57 19,07 4,63 
31.60 18,71 6,03 
31.63 18,55 7,96 
31.67 18,36 9,72 
31.70 18,19 11,82 
31.73 18,18 13,58 
31.77 17,83 15,68 
31.80 17,83 17,44 
31.83 17,66 19,37 
31.87 17,65 20,95 
31.90 17,48 22,70 
31.93 17,48 24,29 
31.97 17,48 25,86 
32.00 17,48 27,27 
32.03 17,46 28,85 
32.07 17,29 30,43 
32.10 17,29 31,83 
32.13 17,12 33,23 
32.17 17,13 34,46 
32.20 17,14 35,69 
32.23 16,97 36,93 
32.27 16,97 38,16 
32.30 16,97 39,39 
32.33 16,97 40,61 
32.37 16,97 41,67 
32.40 16,98 42,72 
32.43 16,97 43,77 
32.47 16,97 44,83 
32.50 16,97 45,88 
32.53 16,98 46,76 
32.57 16,99 47,81 
32.60 17,16 48,86 
32.63 17,16 50,09 
32.67 17,33 51,14 
32.70 17,33 52,55 
32.73 17,51 53,78 
32.77 17,69 55,18 
32.80 17,86 56,77 
32.83 17,86 58,87 
32.87 18,04 60,80 
32.90 18,22 62,91 
32.93 18,56 65,01 
32.97 18,74 67,30 
33.00 18,92 69,76 
33.03 19,27 72,22 
33.07 19,45 74,85 
33.10 19,80 77,48 
33.13 19,97 80,12 
33.17 20,32 82,58 
33.20 20,67 84,51 
33.23 21,02 85,92 
33.27 21,20 86,97 
33.30 21,55 87,50 
33.33 21,72 87,67 
33.37 21,91 87,50 
33.40 22,08 87,32 
33.43 22,26 86,97 
33.47 22,43 86,97 
33.50 22,44 87,32 
33.53 22,62 87,49 
33.57 22,79 87,67 
33.60 22,80 88,02 
33.63 22,97 88,03 
33.67 22,97 88,20 
33.70 23,15 88,03 
33.73 23,15 88,03 
33.77 23,33 87,85 
33.80 23,33 88,03 
33.83 23,50 88,02 
33.87 23,51 88,20 
33.90 23,68 88,20 
33.93 23,85 88,20 
33.97 23,85 88,38 
34.00 24,02 88,20 
34.03 24,02 88,20 
34.07 24,19 88,20 
34.10 24,19 88,20 
34.13 24,19 88,20 
34.17 24,36 88,03 
34.20 24,36 88,03 
34.23 24,37 88,02 
34.27 24,54 87,67 
34.30 24,54 87,67 
34.33 24,71 87,50 
34.37 24,71 87,32 
34.40 24,88 87,15 
34.43 24,88 87,15 
34.47 24,88 87,15 
34.50 24,88 87,15 
34.53 24,88 87,15 
34.57 25,05 86,98 
34.60 25,06 86,98 
34.63 25,23 86,80 
34.67 25,23 86,80 
34.70 25,39 86,63 
34.73 25,39 86,63 
34.77 25,40 86,62 
34.80 25,57 86,45 
34.83 25,57 86,45 
34.87 25,74 86,45 
34.90 25,91 86,45 
34.93 25,92 86,45 
34.97 25,92 86,45 
35.00 26,09 86,28 
35.03 26,27 86,28 
35.07 26,27 86,27 
35.10 26,61 86,10 
35.13 26,61 86,10 
35.17 26,78 86,10 
35.20 26,79 86,10 
35.23 26,96 85,93 
35.27 26,96 85,93 
35.30 27,13 85,75 
35.33 27,13 85,75 
35.37 27,30 85,58 
35.40 27,29 85,58 
35.43 27,30 85,58 
35.47 27,30 85,76 
35.50 27,47 85,75 
35.53 27,47 85,75 
35.57 27,47 85,76 
35.60 27,47 85,93 
35.63 27,47 85,93 
35.67 27,48 85,93 
35.70 27,48 86,11 
35.73 27,47 86,11 
35.77 27,47 86,11 
35.80 27,47 86,28 
35.83 27,30 86,46 
35.87 27,29 86,46 
35.90 27,12 86,46 
35.93 27,12 86,46 
35.97 26,95 86,64 
36.00 26,95 86,63 
36.03 26,95 86,63 
36.07 26,78 86,63 
36.10 26,77 86,63 
36.13 26,60 86,46 
36.17 26,43 86,46 
36.20 26,26 86,28 
36.23 26,09 85,93 
36.27 25,91 85,40 
36.30 25,73 84,35 
36.33 25,55 82,77 
36.37 25,38 81,02 
36.40 25,21 79,08 
36.43 25,21 76,80 
36.47 25,03 74,87 
36.50 24,85 72,94 
36.53 24,51 71,18 
36.57 24,34 69,25 
36.60 24,00 67,32 
36.63 23,83 65,21 
36.67 23,82 63,28 
36.70 23,64 61,35 
36.73 23,47 59,42 
36.77 23,30 57,49 
36.80 23,13 55,73 
36.83 22,95 54,15 
36.87 22,78 52,39 
36.90 22,61 50,64 
36.93 22,43 49,06 
36.97 22,25 47,30 
37.00 21,90 45,72 
37.03 21,72 43,97 
37.07 21,54 42,21 
37.10 21,36 40,46 
37.13 21,02 38,88 
37.17 20,85 37,13 
37.20 20,67 35,54 
37.23 20,50 33,79 
37.27 20,32 32,21 
37.30 20,15 30,45 
37.33 19,98 28,70 
37.37 19,80 27,12 
37.40 19,63 25,36 
37.43 19,63 23,43 
37.47 19,46 21,68 
37.50 19,29 19,92 
37.53 19,28 18,16 
37.57 19,11 16,41 
37.60 18,94 14,66 
37.63 18,93 12,90 
37.67 18,76 11,32 
37.70 18,59 9,74 
37.73 18,58 8,34 
37.77 18,40 7,10 
37.80 18,24 5,87 
37.83 18,24 4,64 
37.87 18,25 3,42 
37.90 18,24 2,36 
37.93 18,25 1,31 
37.97 18,25 0,78 
38.00 18,25 0,78 
38.03 18,07 1,48 
38.07 17,89 2,89 
38.10 17,55 4,82 
38.13 17,54 6,75 
38.17 17,37 8,68 
38.20 17,19 10,79 
38.23 17,18 12,54 
38.27 17,01 14,12 
38.30 17,01 15,70 
38.33 16,84 17,29 
38.37 16,83 18,69 
38.40 16,65 20,45 
38.43 16,47 21,85 
38.47 16,30 23,26 
38.50 16,13 24,67 
38.53 15,97 26,07 
38.57 15,96 27,30 
38.60 15,79 28,53 
38.63 15,61 29,94 
38.67 15,45 31,17 
38.70 15,44 32,40 
38.73 15,27 33,63 
38.77 15,10 34,86 
38.80 15,09 35,91 
38.83 14,92 37,14 
38.87 14,75 38,37 
38.90 14,75 39,25 
38.93 14,57 40,48 
38.97 14,40 41,53 
39.00 14,40 42,41 
39.03 14,23 43,47 
39.07 14,24 44,52 
39.10 14,24 45,39 
39.13 14,24 46,45 
39.17 14,25 47,50 
39.20 14,25 48,55 
39.23 14,42 49,61 
39.27 14,59 50,83 
39.30 14,76 52,06 
39.33 14,93 53,46 
39.37 15,10 54,87 
39.40 15,28 56,62 
39.43 15,63 58,21 
39.47 15,97 60,14 
39.50 16,15 62,25 
39.53 16,50 64,53 
39.57 16,85 66,63 
39.60 17,37 68,92 
39.63 17,73 71,38 
39.67 18,25 73,66 
39.70 18,61 76,47 
39.73 19,13 78,93 
39.77 19,49 81,56 
39.80 20,01 83,67 
39.83 20,37 85,78 
39.87 20,89 87,01 
39.90 21,24 87,88 
39.93 21,60 88,41 
39.97 21,96 88,41 
40.00 22,31 88,06 
40.03 22,66 87,71 
40.07 23,01 87,53 
40.10 23,36 87,53 
40.13 23,55 87,88 
40.17 23,89 88,23 
40.20 24,06 88,58 
40.23 24,25 88,76 
40.27 24,59 88,58 
40.30 24,77 88,41 
40.33 24,95 88,05 
40.37 25,14 87,88 
40.40 25,32 87,70 
40.43 25,50 87,70 
40.47 25,67 87,70 
40.50 25,85 87,70 
40.53 26,02 87,88 
40.57 26,19 87,87 
40.60 26,36 87,87 
40.63 26,54 87,70 
40.67 26,71 87,70 
40.70 27,06 87,52 
40.73 27,23 87,52 
40.77 27,41 87,52 
40.80 27,58 87,52 
40.83 27,75 87,34 
40.87 27,93 87,34 
40.90 28,10 87,17 
40.93 28,27 86,99 
40.97 28,44 86,99 
41.00 28,61 86,81 
41.03 28,78 86,64 
41.07 28,78 86,46 
41.10 28,97 86,11 
41.13 29,15 85,94 
41.17 29,32 85,76 
41.20 29,50 85,59 
41.23 29,67 85,59 
41.27 29,83 85,41 
41.30 29,83 85,41 
41.33 30,00 85,23 
41.37 30,17 85,06 
41.40 30,17 84,88 
41.43 30,17 84,71 
41.47 30,18 84,71 
41.50 30,35 84,53 
41.53 30,35 84,53 
41.57 30,35 84,53 
41.60 30,35 84,53 
41.63 30,36 84,53 
41.67 30,36 84,53 
41.70 30,36 84,53 
41.73 30,36 84,53 
41.77 30,37 84,53 
41.80 30,37 84,52 
41.83 30,37 84,52 
41.87 30,37 84,52 
41.90 30,36 84,52 
41.93 30,35 84,52 
41.97 30,18 84,52 
42.00 30,19 84,51 
42.03 30,18 84,52 
42.07 30,01 84,52 
42.10 30,01 84,52 
42.13 30,00 84,52 
42.17 29,83 84,69 
42.20 29,83 84,69 
42.23 29,65 84,69 
42.27 29,64 84,69 
42.30 29,47 84,70 
42.33 29,47 84,70 
42.37 29,30 84,70 
42.40 29,30 84,70 
42.43 29,13 84,70 
42.47 29,13 84,70 
42.50 28,97 84,70 
42.53 28,97 84,70 
42.57 28,80 84,70 
42.60 28,79 84,70 
42.63 28,62 84,52 
42.67 28,60 84,52 
42.70 28,43 84,35 
42.73 28,26 84,35 
42.77 28,25 84,17 
42.80 28,08 84,00 
42.83 28,07 83,82 
42.87 27,90 83,65 
42.90 27,90 83,47 
42.93 27,73 83,47 
42.97 27,72 83,47 
43.00 27,54 83,29 
43.03 27,20 83,12 
43.07 27,20 82,59 
43.10 27,02 81,89 
43.13 26,84 80,66 
43.17 26,67 79,43 
43.20 26,66 77,68 
43.23 26,50 75,92 
43.27 26,51 73,99 
43.30 26,50 72,23 
43.33 26,31 70,65 
43.37 26,13 69,07 
43.40 25,95 67,31 
43.43 25,77 65,56 
43.47 25,61 63,80 
43.50 25,44 62,22 
43.53 25,44 60,29 
43.57 25,43 58,36 
43.60 25,26 56,60 
43.63 25,08 54,84 
43.67 24,91 53,09 
43.70 24,74 51,16 
43.73 24,73 49,22 
43.77 24,39 47,47 
43.80 24,38 45,54 
43.83 24,03 43,78 
43.87 24,02 42,02 
43.90 23,86 40,27 
43.93 23,69 38,51 
43.97 23,69 36,58 
44.00 23,51 35,00 
44.03 23,34 33,24 
44.07 23,33 31,14 
44.10 23,16 29,38 
44.13 22,99 27,44 
44.17 22,98 25,34 
44.20 22,81 23,23 
44.23 22,64 21,12 
44.27 22,63 19,01 
44.30 22,46 16,91 
44.33 22,29 14,98 
44.37 22,29 12,87 
44.40 22,11 10,94 
44.43 21,94 9,18 
44.47 21,77 7,43 
44.50 21,60 5,67 
44.53 21,42 4,27 
44.57 21,25 2,86 
44.60 21,08 1,46 
44.63 20,91 0,40 
44.67 20,90 -0,65 
44.70 20,72 -0,83 
44.73 20,37 -0,30 
44.77 19,85 1,28 
44.80 19,50 3,04 
44.83 19,16 5,15 
44.87 18,98 7,25 
44.90 18,64 9,36 
44.93 18,47 11,29 
44.97 18,28 13,23 
45.00 17,94 15,16 
45.03 17,77 17,09 
45.07 17,60 18,84 
45.10 17,43 20,60 
45.13 17,26 22,36 
45.17 17,25 23,94 
45.20 17,07 25,52 
45.23 16,90 27,10 
45.27 16,73 28,50 
45.30 16,73 29,56 
45.33 16,55 30,97 
45.37 16,54 32,19 
45.40 16,53 33,25 
45.43 16,36 34,47 
45.47 16,36 35,35 
45.50 16,19 36,41 
45.53 16,18 37,29 
45.57 16,00 38,34 
45.60 15,83 39,22 
45.63 15,83 40,10 
45.67 15,66 40,98 
45.70 15,66 41,68 
45.73 15,49 42,55 
45.77 15,50 43,08 
45.80 15,49 43,78 
45.83 15,49 44,31 
45.87 15,49 45,01 
45.90 15,49 45,54 
45.93 15,50 46,24 
45.97 15,67 46,94 
46.00 15,67 47,65 
46.03 15,85 48,35 
46.07 16,01 49,05 
46.10 16,02 49,93 
46.13 16,18 50,80 
46.17 16,19 51,86 
46.20 16,36 52,91 
46.23 16,54 53,96 
46.27 16,70 55,19 
46.30 16,87 56,60 
46.33 16,88 58,18 
46.37 17,22 59,58 
46.40 17,39 61,34 
46.43 17,57 63,27 
46.47 17,91 65,03 
46.50 18,09 67,13 
46.53 18,44 69,24 
46.57 18,79 71,35 
46.60 19,14 73,64 
46.63 19,48 76,27 
46.67 19,83 78,55 
46.70 20,18 81,01 
46.73 20,52 83,29 
46.77 20,88 85,05 
46.80 21,23 86,46 
46.83 21,75 87,16 
46.87 22,11 87,51 
46.90 22,46 87,51 
46.93 22,80 87,33 
46.97 23,15 86,98 
47.00 23,49 86,81 
47.03 23,67 86,99 
47.07 23,84 87,34 
47.10 24,02 87,69 
47.13 24,20 87,86 
47.17 24,38 87,86 
47.20 24,55 87,86 
47.23 24,56 87,68 
47.27 24,73 87,33 
47.30 24,90 86,98 
47.33 24,90 86,80 
47.37 24,90 86,63 
47.40 25,07 86,45 
47.43 25,08 86,45 
47.47 25,25 86,28 
47.50 25,26 86,45 
47.53 25,60 85,93 
47.57 25,60 85,93 
47.60 25,78 85,58 
47.63 25,95 85,23 
47.67 25,96 85,05 
47.70 26,13 84,70 
47.73 26,14 84,52 
47.77 26,31 84,35 
47.80 26,31 84,35 
47.83 26,49 84,17 
47.87 26,50 84,17 
47.90 26,67 83,99 
47.93 26,68 83,82 
47.97 26,85 83,82 
48.00 26,85 83,64 
48.03 27,02 83,64 
48.07 27,02 83,64 
48.10 27,19 83,64 
48.13 27,20 83,64 
48.17 27,37 83,64 
48.20 27,54 83,64 
48.23 27,54 83,82 
48.27 27,71 83,82 
48.30 27,71 83,82 
48.33 27,88 83,99 
48.37 28,05 83,99 
48.40 28,05 84,17 
48.43 28,22 84,17 
48.47 28,23 84,34 
48.50 28,41 84,52 
48.53 28,57 84,69 
48.57 28,57 84,87 
48.60 28,74 84,87 
48.63 28,74 85,04 
48.67 28,91 85,22 
48.70 28,90 85,22 
48.73 29,08 85,39 
48.77 28,91 85,57 
48.80 29,08 85,57 
48.83 29,08 85,74 
48.87 29,08 85,74 
48.90 29,09 85,74 
48.93 29,09 85,75 
48.97 29,10 85,75 
49.00 29,27 85,92 
49.03 29,27 85,92 
49.07 29,27 85,75 
49.10 29,44 85,75 
49.13 29,43 85,75 
49.17 29,60 85,75 
49.20 29,60 85,75 
49.23 29,61 85,75 
49.27 29,44 85,57 
49.30 29,61 85,58 
49.33 29,61 85,58 
49.37 29,60 85,40 
49.40 29,78 85,40 
49.43 29,77 85,22 
49.47 29,77 85,05 
49.50 29,77 85,05 
49.53 29,76 84,87 
49.57 29,60 84,87 
49.60 29,60 84,87 
49.63 29,60 84,87 
49.67 29,58 84,87 
49.70 29,41 84,87 
49.73 29,41 84,70 
49.77 29,40 84,70 
49.80 29,23 84,52 
49.83 29,23 84,52 
49.87 29,23 84,53 
49.90 29,21 84,53 
49.93 29,04 84,70 
49.97 29,04 84,70 
50.00 28,87 84,70 
50.03 28,88 84,70 
50.07 28,88 84,70 
50.10 28,87 84,71 
50.13 28,87 84,71 
50.17 28,86 84,71 
50.20 28,69 84,88 
50.23 28,70 84,88 
50.27 28,70 84,88 
50.30 28,69 85,06 
50.33 28,69 85,06 
50.37 28,68 85,06 
50.40 28,51 85,06 
50.43 28,52 85,06 
50.47 28,52 85,23 
50.50 28,52 85,23 
50.53 28,52 85,23 
50.57 28,51 85,23 
50.60 28,50 85,24 
50.63 28,49 85,41 
50.67 28,32 85,41 
50.70 28,32 85,41 
50.73 28,32 85,41 
50.77 28,31 85,59 
50.80 28,31 85,59 
50.83 28,30 85,76 
50.87 28,30 85,76 
50.90 28,31 85,76 
50.93 28,31 85,94 
50.97 28,48 85,94 
51.00 28,47 85,94 
51.03 28,47 85,94 
51.07 28,48 85,94 
51.10 28,49 85,94 
51.13 28,65 85,94 
51.17 28,65 85,94 
51.20 28,65 85,94 
51.23 28,65 85,94 
51.27 28,65 85,77 
51.30 28,65 85,59 
51.33 28,65 85,59 
51.37 28,64 85,42 
51.40 28,48 85,25 
51.43 28,48 85,07 
51.47 28,30 84,54 
51.50 28,13 83,49 
51.53 27,96 82,26 
51.57 27,96 80,50 
51.60 27,79 78,57 
51.63 27,79 76,82 
51.67 27,79 75,06 
51.70 27,61 73,48 
51.73 27,61 71,90 
51.77 27,43 70,50 
51.80 27,25 68,92 
51.83 27,08 67,16 
51.87 27,08 65,58 
51.90 26,90 63,82 
51.93 26,89 62,07 
51.97 26,72 60,31 
52.00 26,72 58,38 
52.03 26,55 56,80 
52.07 26,55 55,04 
52.10 26,38 53,28 
52.13 26,21 51,70 
52.17 26,20 49,95 
52.20 26,03 48,37 
52.23 25,86 46,79 
52.27 25,86 45,03 
52.30 25,85 43,27 
52.33 25,67 41,69 
52.37 25,50 39,94 
52.40 25,50 38,18 
52.43 25,34 36,60 
52.47 25,33 34,85 
52.50 25,16 33,09 
52.53 25,15 31,34 
52.57 24,97 29,58 
52.60 24,80 27,82 
52.63 24,80 25,89 
52.67 24,63 24,13 
52.70 24,61 22,20 
52.73 24,43 20,44 
52.77 24,26 18,68 
52.80 24,25 16,75 
52.83 24,07 15,00 
52.87 23,90 13,42 
52.90 23,73 11,84 
52.93 23,56 10,44 
52.97 23,55 9,03 
53.00 23,37 7,80 
53.03 23,20 6,58 
53.07 23,03 5,52 
53.10 23,02 4,29 
53.13 22,84 3,23 
53.17 22,68 2,00 
53.20 22,68 0,78 
53.23 22,68 -0,11 
53.27 22,51 -0,46 
53.30 22,17 -0,11 
53.33 21,82 1,12 
53.37 21,30 3,05 
53.40 21,12 4,98 
53.43 20,93 7,09 
53.47 20,59 9,37 
53.50 20,41 11,83 
53.53 20,23 14,12 
53.57 20,22 16,22 
53.60 20,05 18,33 
53.63 19,89 20,09 
53.67 19,88 21,67 
53.70 19,71 23,25 
53.73 19,70 24,65 
53.77 19,53 25,88 
53.80 19,52 27,11 
53.83 19,35 28,35 
53.87 19,34 29,57 
53.90 19,17 30,80 
53.93 19,16 31,68 
53.97 18,99 32,73 
54.00 18,82 33,61 
54.03 18,82 34,49 
54.07 18,64 35,20 
54.10 18,46 36,07 
54.13 18,30 36,78 
54.17 18,30 37,48 
54.20 18,30 38,00 
54.23 18,13 38,71 
54.27 18,13 39,23 
54.30 18,13 39,58 
54.33 18,12 39,94 
54.37 17,94 40,46 
54.40 17,78 40,82 
54.43 17,78 41,17 
54.47 17,78 41,52 
54.50 17,78 41,87 
54.53 17,78 42,05 
54.57 17,78 42,40 
54.60 17,95 42,57 
54.63 17,96 42,93 
54.67 18,13 43,10 
54.70 18,14 43,63 
54.73 18,32 43,80 
54.77 18,49 44,15 
54.80 18,66 44,33 
54.83 18,67 44,86 
54.87 18,84 45,21 
54.90 18,84 45,91 
54.93 19,02 46,26 
54.97 19,20 46,79 
55.00 19,37 47,32 
55.03 19,37 48,20 
55.07 19,53 48,90 
55.10 19,53 49,78 
55.13 19,71 50,66 
55.17 19,72 51,54 
55.20 19,89 52,76 
55.23 20,06 53,81 
55.27 20,07 55,04 
55.30 20,24 56,27 
55.33 20,41 57,68 
55.37 20,41 59,26 
55.40 20,59 60,66 
55.43 20,77 62,24 
55.47 20,95 64,00 
55.50 21,29 65,75 
55.53 21,47 67,51 
55.57 21,82 69,27 
55.60 22,16 71,20 
55.63 22,34 73,13 
55.67 22,70 75,06 
55.70 23,05 77,17 
55.73 23,40 79,10 
55.77 23,74 81,03 
55.80 23,91 83,14 
55.83 24,09 84,89 
55.87 24,27 86,12 
55.90 24,46 87,00 
55.93 24,80 87,18 
55.97 24,81 87,00 
56.00 24,98 86,30 
56.03 24,98 85,42 
56.07 24,99 84,71 
56.10 24,99 84,36 
56.13 24,81 84,36 
56.17 24,47 84,54 
56.20 24,29 84,53 
56.23 23,94 84,53 
56.27 23,76 84,36 
56.30 23,40 84,18 
56.33 23,06 84,18 
56.37 22,71 84,01 
56.40 22,19 84,36 
56.43 21,83 84,53 
56.47 21,12 84,71 
56.50 20,43 85,06 
56.53 19,73 85,06 
56.57 19,02 84,89 
56.60 18,14 85,06 
56.63 17,08 85,24 
56.67 16,02 85,76 
56.70 14,79 86,29 
56.73 13,56 86,82 
56.77 12,33 87,52 
56.80 11,09 88,04 
56.83 9,86 88,74 
56.87 8,64 89,45 
56.90 7,41 89,45 
56.93 6,18 89,80 
56.97 4,78 90,15 
57.00 3,55 90,15 
57.03 2,14 90,33 
57.07 0,91 90,15 
57.10 -0,49 90,15 
57.13 -1,72 89,98 
57.17 -2,77 89,80 
57.20 -4,00 89,98 
57.23 -5,05 89,98 
57.27 -6,11 90,15 
57.30 -6,99 89,98 
57.33 -8,04 89,80 
57.37 -8,92 89,45 
57.40 -9,80 88,92 
57.43 -10,67 88,40 
57.47 -11,37 87,69 
57.50 -12,07 87,17 
57.53 -12,78 86,81 
57.57 -13,66 86,99 
57.60 -14,36 86,81 
57.63 -15,06 86,64 
57.67 -15,77 86,64 
57.70 -16,47 86,64 
57.73 -16,65 86,47 
57.77 -16,30 86,47 
57.80 -15,95 86,11 
57.83 -15,60 85,94 
57.87 -15,25 85,94 
57.90 -15,06 86,12 
57.93 -14,71 85,94 
57.97 -14,54 86,12 
58.00 -14,37 86,12 
58.03 -14,36 86,47 
58.07 -14,18 86,47 
58.10 -13,84 86,64 
58.13 -13,66 86,82 
58.17 -13,31 86,82 
58.20 -13,13 86,82 
58.23 -12,96 86,65 
58.27 -13,13 86,64 
58.30 -12,96 86,29 
58.33 -12,61 86,29 
58.37 -12,61 86,29 
58.40 -12,61 86,29 
58.43 -12,26 85,94 
58.47 -12,08 85,76 
58.50 -11,73 85,41 
58.53 -11,55 85,24 
58.57 -11,02 84,71 
58.60 -10,49 84,18 
58.63 -9,96 83,48 
58.67 -9,44 83,13 
58.70 -9,08 82,78 
58.73 -9,08 83,30 
58.77 -9,26 83,30 
58.80 -9,61 83,48 
58.83 -9,96 83,65 
58.87 -9,96 83,83 
58.90 -9,60 83,83 
58.93 -9,60 83,83 
58.97 -9,78 83,83 
59.00 -9,78 83,83 
59.03 -9,77 84,18 
59.07 -9,77 84,18 
59.10 -9,76 84,18 
59.13 -9,76 84,18 
59.17 -9,75 84,18 
59.20 -9,75 84,18 
59.23 -9,75 84,18 
59.27 -9,74 84,18 
59.30 -9,73 84,18 
59.33 -9,73 84,18 
59.37 -9,90 84,17 
59.40 -9,73 84,00 
59.43 -9,72 84,17 
59.47 -9,90 84,17 
59.50 -9,89 84,17 
59.53 -9,88 84,17 
59.57 -9,71 84,00 
59.60 -9,88 84,17 
59.63 -9,88 84,17 
59.67 -9,87 84,17 
59.70 -9,86 84,17 
59.73 -9,85 84,17 
59.77 -9,85 84,17 
59.80 -9,84 84,17 
59.83 -9,83 84,17 
59.87 -9,82 84,17 
59.90 -9,82 84,35 
59.93 -9,81 84,35 
59.97 -9,80 84,35 
60.00 -9,80 84,35 
60.03 -9,63 83,99 
60.07 -9,80 84,34 
60.10 -9,79 84,34 
60.13 -9,79 84,17 
60.17 -9,78 84,17 
60.20 -9,77 84,17 
60.23 -9,76 84,17 
60.27 -9,75 84,17 
60.30 -9,75 84,17 
60.33 -9,74 84,17 
60.37 -9,73 84,34 
60.40 -9,73 84,34 
60.43 -9,90 84,17 
60.47 -9,89 84,17 
60.50 -9,88 84,17 
