#Kinovea Trajectory data export
#T X Y

# Trajectory 1
0.03 -4,86 -27,41

0.07 -4,86 -27,41

0.10 -4,86 -27,41

0.13 -4,87 -27,24

0.17 -5,05 -27,22

0.20 -5,05 -26,88

0.23 -5,06 -26,71

0.27 -5,24 -26,36

0.30 -5,24 -26,00

0.33 -5,24 -25,48

0.37 -5,41 -25,12

0.40 -5,40 -24,41

0.43 -5,39 -23,71

0.47 -5,39 -23,01

0.50 -5,38 -22,30

0.53 -5,56 -21,42

0.57 -5,55 -20,35

0.60 -5,54 -19,29

0.63 -5,54 -18,40

0.67 -5,53 -17,32

0.70 -5,53 -16,26

0.73 -5,36 -14,83

0.77 -5,36 -13,59

0.80 -5,36 -12,17

0.83 -5,36 -10,92

0.87 -5,36 -9,49

0.90 -5,18 -7,89

0.93 -5,01 -6,29

0.97 -5,01 -4,69

1.00 -4,84 -3,09

1.03 -4,66 -1,32

1.07 -4,49 0,46

1.10 -4,32 2,24

1.13 -4,14 4,02

1.17 -3,79 5,98

1.20 -3,42 7,93

1.23 -3,24 9,89

1.27 -2,88 11,84

1.30 -2,53 13,80

1.33 -2,17 15,76

1.37 -1,81 17,90

1.40 -1,46 19,85

1.43 -1,10 21,80

1.47 -0,92 23,41

1.50 -0,57 25,19

1.53 -0,39 26,61

1.57 -0,21 28,04

1.60 -0,21 29,11

1.63 -0,20 29,83

1.67 -0,02 30,18

1.70 0,17 30,18

1.73 0,35 30,01

1.77 0,52 30,00

1.80 0,34 29,83

1.83 0,16 30,01

1.87 -0,20 30,19

1.90 -0,55 30,55

1.93 -0,90 30,72

1.97 -1,25 30,72

2.00 -1,43 30,73

2.03 -1,61 30,72

2.07 -1,79 30,55

2.10 -1,96 30,37

2.13 -1,97 30,20

2.17 -1,98 30,01

2.20 -2,15 30,01

2.23 -2,14 29,83

2.27 -1,97 29,83

2.30 -1,96 29,65

2.33 -1,79 29,47

2.37 -1,78 29,30

2.40 -1,60 29,13

2.43 -1,42 28,95

2.47 -1,25 28,77

2.50 -1,07 28,58

2.53 -0,72 28,40

2.57 -0,54 28,05

2.60 -0,35 28,04

2.63 -0,00 27,87

2.67 0,35 27,70

2.70 0,70 27,70

2.73 0,88 27,69

2.77 1,07 27,52

2.80 1,24 27,52

2.83 1,24 27,35

2.87 1,24 27,34

2.90 1,06 27,17

2.93 0,87 27,17

2.97 0,69 26,99

3.00 0,33 26,81

3.03 -0,03 26,63

3.07 -0,37 26,45

3.10 -0,56 26,44

3.13 -0,92 26,44

3.17 -1,28 26,45

3.20 -1,63 26,62

3.23 -1,82 26,79

3.27 -2,18 26,96

3.30 -2,53 26,98

3.33 -2,87 27,16

3.37 -3,04 27,33

3.40 -3,22 27,50

3.43 -3,39 27,50

3.47 -3,57 27,67

3.50 -3,75 27,68

3.53 -3,92 27,84

3.57 -4,10 27,85

3.60 -4,28 28,01

3.63 -4,46 28,00

3.67 -4,64 27,84

3.70 -4,81 27,84

3.73 -4,97 27,67

3.77 -4,98 27,66

3.80 -5,16 27,47

3.83 -5,34 27,28

3.87 -5,53 27,09

3.90 -5,71 26,90

3.93 -5,90 26,71

3.97 -6,25 26,52

4.00 -6,42 26,32

4.03 -6,59 25,98

4.07 -6,77 25,80

4.10 -6,96 25,45

4.13 -7,15 25,11

4.17 -7,33 24,92

4.20 -7,52 24,55

4.23 -7,53 24,18

4.27 -7,72 23,82

4.30 -7,91 23,44

4.33 -8,09 22,91

4.37 -8,27 22,54

4.40 -8,43 22,19

4.43 -8,44 21,65

4.47 -8,60 21,29

4.50 -8,60 20,76

4.53 -8,60 20,22

4.57 -8,61 19,69

4.60 -8,78 18,99

4.63 -8,78 18,28

4.67 -8,78 17,58

4.70 -8,78 16,88

4.73 -8,79 16,16

4.77 -8,80 15,26

4.80 -8,98 14,37

4.83 -8,97 13,49

4.87 -8,96 12,61

4.90 -8,95 11,73

4.93 -8,78 10,85

4.97 -8,78 9,97

5.00 -8,78 9,09

5.03 -8,61 8,21

5.07 -8,61 7,33

5.10 -8,60 6,43

5.13 -8,43 5,37

5.17 -8,41 4,49

5.20 -8,23 3,59

5.23 -8,07 2,52

5.27 -8,06 1,62

5.30 -7,89 0,72

5.33 -7,89 -0,35

5.37 -7,71 -1,24

5.40 -7,70 -2,14

5.43 -7,54 -3,04

5.47 -7,53 -4,10

5.50 -7,37 -4,99

5.53 -7,36 -5,88

5.57 -7,19 -6,77

5.60 -7,19 -7,66

5.63 -7,01 -8,55

5.67 -7,01 -9,44

5.70 -6,84 -10,32

5.73 -6,84 -11,03

5.77 -6,83 -11,91

5.80 -6,66 -12,62

5.83 -6,66 -13,34

5.87 -6,65 -14,05

5.90 -6,48 -14,77

5.93 -6,49 -15,48

5.97 -6,50 -16,18

6.00 -6,50 -16,71

6.03 -6,50 -17,24

6.07 -6,51 -17,78

6.10 -6,51 -18,31

6.13 -6,51 -18,85

6.17 -6,51 -19,38

6.20 -6,51 -19,90

6.23 -6,51 -20,26

6.27 -6,51 -20,79

6.30 -6,51 -21,15

6.33 -6,52 -21,52

6.37 -6,52 -21,88

6.40 -6,52 -22,25

6.43 -6,52 -22,61

6.47 -6,53 -22,97

6.50 -6,53 -23,33

6.53 -6,70 -23,68

6.57 -6,70 -23,87

6.60 -6,71 -24,23

6.63 -6,88 -24,41

6.67 -6,88 -24,76

6.70 -6,88 -24,93

6.73 -7,05 -25,12

6.77 -7,05 -25,46

6.80 -7,06 -25,63

6.83 -7,23 -25,82

6.87 -7,23 -26,16

6.90 -7,41 -26,34

6.93 -7,41 -26,52

6.97 -7,59 -26,87

7.00 -7,76 -27,22

7.03 -7,77 -27,56

7.07 -7,94 -27,55

7.10 -7,94 -27,21

7.13 -8,12 -27,20

7.17 -8,12 -27,01

7.20 -8,30 -26,66

7.23 -8,30 -26,31

7.27 -8,31 -25,79

7.30 -8,48 -25,26

7.33 -8,48 -24,54

7.37 -8,48 -23,64

7.40 -8,48 -22,57

7.43 -8,49 -21,51

7.47 -8,48 -20,44

7.50 -8,48 -19,19

7.53 -8,31 -17,77

7.57 -8,31 -16,52

7.60 -8,31 -15,09

7.63 -8,13 -13,49

7.67 -8,13 -12,07

7.70 -7,96 -10,47

7.73 -7,79 -8,87

7.77 -7,79 -7,26

7.80 -7,78 -5,48

7.83 -7,61 -3,70

7.87 -7,60 -1,91

7.90 -7,43 0,04

7.93 -7,25 2,00

7.97 -7,25 4,14

8.00 -7,07 6,09

8.03 -6,89 8,23

8.07 -6,72 10,19

8.10 -6,54 12,32

8.13 -6,36 14,28

8.17 -6,18 16,24

8.20 -5,99 18,20

8.23 -5,64 19,98

8.27 -5,47 21,58

8.30 -5,29 23,19

8.33 -5,12 24,61

8.37 -5,12 25,86

8.40 -5,12 26,75

8.43 -5,12 27,46

8.47 -4,95 27,64

8.50 -4,59 27,64

8.53 -4,22 27,45

8.57 -3,85 27,11

8.60 -3,67 27,10

8.63 -3,66 27,09

8.67 -3,66 27,10

8.70 -3,83 27,28

8.73 -3,84 27,45

8.77 -4,02 27,44

8.80 -4,18 27,27

8.83 -4,19 27,26

8.87 -4,37 26,92

8.90 -4,55 26,74

8.93 -4,89 26,40

8.97 -5,07 26,22

9.00 -5,42 26,03

9.03 -5,77 25,68

9.07 -6,12 25,49

9.10 -6,47 25,13

9.13 -6,84 24,79

9.17 -7,20 24,44

9.20 -7,57 24,09

9.23 -7,92 23,72

9.27 -8,27 23,19

9.30 -8,45 22,82

9.33 -8,80 22,29

9.37 -8,99 21,75

9.40 -9,35 21,21

9.43 -9,54 20,67

9.47 -9,89 19,97

9.50 -10,08 19,43

9.53 -10,27 18,73

9.57 -10,46 18,19

9.60 -10,64 17,48

9.63 -10,83 16,78

9.67 -10,99 16,06

9.70 -11,00 15,19

9.73 -11,01 14,47

9.77 -11,17 13,57

9.80 -11,16 12,52

9.83 -11,15 11,63

9.87 -11,14 10,57

9.90 -10,97 9,68

9.93 -10,98 8,60

9.97 -10,99 7,36

10.00 -10,98 6,30

10.03 -10,98 5,22

10.07 -10,97 3,99

10.10 -10,96 2,92

10.13 -10,79 1,85

10.17 -10,80 0,78

10.20 -10,97 -0,29

10.23 -10,97 -1,35

10.27 -10,97 -2,24

10.30 -10,98 -3,14

10.33 -11,15 -4,03

10.37 -11,15 -4,92

10.40 -11,32 -5,80

10.43 -11,48 -6,68

10.47 -11,49 -7,40

10.50 -11,66 -8,12

10.53 -11,82 -9,01

10.57 -11,83 -9,72

10.60 -12,00 -10,44

10.63 -12,17 -11,33

10.67 -12,17 -12,05

10.70 -12,34 -12,93

10.73 -12,34 -13,63

10.77 -12,51 -14,35

10.80 -12,51 -15,07

10.83 -12,52 -15,79

10.87 -12,68 -16,67

10.90 -12,68 -17,37

10.93 -12,85 -18,07

10.97 -12,84 -18,61

11.00 -12,83 -19,32

11.03 -12,83 -19,86

11.07 -12,82 -20,56

11.10 -12,81 -21,10

11.13 -12,64 -21,64

11.17 -12,65 -22,18

11.20 -12,65 -22,72

11.23 -12,65 -23,25

11.27 -12,64 -23,78

11.30 -12,47 -24,14

11.33 -12,48 -24,50

11.37 -12,48 -24,86

11.40 -12,48 -25,22

11.43 -12,49 -25,57

11.47 -12,49 -25,76

11.50 -12,48 -26,12

11.53 -12,48 -26,30

11.57 -12,47 -26,48

11.60 -12,47 -26,67

11.63 -12,47 -26,86

11.67 -12,46 -27,04

11.70 -12,47 -27,23

11.73 -12,47 -27,41

11.77 -12,48 -27,40

11.80 -12,48 -27,23

11.83 -12,49 -27,21

11.87 -12,49 -27,20

11.90 -12,49 -27,20

11.93 -12,49 -27,03

11.97 -12,50 -26,86

12.00 -12,50 -26,51

12.03 -12,50 -25,97

12.07 -12,49 -25,27

12.10 -12,32 -24,55

12.13 -12,32 -23,65

12.17 -12,32 -22,57

12.20 -12,15 -21,34

12.23 -11,97 -20,26

12.27 -11,80 -18,84

12.30 -11,80 -17,59

12.33 -11,62 -16,17

12.37 -11,62 -14,75

12.40 -11,45 -13,32

12.43 -11,44 -11,89

12.47 -11,27 -10,29

12.50 -11,26 -8,69

12.53 -11,09 -7,08

12.57 -10,91 -5,30

12.60 -10,91 -3,70

12.63 -10,73 -1,92

12.67 -10,56 -0,14

12.70 -10,55 1,82

12.73 -10,38 3,60

12.77 -10,20 5,74

12.80 -10,02 7,69

12.83 -9,85 9,83

12.87 -9,67 11,96

12.90 -9,49 14,10

12.93 -9,31 16,23

12.97 -8,95 20,33

13.00 -8,77 22,29

13.03 -8,59 24,07

13.07 -8,42 25,67

13.10 -8,41 27,09

13.13 -8,41 28,16

13.17 -8,24 29,05

13.20 -8,06 29,59

13.23 -7,70 29,76

13.27 -7,16 29,57

13.30 -6,63 29,22

13.33 -6,10 29,03

13.37 -5,58 28,84

13.40 -5,41 28,67

13.43 -5,41 28,85

13.47 -5,40 29,02

13.50 -5,22 29,02

13.53 -5,05 29,02

13.57 -4,88 28,84

13.60 -4,70 28,67

13.63 -4,69 28,49

13.67 -4,52 28,31

13.70 -4,51 28,15

13.73 -4,50 28,15

13.77 -4,34 28,16

13.80 -4,35 28,16

13.83 -4,36 28,17

13.87 -4,37 28,18

13.90 -4,38 28,17

13.93 -4,39 28,00

13.97 -4,39 28,00

14.00 -4,39 27,99

14.03 -4,38 27,82

14.07 -4,37 27,81

14.10 -4,36 27,65

14.13 -4,35 27,65

14.17 -4,34 27,65

14.20 -4,33 27,48

14.23 -4,33 27,48

14.27 -4,34 27,47

14.30 -4,51 27,30

14.33 -4,50 27,29

14.37 -4,50 27,28

14.40 -4,51 27,28

14.43 -4,68 27,28

14.47 -4,68 27,29

14.50 -4,69 27,45

14.53 -4,70 27,45

14.57 -4,70 27,45

14.60 -4,70 27,44

14.63 -4,69 27,44

14.67 -4,53 27,44

14.70 -4,53 27,43

14.73 -4,54 27,43

14.77 -4,53 27,43

14.80 -4,53 27,26

14.83 -4,52 27,09

14.87 -4,52 26,91

14.90 -4,53 26,55

14.93 -4,71 26,18

14.97 -4,88 25,65

15.00 -5,05 25,29

15.03 -5,22 24,77

15.07 -5,39 24,42

15.10 -5,57 23,90

15.13 -5,74 23,53

15.17 -5,92 22,83

15.20 -6,11 22,28

15.23 -6,29 21,57

15.27 -6,47 20,85

15.30 -6,64 20,14

15.33 -6,65 19,41

15.37 -6,83 18,53

15.40 -7,00 17,64

15.43 -7,01 16,75

15.47 -7,17 15,85

15.50 -7,17 14,78

15.53 -7,17 13,89

15.57 -7,17 12,83

15.60 -7,18 11,94

15.63 -7,18 10,87

15.67 -7,19 9,81

15.70 -7,19 8,91

15.73 -7,19 7,83

15.77 -7,19 6,76

15.80 -7,19 5,70

15.83 -7,19 4,63

15.87 -7,18 3,56

15.90 -7,18 2,49

15.93 -7,17 1,42

15.97 -7,17 0,36

16.00 -7,17 -0,53

16.03 -7,17 -1,59

16.07 -7,18 -2,49

16.10 -7,35 -3,38

16.13 -7,36 -4,28

16.17 -7,53 -5,17

16.20 -7,54 -5,89

16.23 -7,71 -6,78

16.27 -7,88 -7,67

16.30 -7,89 -8,55

16.33 -8,06 -9,26

16.37 -8,24 -10,15

16.40 -8,24 -10,87

16.43 -8,42 -11,75

16.47 -8,60 -12,46

16.50 -8,77 -13,17

16.53 -8,77 -13,89

16.57 -8,96 -14,61

16.60 -9,14 -15,33

16.63 -9,31 -16,04

16.67 -9,48 -16,76

16.70 -9,65 -17,47

16.73 -9,83 -18,00

16.77 -9,83 -18,54

16.80 -10,01 -19,25

16.83 -10,36 -19,77

16.87 -10,37 -20,14

16.90 -10,55 -20,67

16.93 -10,55 -21,21

16.97 -10,72 -21,74

17.00 -11,07 -22,26

17.03 -11,24 -22,63

17.07 -11,41 -23,16

17.10 -11,42 -23,68

17.13 -11,60 -24,04

17.17 -11,79 -24,41

17.20 -11,97 -24,93

17.23 -12,14 -25,28

17.27 -12,32 -25,64

17.30 -12,49 -25,99

17.33 -12,49 -26,34

17.37 -12,67 -26,69

17.40 -12,84 -27,05

17.43 -13,01 -27,40

17.47 -13,01 -27,75

17.50 -13,18 -27,92

17.53 -13,18 -27,57

17.57 -13,19 -27,22

17.60 -13,36 -27,05

17.63 -13,37 -26,88

17.67 -13,53 -26,89

17.70 -13,54 -26,87

17.73 -13,55 -26,52

17.77 -13,72 -26,17

17.80 -13,72 -25,64

17.83 -13,72 -25,10

17.87 -13,74 -24,39

17.90 -13,90 -23,68

17.93 -13,89 -22,96

17.97 -13,89 -22,06

18.00 -13,87 -21,17

18.03 -13,70 -20,27

18.07 -13,70 -19,21

18.10 -13,70 -18,33

18.13 -13,69 -17,45

18.17 -13,51 -16,56

18.20 -13,51 -15,68

18.23 -13,33 -14,79

18.27 -13,33 -13,89

18.30 -13,15 -12,83

18.33 -13,15 -11,94

18.37 -12,97 -10,87

18.40 -12,96 -9,80

18.43 -12,78 -8,56

18.47 -12,60 -7,49

18.50 -12,43 -6,25

18.53 -12,26 -5,01

18.57 -12,08 -3,75

18.60 -11,90 -2,33

18.63 -11,72 -0,90

18.67 -11,36 0,70

18.70 -11,18 2,30

18.73 -10,82 3,91

18.77 -10,46 5,68

18.80 -10,09 7,28

18.83 -9,56 9,06

18.87 -9,20 10,84

18.90 -8,67 12,62

18.93 -8,30 14,22

18.97 -7,77 15,83

19.00 -7,24 17,61

19.03 -6,88 19,03

19.07 -6,35 20,63

19.10 -5,99 21,87

19.13 -5,64 23,12

19.17 -5,29 24,36

19.20 -5,10 25,43

19.23 -4,92 26,32

19.27 -4,74 27,20

19.30 -4,74 27,73

19.33 -4,73 28,07

19.37 -4,55 28,08

19.40 -4,21 28,10

19.43 -4,02 28,10

19.47 -3,67 28,11

19.50 -3,66 28,27

19.53 -3,66 28,28

19.57 -3,67 28,46

19.60 -3,86 28,47

19.63 -4,05 28,48

19.67 -4,23 28,31

19.70 -4,40 28,14

19.73 -4,41 27,96

19.77 -4,58 27,61

19.80 -4,59 27,45

19.83 -4,77 27,28

19.87 -4,93 27,28

19.90 -4,93 27,11

19.93 -5,10 27,11

19.97 -5,10 26,94

20.00 -5,28 26,93

20.03 -5,29 26,74

20.07 -5,47 26,56

20.10 -5,63 26,37

20.13 -5,63 26,19

20.17 -5,64 26,19

20.20 -5,80 26,20

20.23 -5,81 26,22

20.27 -5,98 26,23

20.30 -5,98 26,40

20.33 -5,99 26,38

20.37 -6,16 26,37

20.40 -6,16 26,21

20.43 -6,16 26,22

20.47 -6,16 26,22

20.50 -6,16 26,23

20.53 -6,17 26,40

20.57 -6,18 26,40

20.60 -6,19 26,57

20.63 -6,20 26,75

20.67 -6,20 26,92

20.70 -6,18 26,93

20.73 -6,01 27,10

20.77 -6,00 27,11

20.80 -5,83 27,28

20.83 -5,83 27,27

20.87 -5,82 27,26

20.90 -5,81 27,25

20.93 -5,80 27,24

20.97 -5,63 27,23

21.00 -5,80 27,06

21.03 -5,80 27,07

21.07 -5,80 26,90

21.10 -5,97 26,73

21.13 -5,97 26,57

21.17 -6,14 26,39

21.20 -6,14 26,21

21.23 -6,31 26,03

21.27 -6,48 25,85

21.30 -6,49 25,67

21.33 -6,68 25,48

21.37 -6,86 25,29

21.40 -7,04 24,94

21.43 -7,22 24,76

21.47 -7,40 24,41

21.50 -7,58 24,06

21.53 -7,75 23,88

21.57 -7,92 23,35

21.60 -8,09 23,00

21.63 -8,26 22,65

21.67 -8,43 22,12

21.70 -8,59 21,77

21.73 -8,76 21,24

21.77 -8,95 20,87

21.80 -8,95 20,35

21.83 -9,12 19,98

21.87 -9,14 19,44

21.90 -9,32 18,91

21.93 -9,48 18,38

21.97 -9,49 17,85

22.00 -9,66 17,32

22.03 -9,67 16,79

22.07 -9,84 16,26

22.10 -9,85 15,71

22.13 -10,02 14,99

22.17 -10,03 14,29

22.20 -10,04 13,58

22.23 -10,21 12,88

22.27 -10,20 12,17

22.30 -10,20 11,45

22.33 -10,20 10,56

22.37 -10,19 9,68

22.40 -10,19 8,97

22.43 -10,36 8,07

22.47 -10,36 7,18

22.50 -10,35 6,28

22.53 -10,35 5,39

22.57 -10,34 4,50

22.60 -10,34 3,60

22.63 -10,33 2,71

22.67 -10,33 1,82

22.70 -10,33 0,93

22.73 -10,33 0,03

22.77 -10,33 -0,87

22.80 -10,34 -1,93

22.83 -10,34 -2,81

22.87 -10,34 -3,69

22.90 -10,34 -4,41

22.93 -10,34 -5,31

22.97 -10,33 -6,20

23.00 -10,32 -7,08

23.03 -10,32 -7,80

23.07 -10,31 -8,68

23.10 -10,31 -9,40

23.13 -10,14 -10,30

23.17 -10,14 -11,01

23.20 -10,14 -11,90

23.23 -10,14 -12,61

23.27 -10,13 -13,33

23.30 -9,96 -14,05

23.33 -9,96 -14,77

23.37 -9,96 -15,65

23.40 -9,79 -16,19

23.43 -9,79 -16,91

23.47 -9,78 -17,62

23.50 -9,78 -18,32

23.53 -9,60 -18,85

23.57 -9,60 -19,38

23.60 -9,60 -19,92

23.63 -9,43 -20,45

23.67 -9,43 -20,97

23.70 -9,44 -21,34

23.73 -9,44 -21,87

23.77 -9,44 -22,40

23.80 -9,44 -22,75

23.83 -9,44 -23,10

23.87 -9,45 -23,46

23.90 -9,45 -23,81

23.93 -9,46 -24,15

23.97 -9,63 -24,50

24.00 -9,62 -24,68

24.03 -9,62 -25,04

24.07 -9,62 -25,39

24.10 -9,62 -25,57

24.13 -9,63 -25,75

24.17 -9,64 -25,94

24.20 -9,64 -26,28

24.23 -9,81 -26,46

24.27 -9,81 -26,62

24.30 -9,80 -26,63

24.33 -9,80 -26,82

24.37 -9,79 -27,00

24.40 -9,79 -27,19

24.43 -9,78 -27,54

24.47 -9,77 -27,72

24.50 -9,60 -27,90

24.53 -9,60 -27,54

24.57 -9,61 -27,19

24.60 -9,61 -27,18

24.63 -9,61 -27,00

24.67 -9,61 -27,01

24.70 -9,61 -26,99

24.73 -9,62 -26,64

24.77 -9,62 -26,29

24.80 -9,61 -25,76

24.83 -9,61 -25,23

24.87 -9,43 -24,53

24.90 -9,43 -23,83

24.93 -9,43 -23,12

24.97 -9,25 -22,22

25.00 -9,24 -21,33

25.03 -9,06 -20,43

25.07 -8,89 -19,36

25.10 -8,71 -18,29

25.13 -8,54 -17,05

25.17 -8,54 -15,98

25.20 -8,35 -14,73

25.23 -8,17 -13,48

25.27 -7,99 -12,06

25.30 -7,82 -10,81

25.33 -7,82 -9,39

25.37 -7,64 -7,79

25.40 -7,64 -6,37

25.43 -7,47 -4,77

25.47 -7,47 -3,16

25.50 -7,47 -1,56

25.53 -7,47 0,40

25.57 -7,47 2,17

25.60 -7,29 3,95

25.63 -7,30 5,73

25.67 -7,30 7,51

25.70 -7,30 9,29

25.73 -7,12 11,07

25.77 -7,12 12,67

25.80 -6,94 14,27

25.83 -6,77 15,88

25.87 -6,76 17,48

25.90 -6,59 18,91

25.93 -6,41 20,33

25.97 -6,41 21,58

26.00 -6,24 22,82

26.03 -6,25 23,88

26.07 -6,25 24,77

26.10 -6,26 25,65

26.13 -6,44 26,35

26.17 -6,62 26,71

26.20 -6,79 27,06

26.23 -6,61 27,07

26.27 -6,25 26,90

26.30 -5,90 26,72

26.33 -5,71 26,53

26.37 -5,54 26,36

26.40 -5,55 26,37

26.43 -5,73 26,53

26.47 -5,91 26,53

26.50 -6,09 26,52

26.53 -6,27 26,35

26.57 -6,45 26,17

26.60 -6,46 25,98

26.63 -6,64 25,62

26.67 -6,81 25,28

26.70 -6,99 25,10

26.73 -7,18 24,91

26.77 -7,53 24,57

26.80 -7,72 24,40

26.83 -8,08 24,21

26.87 -8,44 23,86

26.90 -8,79 23,52

26.93 -9,14 23,33

26.97 -9,33 22,97

27.00 -9,68 22,62

27.03 -10,03 22,28

27.07 -10,20 22,09

27.10 -10,39 21,74

27.13 -10,58 21,39

27.17 -10,93 21,05

27.20 -11,10 20,71

27.23 -11,27 20,36

27.27 -11,43 20,02

27.30 -11,62 19,68

27.33 -11,62 19,49

27.37 -11,79 19,12

27.40 -11,97 18,76

27.43 -12,13 18,24

27.47 -12,13 17,88

27.50 -12,13 17,52

27.53 -12,14 16,97

27.57 -12,15 16,27

27.60 -12,14 15,73

27.63 -12,15 15,03

27.67 -11,98 14,32

27.70 -11,98 13,62

27.73 -11,99 12,91

27.77 -11,98 12,21

27.80 -11,98 11,50

27.83 -11,97 10,79

27.87 -11,98 10,08

27.90 -11,81 9,20

27.93 -11,81 8,32

27.97 -11,82 7,61

28.00 -11,83 6,90

28.03 -11,84 6,18

28.07 -12,01 5,29

28.10 -12,00 4,58

28.13 -11,99 3,86

28.17 -11,99 2,98

28.20 -11,99 2,26

28.23 -11,99 1,37

28.27 -11,99 0,48

28.30 -11,99 -0,41

28.33 -11,99 -1,31

28.37 -11,99 -2,19

28.40 -11,99 -3,26

28.43 -11,99 -4,31

28.47 -11,98 -5,21

28.50 -11,98 -6,10

28.53 -11,97 -7,00

28.57 -11,97 -7,89

28.60 -12,14 -8,61

28.63 -12,13 -9,50

28.67 -11,96 -10,39

28.70 -11,96 -11,28

28.73 -11,96 -12,16

28.77 -11,95 -13,04

28.80 -11,78 -13,76

28.83 -11,78 -14,64

28.87 -11,78 -15,35

28.90 -11,77 -16,06

28.93 -11,77 -16,76

28.97 -11,76 -17,47

29.00 -11,76 -18,01

29.03 -11,59 -18,55

29.07 -11,76 -19,25

29.10 -11,59 -19,78

29.13 -11,76 -20,31

29.17 -11,75 -20,84

29.20 -11,74 -21,37

29.23 -11,73 -21,91

29.27 -11,73 -22,45

29.30 -11,72 -23,15

29.33 -11,72 -24,23

29.37 -11,72 -24,76

29.40 -11,73 -25,30

29.43 -11,90 -25,82

29.47 -11,90 -26,17

29.50 -11,90 -26,53

29.53 -12,08 -26,88

29.57 -12,09 -27,24

29.60 -12,26 -27,61

29.63 -12,26 -27,43

29.67 -12,43 -27,08

29.70 -12,43 -27,07

29.73 -12,43 -27,25

29.77 -12,60 -27,06

29.80 -12,60 -27,06

29.83 -12,59 -26,89

29.87 -12,58 -27,06

29.90 -12,41 -26,88

29.93 -12,42 -26,88

29.97 -12,42 -26,88

30.00 -12,42 -26,71

30.03 -12,25 -26,72

30.07 -12,25 -26,89

30.10 -12,25 -26,88

30.13 -12,08 -26,88

30.17 -12,08 -26,87

30.20 -12,08 -26,86

30.23 -11,91 -26,85

30.27 -11,91 -26,84

30.30 -11,90 -26,83

30.33 -11,72 -26,82

30.37 -11,72 -26,82

30.40 -11,55 -26,81

30.43 -11,55 -26,80

30.47 -11,54 -26,79

30.50 -11,37 -26,78

30.53 -11,37 -26,78

30.57 -11,36 -26,77

30.60 -11,36 -26,76

30.63 -11,35 -26,76

30.67 -11,18 -26,76

30.70 -11,19 -26,76

