#Kinovea Trajectory data export
#T X Y

# Trajectory 1
0.10 -34,27 1,03
0.13 -34,27 1,03
0.17 -34,27 1,03
0.20 -34,27 1,04
0.23 -34,26 1,04
0.27 -34,26 1,04
0.30 -34,25 1,04
0.33 -34,25 1,04
0.37 -34,25 1,04
0.40 -34,25 1,03
0.43 -34,25 1,02
0.47 -34,24 1,01
0.50 -34,24 1,01
0.53 -34,24 1,00
0.57 -34,24 1,16
0.60 -34,24 1,15
0.63 -34,23 1,14
0.67 -34,23 1,13
0.70 -34,22 1,13
0.73 -34,06 1,12
0.77 -34,06 1,11
0.80 -34,06 1,10
0.83 -34,05 1,09
0.87 -33,89 1,09
0.90 -33,90 1,08
0.93 -33,89 1,07
0.97 -33,73 1,07
1.00 -33,73 1,07
1.03 -33,73 1,07
1.07 -33,72 1,07
1.10 -33,56 1,07
1.13 -33,57 1,07
1.17 -33,57 1,07
1.20 -33,58 1,07
1.23 -33,58 1,07
1.27 -33,74 1,07
1.30 -33,74 1,07
1.33 -33,75 1,06
1.37 -33,91 1,06
1.40 -33,92 1,05
1.43 -34,08 1,04
1.47 -34,08 1,03
1.50 -34,09 1,03
1.53 -34,25 1,02
1.57 -34,25 1,01
1.60 -34,25 1,00
1.63 -34,25 1,00
1.67 -34,25 1,16
1.70 -34,26 1,15
1.73 -34,26 1,14
1.77 -34,26 1,13
1.80 -34,26 1,13
1.83 -34,25 1,12
1.87 -34,09 1,11
1.90 -34,09 1,11
1.93 -34,09 1,10
1.97 -34,09 1,09
2.00 -34,08 1,09
2.03 -34,08 1,08
2.07 -34,07 1,07
2.10 -34,06 1,07
2.13 -34,05 1,06
2.17 -34,05 1,06
2.20 -34,04 1,05
2.23 -34,03 1,04
2.27 -34,03 1,04
2.30 -34,03 1,03
2.33 -34,03 1,02
2.37 -34,03 1,01
2.40 -34,03 1,01
2.43 -34,03 1,00
2.47 -34,19 1,16
2.50 -34,18 1,15
2.53 -34,18 1,14
2.57 -34,18 1,13
2.60 -34,18 1,13
2.63 -34,18 1,11
2.67 -34,18 1,10
2.70 -34,19 1,09
2.73 -34,19 1,08
2.77 -34,19 1,07
2.80 -34,19 1,06
2.83 -34,02 1,05
2.87 -34,03 1,04
2.90 -34,03 1,03
2.93 -34,03 1,02
2.97 -34,03 1,01
3.00 -34,03 1,00
3.03 -34,03 1,15
3.07 -34,03 1,15
3.10 -34,03 1,14
3.13 -34,03 1,13
3.17 -34,03 1,12
3.20 -34,03 1,11
3.23 -34,03 1,10
3.27 -34,03 1,09
3.30 -34,04 1,08
3.33 -34,05 1,07
3.37 -34,05 1,06
3.40 -34,06 1,05
3.43 -34,06 1,04
3.47 -34,07 1,04
3.50 -34,08 1,03
3.53 -34,08 1,02
3.57 -34,09 1,01
3.60 -34,25 1,00
3.63 -34,24 1,16
3.67 -34,23 1,16
3.70 -34,23 1,15
3.73 -34,22 1,15
3.77 -34,22 1,14
3.80 -34,21 1,14
3.83 -34,21 1,13
3.87 -34,20 1,12
3.90 -34,20 1,12
3.93 -34,20 1,11
3.97 -34,20 1,10
4.00 -34,20 1,10
4.03 -34,20 1,09
4.07 -34,21 1,08
4.10 -34,21 1,07
4.13 -34,21 0,91
4.17 -34,20 0,92
4.20 -34,20 0,93
4.23 -34,19 0,94
4.27 -34,03 0,94
4.30 -34,03 0,95
4.33 -34,03 0,96
4.37 -34,04 0,97
4.40 -34,03 0,97
4.43 -34,03 0,98
4.47 -34,02 0,99
4.50 -34,01 1,00
4.53 -34,01 1,01
4.57 -34,00 0,84
4.60 -34,16 0,85
4.63 -34,16 0,85
4.67 -34,15 0,85
4.70 -34,14 0,86
4.73 -34,14 0,86
4.77 -34,14 0,86
4.80 -34,14 0,85
4.83 -34,14 0,85
4.87 -34,14 0,85
4.90 -34,14 0,85
4.93 -34,14 0,85
4.97 -34,15 0,84
5.00 -34,15 0,85
5.03 -34,15 0,85
5.07 -34,14 0,85
5.10 -34,14 0,86
5.13 -34,14 0,86
5.17 -34,13 0,86
5.20 -33,97 0,86
5.23 -33,97 0,86
5.27 -33,98 0,86
5.30 -33,98 0,86
5.33 -33,99 0,86
5.37 -33,99 0,86
5.40 -33,99 0,86
5.43 -34,00 0,85
5.47 -34,00 0,85
5.50 -33,84 0,84
5.53 -33,85 0,83
5.57 -33,85 0,99
5.60 -33,86 0,97
5.63 -33,87 0,82
5.67 -33,87 0,82
5.70 -33,88 0,83
5.73 -33,88 0,84
5.77 -33,89 0,67
5.80 -33,89 0,68
5.83 -33,89 0,68
5.87 -33,89 0,68
5.90 -33,89 0,67
5.93 -33,89 0,66
5.97 -33,88 0,83
6.00 -33,88 0,82
6.03 -33,87 0,82
6.07 -33,86 0,82
6.10 -33,70 0,98
6.13 -33,71 0,99
6.17 -33,71 1,17
6.20 -33,71 1,49
6.23 -33,71 1,66
6.27 -33,71 2,00
6.30 -33,70 2,50
6.33 -33,54 3,01
6.37 -33,54 3,68
6.40 -33,54 4,35
6.43 -33,54 5,20
6.47 -33,54 6,20
6.50 -33,54 7,21
6.53 -33,54 8,39
6.57 -33,53 9,56
6.60 -33,53 10,74
6.63 -33,53 12,09
6.67 -33,70 13,43
6.70 -33,70 14,94
6.73 -33,86 16,46
6.77 -33,86 17,97
6.80 -33,86 19,48
6.83 -33,86 21,16
6.87 -33,87 22,84
6.90 -33,87 24,52
6.93 -33,87 26,37
6.97 -33,70 28,39
7.00 -33,70 30,24
7.03 -33,53 32,08
7.07 -33,36 34,10
7.10 -33,02 36,12
7.13 -32,86 38,13
7.17 -32,69 40,15
7.20 -32,35 42,17
7.23 -32,18 44,35
7.27 -32,01 46,37
7.30 -31,68 48,38
7.33 -31,51 50,57
7.37 -31,34 52,42
7.40 -31,18 54,26
7.43 -31,18 56,11
7.47 -31,18 57,45
7.50 -31,17 58,46
7.53 -31,17 58,97
7.57 -31,00 59,13
7.60 -30,84 58,97
7.63 -30,67 58,63
7.67 -30,51 58,29
7.70 -30,67 58,12
7.73 -30,84 58,11
7.77 -31,18 58,11
7.80 -31,52 58,11
7.83 -31,86 58,12
7.87 -32,20 58,12
7.90 -32,54 57,95
7.93 -32,87 57,62
7.97 -33,04 57,28
8.00 -33,38 57,11
8.03 -33,71 56,94
8.07 -34,05 56,78
8.10 -34,39 56,78
8.13 -34,72 56,77
8.17 -34,89 56,78
8.20 -35,06 56,78
8.23 -35,23 56,61
8.27 -35,40 56,61
8.30 -35,57 56,61
8.33 -35,74 56,45
8.37 -35,91 56,12
8.40 -36,08 56,11
8.43 -36,24 55,94
8.47 -36,24 55,94
8.50 -36,41 55,77
8.53 -36,58 55,61
8.57 -36,58 55,60
8.60 -36,75 55,43
8.63 -36,91 55,27
8.67 -36,91 54,93
8.70 -37,08 54,77
8.73 -37,08 54,43
8.77 -37,24 54,09
8.80 -37,24 53,76
8.83 -37,24 53,42
8.87 -37,41 53,08
8.90 -37,41 52,75
8.93 -37,58 52,25
8.97 -37,58 51,75
9.00 -37,74 51,41
9.03 -37,74 50,90
9.07 -37,74 50,39
9.10 -37,74 50,05
9.13 -37,74 49,38
9.17 -37,74 48,87
9.20 -37,74 48,20
9.23 -37,58 47,52
9.27 -37,57 46,85
9.30 -37,41 46,00
9.33 -37,40 45,16
9.37 -37,23 44,32
9.40 -37,07 43,48
9.43 -36,90 42,47
9.47 -36,90 41,63
9.50 -36,73 40,62
9.53 -36,56 39,61
9.57 -36,40 38,60
9.60 -36,40 37,43
9.63 -36,23 36,25
9.67 -36,23 35,24
9.70 -36,06 34,07
9.73 -36,06 32,89
9.77 -35,89 31,71
9.80 -35,89 30,54
9.83 -35,73 29,53
9.87 -35,73 28,35
9.90 -35,56 27,18
9.93 -35,56 26,17
9.97 -35,40 25,00
10.00 -35,40 23,99
10.03 -35,24 22,98
10.07 -35,23 21,97
10.10 -35,07 20,96
10.13 -35,06 19,95
10.17 -34,90 18,94
10.20 -34,73 17,93
10.23 -34,73 16,92
10.27 -34,57 16,08
10.30 -34,57 15,08
10.33 -34,56 14,24
10.37 -34,40 13,40
10.40 -34,40 12,57
10.43 -34,40 11,89
10.47 -34,39 11,06
10.50 -34,23 10,38
10.53 -34,23 9,54
10.57 -34,24 8,87
10.60 -34,25 8,04
10.63 -34,25 7,37
10.67 -34,42 6,70
10.70 -34,42 6,03
10.73 -34,42 5,36
10.77 -34,42 4,85
10.80 -34,59 4,18
10.83 -34,60 3,68
10.87 -34,76 3,17
10.90 -34,77 2,67
10.93 -34,94 2,17
10.97 -35,11 1,83
11.00 -35,11 1,49
11.03 -35,27 1,15
11.07 -35,28 0,82
11.10 -35,45 0,48
11.13 -35,61 0,32
11.17 -35,62 0,32
11.20 -35,79 0,49
11.23 -35,95 0,49
11.27 -35,95 0,49
11.30 -36,12 0,50
11.33 -36,12 0,49
11.37 -36,29 0,83
11.40 -36,29 1,33
11.43 -36,29 1,83
11.47 -36,46 2,50
11.50 -36,45 3,34
11.53 -36,45 4,19
11.57 -36,45 5,36
11.60 -36,45 6,37
11.63 -36,44 7,71
11.67 -36,28 9,06
11.70 -36,28 10,40
11.73 -36,28 11,91
11.77 -36,28 13,42
11.80 -36,28 14,94
11.83 -36,27 16,62
11.87 -36,27 18,30
11.90 -36,26 20,15
11.93 -36,26 21,83
11.97 -36,26 23,84
12.00 -36,26 25,86
12.03 -36,26 27,88
12.07 -36,26 30,06
12.10 -36,43 32,08
12.13 -36,42 34,26
12.17 -36,42 36,44
12.20 -36,42 38,63
12.23 -36,42 40,81
12.27 -36,42 43,00
12.30 -36,41 45,01
12.33 -36,41 47,19
12.37 -36,41 49,04
12.40 -36,41 50,89
12.43 -36,41 52,57
12.47 -36,41 54,25
12.50 -36,58 55,43
12.53 -36,75 56,44
12.57 -36,92 57,11
12.60 -37,09 57,45
12.63 -37,09 57,45
12.67 -36,92 57,28
12.70 -36,76 57,28
12.73 -36,76 57,10
12.77 -36,92 56,93
12.80 -37,09 56,77
12.83 -37,42 56,78
12.87 -37,75 56,94
12.90 -37,92 56,93
12.93 -38,25 56,77
12.97 -38,42 56,60
13.00 -38,58 56,27
13.03 -38,75 55,93
13.07 -38,91 55,43
13.10 -39,08 54,93
13.13 -39,25 54,43
13.17 -39,41 53,92
13.20 -39,58 53,43
13.23 -39,75 53,08
13.27 -39,92 52,58
13.30 -40,09 52,08
13.33 -40,25 51,57
13.37 -40,25 50,91
13.40 -40,42 50,40
13.43 -40,42 49,73
13.47 -40,59 49,06
13.50 -40,59 48,39
13.53 -40,59 47,71
13.57 -40,60 47,04
13.60 -40,60 46,20
13.63 -40,61 45,19
13.67 -40,62 44,35
13.70 -40,62 43,34
13.73 -40,62 42,33
13.77 -40,63 41,16
13.80 -40,63 40,15
13.83 -40,63 38,97
13.87 -40,63 37,79
13.90 -40,63 36,28
13.93 -40,63 35,11
13.97 -40,63 33,77
14.00 -40,63 32,42
14.03 -40,63 31,08
14.07 -40,63 29,74
14.10 -40,63 28,39
14.13 -40,46 27,05
14.17 -40,46 25,71
14.20 -40,29 24,36
14.23 -40,29 23,19
14.27 -40,12 22,01
14.30 -39,95 20,67
14.33 -39,79 19,49
14.37 -39,62 18,48
14.40 -39,46 17,30
14.43 -39,45 16,30
14.47 -39,28 15,29
14.50 -39,11 14,28
14.53 -38,94 13,44
14.57 -38,78 12,43
14.60 -38,77 11,60
14.63 -38,60 10,92
14.67 -38,44 10,08
14.70 -38,43 9,41
14.73 -38,27 8,73
14.77 -38,26 8,06
14.80 -38,10 7,40
14.83 -38,10 6,89
14.87 -38,09 6,22
14.90 -38,09 5,55
14.93 -38,08 5,04
14.97 -38,08 4,37
15.00 -38,08 3,86
15.03 -38,08 3,19
15.07 -38,25 2,69
15.10 -38,26 2,02
15.13 -38,42 1,52
15.17 -38,58 1,02
15.20 -38,59 0,68
15.23 -38,75 0,19
15.27 -38,76 -0,15
15.30 -38,93 -0,48
15.33 -39,09 -0,47
15.37 -39,09 -0,14
15.40 -39,26 -0,14
15.43 -39,26 0,20
15.47 -39,26 0,53
15.50 -39,42 0,87
15.53 -39,42 1,54
15.57 -39,42 2,21
15.60 -39,41 3,05
15.63 -39,41 3,89
15.67 -39,24 4,91
15.70 -39,24 6,08
15.73 -39,08 7,43
15.77 -38,91 8,77
15.80 -38,91 10,11
15.83 -38,75 11,46
15.87 -38,74 12,97
15.90 -38,58 14,48
15.93 -38,57 16,17
15.97 -38,40 17,85
16.00 -38,40 19,53
16.03 -38,24 21,37
16.07 -38,24 23,22
16.10 -38,23 25,07
16.13 -38,23 27,08
16.17 -38,06 29,10
16.20 -38,06 31,12
16.23 -38,06 33,13
16.27 -38,06 35,32
16.30 -37,89 37,33
16.33 -37,89 39,68
16.37 -37,73 41,70
16.40 -37,72 43,88
16.43 -37,56 45,90
16.47 -37,56 47,92
16.50 -37,39 49,60
16.53 -37,39 51,28
16.57 -37,23 52,79
16.60 -37,23 54,13
16.63 -37,23 55,14
16.67 -37,24 55,81
16.70 -37,24 56,14
16.73 -37,07 56,15
16.77 -36,74 56,15
16.80 -36,41 56,14
16.83 -36,24 55,98
16.87 -36,07 55,99
16.90 -36,07 56,15
16.93 -36,24 56,15
16.97 -36,40 56,32
17.00 -36,56 56,32
17.03 -36,57 56,49
17.07 -36,74 56,33
17.10 -36,74 56,32
17.13 -36,74 56,32
17.17 -36,75 56,15
17.20 -36,91 56,16
17.23 -36,91 56,32
17.27 -36,91 56,48
17.30 -37,07 56,64
17.33 -37,07 56,65
17.37 -37,07 56,81
17.40 -37,07 56,80
17.43 -37,07 56,63
17.47 -37,24 56,46
17.50 -37,24 56,29
17.53 -37,24 55,96
17.57 -37,41 55,80
17.60 -37,57 55,63
17.63 -37,57 55,30
17.67 -37,74 54,96
17.70 -37,90 54,62
17.73 -37,91 54,11
17.77 -38,08 53,44
17.80 -38,26 52,93
17.83 -38,43 52,26
17.87 -38,76 51,60
17.90 -38,93 51,09
17.93 -39,10 50,41
17.97 -39,44 49,74
18.00 -39,61 48,90
18.03 -39,78 48,23
18.07 -40,11 47,39
18.10 -40,28 46,38
18.13 -40,44 45,54
18.17 -40,45 44,70
18.20 -40,62 43,69
18.23 -40,78 42,68
18.27 -40,78 41,67
18.30 -40,78 40,50
18.33 -40,79 39,49
18.37 -40,79 38,48
18.40 -40,79 37,31
18.43 -40,79 36,13
18.47 -40,78 34,96
18.50 -40,62 33,78
18.53 -40,62 32,61
18.57 -40,62 31,43
18.60 -40,62 30,26
18.63 -40,45 29,08
18.67 -40,45 28,07
18.70 -40,45 26,90
18.73 -40,45 25,89
18.77 -40,45 24,71
18.80 -40,44 23,54
18.83 -40,44 22,53
18.87 -40,43 21,52
18.90 -40,43 20,35
18.93 -40,43 19,34
18.97 -40,43 18,33
19.00 -40,43 17,32
19.03 -40,43 16,32
19.07 -40,60 15,47
19.10 -40,60 14,46
19.13 -40,60 13,46
19.17 -40,77 12,62
19.20 -40,77 11,78
19.23 -40,94 11,11
19.27 -40,94 10,27
19.30 -41,10 9,60
19.33 -41,10 8,92
19.37 -41,27 8,09
19.40 -41,27 7,58
19.43 -41,43 6,91
19.47 -41,43 6,40
19.50 -41,60 5,73
19.53 -41,76 5,22
19.57 -41,77 4,71
19.60 -41,94 4,04
19.63 -42,11 3,54
19.67 -42,27 3,04
19.70 -42,43 2,70
19.73 -42,44 2,20
19.77 -42,61 1,86
19.80 -42,77 1,53
19.83 -42,78 1,19
19.87 -42,95 0,85
19.90 -42,95 0,35
19.93 -43,12 -0,15
19.97 -43,12 -0,49
20.00 -43,13 -0,65
20.03 -43,13 -0,48
20.07 -43,13 0,02
20.10 -43,14 0,53
20.13 -43,13 1,21
20.17 -43,13 2,05
20.20 -42,97 3,05
20.23 -42,96 4,06
20.27 -42,80 5,07
20.30 -42,79 6,24
20.33 -42,63 7,42
20.37 -42,46 8,60
20.40 -42,29 9,94
20.43 -42,13 11,12
20.47 -41,96 12,46
20.50 -41,80 13,81
20.53 -41,80 15,32
20.57 -41,63 16,66
20.60 -41,45 18,18
20.63 -41,28 19,69
20.67 -41,12 21,20
20.70 -40,95 22,71
20.73 -40,95 24,22
20.77 -40,78 25,90
20.80 -40,78 27,58
20.83 -40,61 29,10
20.87 -40,44 30,78
20.90 -40,44 32,46
20.93 -40,28 34,14
20.97 -40,28 35,82
21.00 -40,27 37,50
21.03 -40,11 39,02
21.07 -39,94 40,53
21.10 -39,94 42,21
21.13 -39,78 43,72
21.17 -39,78 45,23
21.20 -39,61 46,58
21.23 -39,61 47,92
21.27 -39,61 49,26
21.30 -39,44 50,44
21.33 -39,44 51,61
21.37 -39,44 52,62
21.40 -39,43 53,46
21.43 -39,43 54,30
21.47 -39,43 54,97
21.50 -39,42 55,48
21.53 -39,25 55,82
21.57 -39,08 55,99
21.60 -38,91 56,16
21.63 -38,74 56,15
21.67 -38,57 56,15
21.70 -38,57 56,15
21.73 -38,58 56,15
21.77 -38,74 56,15
21.80 -38,75 56,14
21.83 -38,91 55,98
21.87 -38,90 55,82
21.90 -38,90 55,66
21.93 -38,90 55,33
21.97 -38,89 55,15
22.00 -38,89 54,81
22.03 -38,88 54,47
22.07 -38,87 54,13
22.10 -39,04 53,79
22.13 -39,04 53,29
22.17 -39,04 52,95
22.20 -39,05 52,44
22.23 -39,05 51,94
22.27 -39,05 51,44
22.30 -39,21 50,94
22.33 -39,22 50,43
22.37 -39,38 49,76
22.40 -39,38 49,10
22.43 -39,54 48,59
22.47 -39,71 47,75
22.50 -39,71 47,07
22.53 -39,71 46,24
22.57 -39,71 45,40
22.60 -39,71 44,55
22.63 -39,70 43,55
22.67 -39,53 42,71
22.70 -39,53 41,70
22.73 -39,36 40,52
22.77 -39,20 39,52
22.80 -39,19 38,51
22.83 -39,03 37,33
22.87 -39,02 36,15
22.90 -38,85 34,81
22.93 -38,69 33,63
22.97 -38,69 32,46
23.00 -38,69 31,28
23.03 -38,69 30,10
23.07 -38,52 28,76
23.10 -38,53 27,58
23.13 -38,53 26,40
23.17 -38,53 25,22
23.20 -38,53 24,05
23.23 -38,53 22,87
23.27 -38,52 21,87
23.30 -38,52 20,69
23.33 -38,52 19,68
23.37 -38,53 18,51
23.40 -38,53 17,50
23.43 -38,54 16,49
23.47 -38,70 15,31
23.50 -38,70 14,30
23.53 -38,69 13,29
23.57 -38,69 12,12
23.60 -38,69 11,28
23.63 -38,69 10,44
23.67 -38,69 9,43
23.70 -38,70 8,59
23.73 -38,86 7,92
23.77 -38,86 7,08
23.80 -38,85 6,41
23.83 -38,85 5,73
23.87 -38,86 4,90
23.90 -39,02 4,23
23.93 -39,03 3,72
23.97 -39,19 3,05
24.00 -39,19 2,39
24.03 -39,19 1,89
24.07 -39,35 1,38
24.10 -39,35 0,89
24.13 -39,36 0,55
24.17 -39,52 0,21
24.20 -39,52 -0,29
24.23 -39,52 -0,46
24.27 -39,69 -0,45
24.30 -39,69 -0,12
24.33 -39,69 -0,12
24.37 -39,85 -0,28
24.40 -39,85 -0,29
24.43 -39,85 -0,29
24.47 -39,85 -0,29
24.50 -39,86 -0,11
24.53 -39,85 0,23
24.57 -39,69 0,73
24.60 -39,69 1,23
24.63 -39,69 1,90
24.67 -39,52 2,58
24.70 -39,36 3,42
24.73 -39,36 4,43
24.77 -39,19 5,44
24.80 -39,02 6,62
24.83 -38,86 7,63
24.87 -38,69 8,80
24.90 -38,52 10,15
24.93 -38,36 11,49
24.97 -38,19 12,67
25.00 -38,03 14,01
25.03 -37,86 15,36
25.07 -37,70 16,70
25.10 -37,53 18,05
25.13 -37,36 19,56
25.17 -37,36 21,07
25.20 -37,19 22,41
25.23 -37,02 24,09
25.27 -36,86 25,60
25.30 -36,86 27,12
25.33 -36,69 28,80
25.37 -36,52 30,48
25.40 -36,35 32,15
25.43 -36,36 33,83
25.47 -36,19 35,51
25.50 -36,19 37,19
25.53 -36,02 38,70
25.57 -36,02 40,38
25.60 -36,02 41,90
25.63 -35,86 43,41
25.67 -35,86 44,92
25.70 -35,86 46,43
25.73 -36,03 47,77
25.77 -36,03 49,12
25.80 -36,20 50,46
25.83 -36,20 51,63
25.87 -36,37 52,64
25.90 -36,54 53,65
25.93 -36,71 54,66
25.97 -37,05 55,33
26.00 -37,38 55,83
26.03 -37,55 56,17
26.07 -37,72 56,34
26.10 -37,72 56,34
26.13 -37,56 56,17
26.17 -37,55 56,00
26.20 -37,55 55,84
26.23 -37,54 55,68
26.27 -37,54 55,67
26.30 -37,55 55,51
26.33 -37,72 55,50
26.37 -37,88 55,34
26.40 -37,89 55,17
26.43 -38,05 54,99
26.47 -38,05 54,82
26.50 -38,06 54,64
26.53 -38,06 54,47
26.57 -38,23 54,30
26.60 -38,22 54,13
26.63 -38,22 53,96
26.67 -38,23 53,80
26.70 -38,23 53,63
26.73 -38,40 53,47
26.77 -38,39 53,47
26.80 -38,39 53,31
26.83 -38,39 53,31
26.87 -38,39 53,31
26.90 -38,56 53,31
26.93 -38,56 53,32
26.97 -38,73 53,49
27.00 -38,73 53,49
27.03 -38,74 53,49
27.07 -38,90 53,49
27.10 -38,90 53,49
27.13 -39,07 53,49
27.17 -39,07 53,49
27.20 -39,23 53,48
27.23 -39,24 53,32
27.27 -39,41 53,31
27.30 -39,57 53,14
27.33 -39,74 52,98
27.37 -39,90 52,80
27.40 -39,91 52,47
27.43 -40,08 52,13
27.47 -40,25 51,63
27.50 -40,42 51,29
27.53 -40,60 50,80
27.57 -40,77 50,46
27.60 -41,10 49,95
27.63 -41,27 49,28
27.67 -41,44 48,77
27.70 -41,61 48,10
27.73 -41,94 47,44
27.77 -42,11 46,93
27.80 -42,27 46,26
27.83 -42,44 45,58
27.87 -42,60 44,91
27.90 -42,60 44,07
27.93 -42,77 43,39
27.97 -42,77 42,55
28.00 -42,77 41,71
28.03 -42,77 40,70
28.07 -42,76 39,86
28.10 -42,60 38,85
28.13 -42,59 37,85
28.17 -42,43 37,00
28.20 -42,26 35,99
28.23 -42,09 34,99
28.27 -41,92 33,98
28.30 -41,75 32,80
28.33 -41,59 31,80
28.37 -41,42 30,79
28.40 -41,25 29,78
28.43 -41,09 28,77
28.47 -40,92 27,60
28.50 -40,76 26,59
28.53 -40,59 25,59
28.57 -40,59 24,58
28.60 -40,42 23,57
28.63 -40,25 22,56
28.67 -40,09 21,55
28.70 -40,09 20,37
28.73 -39,92 19,37
28.77 -39,76 18,53
28.80 -39,75 17,52
28.83 -39,59 16,51
28.87 -39,59 15,67
28.90 -39,43 14,67
28.93 -39,42 13,83
28.97 -39,42 12,82
29.00 -39,25 11,98
29.03 -39,26 11,14
29.07 -39,26 10,29
29.10 -39,26 9,45
29.13 -39,26 8,61
29.17 -39,26 7,78
29.20 -39,27 7,11
29.23 -39,27 6,43
29.27 -39,43 5,59
29.30 -39,43 4,92
29.33 -39,43 4,25
29.37 -39,43 3,58
29.40 -39,43 2,91
29.43 -39,44 2,40
29.47 -39,60 1,73
29.50 -39,61 1,22
29.53 -39,77 0,71
29.57 -39,78 0,21
29.60 -39,94 -0,29
29.63 -40,10 -0,63
29.67 -40,11 -0,96
29.70 -40,27 -0,97
29.73 -40,44 -0,79
29.77 -40,44 -0,46
29.80 -40,61 -0,29
29.83 -40,78 0,04
29.87 -40,78 0,21
29.90 -40,95 0,37
29.93 -41,12 0,38
29.97 -41,28 0,72
30.00 -41,28 1,22
30.03 -41,28 1,72
30.07 -41,45 2,39
30.10 -41,44 3,07
30.13 -41,44 3,90
30.17 -41,44 4,74
30.20 -41,27 5,58
30.23 -41,27 6,59
30.27 -41,27 7,60
30.30 -41,27 8,61
30.33 -41,10 9,62
30.37 -41,10 10,80
30.40 -41,10 11,97
30.43 -40,93 13,32
30.47 -40,93 14,66
30.50 -40,76 16,00
30.53 -40,76 17,35
30.57 -40,75 18,86
30.60 -40,59 20,37
30.63 -40,58 21,88
30.67 -40,42 23,56
30.70 -40,41 25,24
30.73 -40,25 26,92
30.77 -40,25 28,60
30.80 -40,08 30,29
30.83 -40,08 32,13
30.87 -39,91 33,82
30.90 -39,91 35,67
30.93 -39,74 37,51
30.97 -39,58 39,36
31.00 -39,41 41,21
31.03 -39,41 43,06
31.07 -39,25 44,91
31.10 -39,25 46,76
31.13 -39,08 48,60
31.17 -39,08 50,28
31.20 -38,91 51,96
31.23 -38,91 53,47
31.27 -38,74 54,65
31.30 -38,58 55,83
31.33 -38,58 56,67
31.37 -38,58 57,34
31.40 -38,57 57,67
31.43 -38,41 57,84
31.47 -38,24 58,01
31.50 -38,07 58,01
31.53 -37,73 58,01
31.57 -37,40 57,84
31.60 -37,06 57,84
31.63 -36,72 57,67
31.67 -36,55 57,67
31.70 -36,38 57,50
31.73 -36,22 57,33
31.77 -36,21 57,17
31.80 -36,05 57,00
31.83 -36,05 56,82
31.87 -36,05 56,49
31.90 -35,89 56,16
31.93 -35,88 55,99
31.97 -35,71 55,66
32.00 -35,54 55,49
32.03 -35,37 55,31
32.07 -35,21 54,98
32.10 -35,20 54,81
32.13 -35,04 54,63
32.17 -35,03 54,46
32.20 -34,87 54,28
32.23 -34,87 54,11
32.27 -34,87 53,95
32.30 -34,86 53,95
32.33 -34,86 53,95
32.37 -34,85 53,79
32.40 -34,69 53,80
32.43 -34,69 53,80
32.47 -34,70 53,80
32.50 -34,70 53,80
32.53 -34,71 53,80
32.57 -34,71 53,80
32.60 -34,87 53,79
32.63 -34,87 53,63
32.67 -34,87 53,63
32.70 -35,03 53,47
32.73 -35,03 53,31
32.77 -35,04 53,14
32.80 -35,21 52,80
32.83 -35,37 52,46
32.87 -35,37 51,96
32.90 -35,54 51,46
32.93 -35,70 50,96
32.97 -35,71 50,45
33.00 -35,88 49,95
33.03 -36,04 49,44
33.07 -36,21 48,77
33.10 -36,37 48,26
33.13 -36,38 47,59
33.17 -36,54 46,75
33.20 -36,55 46,07
33.23 -36,71 45,23
33.27 -36,71 44,38
33.30 -36,71 43,38
33.33 -36,71 42,37
33.37 -36,70 41,37
33.40 -36,70 40,52
33.43 -36,70 39,35
33.47 -36,53 38,34
33.50 -36,54 37,33
33.53 -36,54 36,32
33.57 -36,55 35,15
33.60 -36,71 33,97
33.63 -36,71 32,80
33.67 -36,71 31,79
33.70 -36,88 30,61
33.73 -36,88 29,44
33.77 -37,05 28,43
33.80 -37,05 27,25
33.83 -37,22 26,25
33.87 -37,22 25,24
33.90 -37,39 24,23
33.93 -37,39 23,22
33.97 -37,56 22,04
34.00 -37,56 21,04
34.03 -37,73 20,19
34.07 -37,73 19,18
34.10 -37,74 18,18
34.13 -37,90 17,17
34.17 -37,91 16,34
34.20 -38,07 15,50
34.23 -38,07 14,66
34.27 -38,08 13,82
34.30 -38,24 12,98
34.33 -38,25 12,15
34.37 -38,41 11,48
34.40 -38,41 10,64
34.43 -38,41 9,96
34.47 -38,57 9,12
34.50 -38,57 8,45
34.53 -38,58 7,77
34.57 -38,58 7,10
34.60 -38,75 6,43
34.63 -38,75 5,93
34.67 -38,75 5,25
34.70 -38,92 4,58
34.73 -38,92 3,91
34.77 -39,09 3,23
34.80 -39,09 2,56
34.83 -39,25 2,06
34.87 -39,25 1,39
34.90 -39,42 0,89
34.93 -39,42 0,55
34.97 -39,59 0,21
35.00 -39,59 -0,13
35.03 -39,75 -0,46
35.07 -39,75 -0,80
35.10 -39,75 -0,96
35.13 -39,75 -0,96
35.17 -39,75 -0,80
35.20 -39,76 -0,79
35.23 -39,76 -0,79
35.27 -39,76 -0,96
35.30 -39,75 -0,79
35.33 -39,59 -0,62
35.37 -39,59 -0,29
35.40 -39,42 0,21
35.43 -39,42 0,71
35.47 -39,25 1,39
35.50 -39,09 2,22
35.53 -39,08 3,06
35.57 -38,92 4,07
35.60 -38,75 5,07
35.63 -38,75 6,08
35.67 -38,58 7,26
35.70 -38,58 8,43
35.73 -38,41 9,61
35.77 -38,25 10,96
35.80 -38,25 12,30
35.83 -38,08 13,64
35.87 -38,08 14,99
35.90 -37,91 16,33
35.93 -37,90 17,85
35.97 -37,73 19,36
36.00 -37,57 20,87
36.03 -37,56 22,38
36.07 -37,39 24,06
36.10 -37,23 25,58
36.13 -37,23 27,26
36.17 -37,06 28,77
36.20 -37,05 30,28
36.23 -36,89 31,96
36.27 -36,89 33,47
36.30 -36,72 34,99
36.33 -36,72 36,50
36.37 -36,72 38,18
36.40 -36,55 39,69
36.43 -36,56 41,21
36.47 -36,55 42,88
36.50 -36,55 44,40
36.53 -36,55 45,91
36.57 -36,38 47,42
36.60 -36,38 49,10
36.63 -36,38 50,61
36.67 -36,21 51,96
36.70 -36,21 53,47
36.73 -36,21 54,81
36.77 -36,21 55,99
36.80 -36,21 57,16
36.83 -36,21 58,00
36.87 -36,38 58,68
36.90 -36,56 59,18
36.93 -36,73 59,34
36.97 -36,73 59,17
37.00 -36,73 58,84
37.03 -36,57 58,51
37.07 -36,57 58,17
37.10 -36,40 57,67
37.13 -36,57 57,49
37.17 -36,57 57,16
37.20 -36,74 56,99
37.23 -36,91 56,65
37.27 -37,07 56,49
37.30 -37,07 56,15
37.33 -37,07 55,99
37.37 -37,07 55,65
37.40 -37,08 55,32
37.43 -37,08 55,15
37.47 -37,07 54,81
37.50 -37,07 54,64
37.53 -36,90 54,47
37.57 -36,91 54,30
37.60 -36,91 54,14
37.63 -36,91 54,14
37.67 -36,91 54,13
37.70 -36,91 54,13
37.73 -36,90 53,96
37.77 -36,90 53,97
37.80 -36,89 53,97
37.83 -36,89 53,98
37.87 -36,72 54,14
37.90 -36,73 54,14
37.93 -36,73 54,31
37.97 -36,73 54,48
38.00 -36,73 54,64
38.03 -36,56 54,81
38.07 -36,56 54,98
38.10 -36,40 55,14
38.13 -36,40 55,30
38.17 -36,23 55,30
38.20 -36,24 55,46
38.23 -36,24 55,46
38.27 -36,24 55,46
38.30 -36,25 55,46
38.33 -36,25 55,30
38.37 -36,42 55,29
38.40 -36,43 55,11
38.43 -36,59 54,78
38.47 -36,75 54,61
38.50 -36,76 54,27
38.53 -36,92 53,94
38.57 -37,09 53,61
38.60 -37,09 53,29
38.63 -37,25 52,95
38.67 -37,25 52,61
38.70 -37,42 52,11
38.73 -37,42 51,61
38.77 -37,59 51,12
38.80 -37,76 50,61
38.83 -37,92 50,11
38.87 -37,93 49,44
38.90 -38,10 48,94
38.93 -38,27 48,27
38.97 -38,43 47,77
39.00 -38,44 47,09
39.03 -38,60 46,42
39.07 -38,60 45,58
39.10 -38,60 44,74
39.13 -38,77 43,90
39.17 -38,76 43,06
39.20 -38,75 42,06
39.23 -38,59 41,21
39.27 -38,60 40,20
39.30 -38,60 39,19
39.33 -38,60 38,02
39.37 -38,60 37,01
39.40 -38,60 35,66
39.43 -38,59 34,49
39.47 -38,59 33,31
39.50 -38,59 31,97
39.53 -38,58 30,79
39.57 -38,58 29,45
39.60 -38,58 28,27
39.63 -38,59 26,93
39.67 -38,75 25,75
39.70 -38,75 24,41
39.73 -38,92 23,23
39.77 -38,92 22,06
39.80 -39,09 21,05
39.83 -39,09 19,87
39.87 -39,26 19,03
39.90 -39,27 18,03
39.93 -39,44 17,18
39.97 -39,60 16,34
40.00 -39,60 15,50
40.03 -39,77 14,66
40.07 -39,77 13,82
40.10 -39,94 13,15
40.13 -40,11 12,48
40.17 -40,28 11,80
40.20 -40,28 11,13
40.23 -40,45 10,63
40.27 -40,62 9,96
40.30 -40,78 9,45
40.33 -40,79 8,78
40.37 -40,96 8,28
40.40 -41,13 7,77
40.43 -41,29 7,10
40.47 -41,30 6,60
40.50 -41,47 6,09
40.53 -41,63 5,42
40.57 -41,80 4,92
40.60 -41,96 4,41
40.63 -41,97 3,91
40.67 -42,14 3,40
40.70 -42,30 2,90
40.73 -42,47 2,56
40.77 -42,47 2,06
40.80 -42,64 1,72
40.83 -42,81 1,39
40.87 -42,97 1,05
40.90 -42,98 0,72
40.93 -43,14 0,38
40.97 -43,15 0,04
41.00 -43,32 -0,29
41.03 -43,48 -0,63
41.07 -43,48 -0,96
41.10 -43,49 -0,96
41.13 -43,66 -0,80
41.17 -43,66 -0,63
41.20 -43,82 -0,29
41.23 -43,82 -0,12
41.27 -43,82 0,38
41.30 -43,83 0,88
41.33 -43,99 1,39
41.37 -43,99 2,23
41.40 -43,99 3,07
41.43 -44,00 3,91
41.47 -44,00 4,92
41.50 -44,00 5,92
41.53 -44,00 7,10
41.57 -44,00 8,27
41.60 -43,83 9,45
41.63 -43,83 10,63
41.67 -43,66 11,97
41.70 -43,50 13,15
41.73 -43,49 14,49
41.77 -43,32 15,83
41.80 -43,15 17,17
41.83 -42,98 18,52
41.87 -42,81 19,86
41.90 -42,64 21,20
41.93 -42,47 22,55
41.97 -42,30 23,72
42.00 -42,13 25,07
42.03 -41,80 26,58
42.07 -41,64 27,92
42.10 -41,47 29,27
42.13 -41,30 30,78
42.17 -41,13 32,13
42.20 -40,96 33,64
42.23 -40,79 34,98
42.27 -40,62 36,33
42.30 -40,45 37,67
42.33 -40,28 39,02
42.37 -40,10 40,19
42.40 -39,93 41,37
42.43 -39,77 42,54
42.47 -39,77 43,55
42.50 -39,76 44,73
42.53 -39,60 45,73
42.57 -39,76 46,74
42.60 -39,76 47,75
42.63 -39,93 48,76
42.67 -39,93 49,60
42.70 -40,10 50,44
42.73 -40,43 51,11
42.77 -40,60 51,62
42.80 -40,94 51,95
42.83 -41,11 52,29
42.87 -41,27 52,46
42.90 -41,10 52,63
42.93 -40,93 52,79
42.97 -40,59 52,79
43.00 -40,59 52,96
43.03 -40,43 52,96
43.07 -40,43 52,96
43.10 -40,43 52,96
43.13 -40,43 52,97
43.17 -40,42 52,97
43.20 -40,42 52,97
43.23 -40,41 52,97
43.27 -40,41 52,97
43.30 -40,41 52,97
43.33 -40,40 53,14
43.37 -40,23 53,14
43.40 -40,23 53,14
43.43 -40,06 53,14
43.47 -39,90 53,14
43.50 -39,89 52,97
43.53 -39,72 52,97
43.57 -39,56 52,97
43.60 -39,55 52,97
43.63 -39,39 52,97
43.67 -39,39 52,97
43.70 -39,38 53,14
43.73 -39,22 53,14
43.77 -39,22 53,14
43.80 -39,22 53,14
43.83 -39,22 53,31
43.87 -39,22 53,31
43.90 -39,22 53,31
43.93 -39,21 53,31
43.97 -39,21 53,48
44.00 -39,21 53,48
44.03 -39,05 53,48
44.07 -39,05 53,48
44.10 -39,05 53,48
44.13 -39,06 53,48
44.17 -39,22 53,32
44.20 -39,22 53,15
44.23 -39,22 52,99
44.27 -39,22 52,82
44.30 -39,22 52,65
44.33 -39,39 52,48
44.37 -39,38 52,31
44.40 -39,39 51,98
44.43 -39,39 51,81
44.47 -39,56 51,48
44.50 -39,56 51,31
44.53 -39,72 50,97
44.57 -39,73 50,47
44.60 -39,89 50,13
44.63 -39,90 49,63
44.67 -40,07 49,29
44.70 -40,23 48,79
44.73 -40,24 48,45
44.77 -40,40 47,95
44.80 -40,57 47,44
44.83 -40,57 46,77
44.87 -40,57 46,10
44.90 -40,73 45,43
44.93 -40,73 44,75
44.97 -40,74 43,92
45.00 -40,74 43,24
45.03 -40,74 42,41
45.07 -40,74 41,73
45.10 -40,74 40,89
45.13 -40,75 40,05
45.17 -40,75 39,04
45.20 -40,74 38,03
45.23 -40,74 37,03
45.27 -40,74 36,02
45.30 -40,74 35,01
45.33 -40,73 33,83
45.37 -40,73 32,66
45.40 -40,73 31,65
45.43 -40,73 30,64
45.47 -40,74 29,63
45.50 -40,74 28,62
45.53 -40,91 27,61
45.57 -40,90 26,60
45.60 -40,90 25,60
45.63 -40,90 24,59
45.67 -40,91 23,58
45.70 -41,07 22,57
45.73 -41,07 21,39
45.77 -41,07 20,38
45.80 -41,07 19,37
45.83 -41,08 18,36
45.87 -41,24 17,19
45.90 -41,24 16,18
45.93 -41,23 15,18
45.97 -41,23 14,17
46.00 -41,23 13,17
46.03 -41,23 12,32
46.07 -41,23 11,32
46.10 -41,24 10,48
46.13 -41,24 9,64
46.17 -41,24 8,63
46.20 -41,24 7,79
46.23 -41,24 7,12
46.27 -41,24 6,28
46.30 -41,24 5,44
46.33 -41,24 4,77
46.37 -41,24 4,09
46.40 -41,24 3,42
46.43 -41,25 2,75
46.47 -41,41 2,08
46.50 -41,41 1,57
46.53 -41,41 0,90
46.57 -41,41 0,40
46.60 -41,41 0,06
46.63 -41,58 -0,44
46.67 -41,58 -0,61
46.70 -41,58 -0,95
46.73 -41,58 -1,12
46.77 -41,75 -0,95
46.80 -41,75 -0,62
46.83 -41,75 -0,45
46.87 -41,76 -0,62
46.90 -41,92 -0,96
46.93 -41,91 -0,95
46.97 -41,75 -0,79
47.00 -41,91 -0,45
47.03 -41,91 -0,12
47.07 -41,90 0,22
47.10 -41,74 0,72
47.13 -41,90 1,39
47.17 -41,74 2,06
47.20 -41,74 2,90
47.23 -41,74 3,58
47.27 -41,74 4,58
47.30 -41,57 5,42
47.33 -41,57 6,43
47.37 -41,41 7,27
47.40 -41,41 8,28
47.43 -41,24 9,28
47.47 -41,24 10,29
47.50 -41,08 11,30
47.53 -41,08 12,30
47.57 -40,91 13,15
47.60 -40,91 14,16
47.63 -40,74 15,17
47.67 -40,57 16,17
47.70 -40,57 17,18
47.73 -40,41 18,19
47.77 -40,41 19,20
47.80 -40,41 20,21
47.83 -40,41 21,38
47.87 -40,41 22,39
47.90 -40,41 23,40
47.93 -40,41 24,58
47.97 -40,57 25,59
48.00 -40,57 26,76
48.03 -40,74 27,94
48.07 -40,91 29,11
48.10 -40,91 30,12
48.13 -41,08 31,30
48.17 -41,24 32,47
48.20 -41,25 33,48
48.23 -41,42 34,66
48.27 -41,58 35,83
48.30 -41,58 37,01
48.33 -41,75 38,18
48.37 -41,74 39,19
48.40 -41,75 40,37
48.43 -41,75 41,37
48.47 -41,75 42,38
48.50 -41,75 43,56
48.53 -41,76 44,57
48.57 -41,76 45,91
48.60 -41,76 47,09
48.63 -41,76 48,43
48.67 -41,59 49,94
48.70 -41,59 51,29
48.73 -41,43 52,63
48.77 -41,43 53,80
48.80 -41,42 54,64
48.83 -41,09 55,31
48.87 -40,76 55,48
48.90 -40,26 55,65
48.93 -39,75 55,48
48.97 -39,25 55,14
49.00 -38,91 54,80
49.03 -38,58 54,47
49.07 -38,58 54,47
49.10 -38,74 54,30
49.13 -38,91 54,13
49.17 -39,07 54,13
49.20 -39,07 53,80
49.23 -39,24 53,63
49.27 -39,40 53,29
49.30 -39,41 52,79
49.33 -39,58 52,45
49.37 -39,74 52,28
49.40 -39,91 52,11
49.43 -39,91 51,95
49.47 -40,08 51,95
49.50 -40,25 51,95
49.53 -40,25 51,95
49.57 -40,42 51,95
49.60 -40,59 51,78
49.63 -40,76 51,61
49.67 -40,93 51,45
49.70 -41,10 51,45
49.73 -41,27 51,28
49.77 -41,44 51,28
49.80 -41,61 51,11
49.83 -41,78 51,11
49.87 -41,94 51,11
49.90 -41,94 50,94
49.93 -42,11 50,94
49.97 -42,11 50,78
50.00 -42,28 50,77
50.03 -42,28 50,44
50.07 -42,45 50,44
50.10 -42,45 50,27
50.13 -42,61 50,10
50.17 -42,62 49,93
50.20 -42,78 49,76
50.23 -42,79 49,60
50.27 -42,96 49,43
50.30 -43,13 49,26
50.33 -43,29 49,09
50.37 -43,29 48,92
50.40 -43,46 48,59
50.43 -43,46 48,42
50.47 -43,63 48,08
50.50 -43,63 47,75
50.53 -43,63 47,41
50.57 -43,63 47,08
50.60 -43,64 46,57
50.63 -43,64 46,24
50.67 -43,64 45,73
50.70 -43,64 45,06
50.73 -43,64 44,39
50.77 -43,47 43,72
50.80 -43,47 42,87
50.83 -43,30 41,87
50.87 -43,13 41,03
50.90 -43,13 40,02
50.93 -42,96 39,18
50.97 -42,80 38,17
51.00 -42,79 37,16
51.03 -42,62 36,15
51.07 -42,46 34,98
51.10 -42,29 33,97
51.13 -42,29 32,79
51.17 -42,12 31,61
51.20 -41,95 30,27
51.23 -41,95 28,92
51.27 -41,95 27,75
51.30 -41,79 26,40
51.33 -41,79 25,06
51.37 -41,79 23,88
51.40 -41,79 22,70
51.43 -41,96 21,53
51.47 -41,96 20,52
51.50 -41,96 19,52
51.53 -42,12 18,51
51.57 -42,13 17,67
51.60 -42,29 16,83
51.63 -42,29 15,99
51.67 -42,46 15,15
51.70 -42,46 14,32
51.73 -42,63 13,64
51.77 -42,80 12,97
51.80 -42,80 12,30
51.83 -42,96 11,62
51.87 -42,96 10,95
51.90 -42,97 10,28
51.93 -43,13 9,60
51.97 -43,14 9,10
52.00 -43,14 8,43
52.03 -43,14 7,75
52.07 -43,14 7,08
52.10 -43,14 6,41
52.13 -43,15 5,74
52.17 -43,15 4,90
52.20 -43,15 4,23
52.23 -43,14 3,38
52.27 -43,14 2,38
52.30 -43,14 1,37
52.33 -43,14 0,36
52.37 -43,14 -0,98
52.40 -43,13 -1,66
52.43 -43,13 -0,48
52.47 -43,14 -0,15
52.50 -43,14 -1,15
52.53 -43,30 -0,65
52.57 -43,14 -0,65
52.60 -43,14 -0,99
52.63 -43,14 -0,65
52.67 -42,98 -0,82
52.70 -42,98 -0,82
52.73 -42,98 -0,82
52.77 -42,99 -0,82
52.80 -42,99 -0,82
52.83 -42,99 -0,82
52.87 -42,99 -0,82
52.90 -42,98 -0,82
52.93 -42,98 -0,82
52.97 -42,82 -0,82
53.00 -42,82 -0,82
53.03 -42,82 -0,82
53.07 -42,82 -0,82
53.10 -42,83 -0,81
53.13 -42,83 -0,81
53.17 -42,83 -0,81
53.20 -42,83 -0,81
53.23 -42,83 -0,81
53.27 -42,84 -0,81
53.30 -43,00 -0,81
53.33 -43,00 -0,81
53.37 -43,00 -0,81
53.40 -43,00 -0,81
