#Kinovea Trajectory data export
#T X Y

# Trajectory 1
0.03 -72,52 54,54
0.07 -72,52 54,54
0.10 -72,52 54,54
0.13 -72,52 54,54
0.17 -72,52 54,54
0.20 -72,65 54,54
0.23 -72,65 54,54
0.27 -72,64 54,54
0.30 -72,64 54,54
0.33 -72,64 54,54
0.37 -72,64 54,54
0.40 -72,63 54,54
0.43 -72,63 54,54
0.47 -72,63 54,54
0.50 -72,62 54,53
0.53 -72,62 54,53
0.57 -72,61 54,53
0.60 -72,61 54,52
0.63 -72,60 54,39
0.67 -72,60 54,52
0.70 -72,60 54,52
0.73 -72,59 54,51
0.77 -72,59 54,51
0.80 -72,59 54,64
0.83 -72,58 54,64
0.87 -72,58 54,63
0.90 -72,57 54,63
0.93 -72,57 54,62
0.97 -72,57 54,62
1.00 -72,56 54,61
1.03 -72,56 54,61
1.07 -72,56 54,60
1.10 -72,55 54,60
1.13 -72,55 54,60
1.17 -72,55 54,59
1.20 -72,55 54,59
1.23 -72,54 54,59
1.27 -72,54 54,59
1.30 -72,54 54,58
1.33 -72,54 54,58
1.37 -72,53 54,58
1.40 -72,53 54,58
1.43 -72,53 54,58
1.47 -72,53 54,58
1.50 -72,52 54,57
1.53 -72,52 54,57
1.57 -72,52 54,56
1.60 -72,52 54,43
1.63 -72,65 54,44
1.67 -72,64 54,44
1.70 -72,64 54,45
1.73 -72,64 54,45
1.77 -72,63 54,44
1.80 -72,63 54,44
1.83 -72,50 54,44
1.87 -72,51 54,43
1.90 -72,51 54,30
1.93 -72,51 54,43
1.97 -72,64 54,42
2.00 -72,64 54,42
2.03 -72,64 54,41
2.07 -72,63 54,41
2.10 -72,63 54,41
2.13 -72,63 54,40
2.17 -72,63 54,40
2.20 -72,63 54,39
2.23 -72,63 54,39
2.27 -72,63 54,39
2.30 -72,63 54,39
2.33 -72,62 54,39
2.37 -72,62 54,39
2.40 -72,62 54,39
2.43 -72,62 54,39
2.47 -72,62 54,39
2.50 -72,62 54,40
2.53 -72,62 54,40
2.57 -72,62 54,40
2.60 -72,61 54,41
2.63 -72,61 54,41
2.67 -72,61 54,42
2.70 -72,61 54,42
2.73 -72,61 54,43
2.77 -72,61 54,56
2.80 -72,61 54,55
2.83 -72,61 54,54
2.87 -72,61 54,54
2.90 -72,61 54,53
2.93 -72,60 54,53
2.97 -72,60 54,52
3.00 -72,60 54,52
3.03 -72,60 54,52
3.07 -72,60 54,51
3.10 -72,60 54,51
3.13 -72,60 54,64
3.17 -72,60 54,64
3.20 -72,60 54,64
3.23 -72,60 54,64
3.27 -72,60 54,64
3.30 -72,60 54,64
3.33 -72,59 54,63
3.37 -72,59 54,63
3.40 -72,59 54,63
3.43 -72,59 54,63
3.47 -72,59 54,63
3.50 -72,59 54,63
3.53 -72,59 54,63
3.57 -72,59 54,63
3.60 -72,59 54,62
3.63 -72,59 54,62
3.67 -72,58 54,62
3.70 -72,58 54,61
3.73 -72,58 54,61
3.77 -72,58 54,60
3.80 -72,58 54,60
3.83 -72,58 54,60
3.87 -72,58 54,59
3.90 -72,58 54,59
3.93 -72,58 54,58
3.97 -72,58 54,58
4.00 -72,58 54,57
4.03 -72,57 54,57
4.07 -72,57 54,56
4.10 -72,57 54,56
4.13 -72,57 54,55
4.17 -72,57 54,54
4.20 -72,57 54,42
4.23 -72,57 54,42
4.27 -72,56 54,43
4.30 -72,56 54,43
4.33 -72,56 54,43
4.37 -72,56 54,43
4.40 -72,56 54,42
4.43 -72,56 54,42
4.47 -72,56 54,42
4.50 -72,55 54,41
4.53 -72,55 54,41
4.57 -72,54 54,40
4.60 -72,54 54,40
4.63 -72,54 54,40
4.67 -72,54 54,40
4.70 -72,53 54,39
4.73 -72,53 54,39
4.77 -72,53 54,38
4.80 -72,53 54,51
4.83 -72,53 54,51
4.87 -72,53 54,51
4.90 -72,53 54,38
4.93 -72,53 54,39
4.97 -72,53 54,40
5.00 -72,53 54,40
5.03 -72,53 54,40
5.07 -72,52 54,39
5.10 -72,52 54,39
5.13 -72,52 54,39
5.17 -72,52 54,38
5.20 -72,52 54,38
5.23 -72,52 54,50
5.27 -72,52 54,50
5.30 -72,52 54,37
5.33 -72,52 54,37
5.37 -72,39 54,37
5.40 -72,26 54,23
5.43 -72,26 54,23
5.47 -72,52 54,36
5.50 -72,52 54,36
5.53 -72,51 54,35
5.57 -72,64 54,35
5.60 -72,64 54,22
5.63 -72,51 54,09
5.67 -72,51 53,96
5.70 -72,64 53,96
5.73 -72,64 53,82
5.77 -72,64 53,95
5.80 -72,50 54,48
5.83 -72,24 55,28
5.87 -71,97 56,35
5.90 -71,44 57,68
5.93 -70,64 59,28
5.97 -69,84 60,88
6.00 -69,04 62,21
6.03 -68,24 63,14
6.07 -67,58 63,41
6.10 -67,44 63,01
6.13 -67,58 62,48
6.17 -67,84 61,81
6.20 -67,98 61,41
6.23 -68,11 61,14
6.27 -68,11 61,14
6.30 -67,85 61,68
6.33 -67,71 62,08
6.37 -67,58 62,34
6.40 -67,44 62,47
6.43 -67,31 62,47
6.47 -67,31 62,34
6.50 -67,31 61,94
6.53 -67,30 61,67
6.57 -67,30 61,40
6.60 -67,31 61,13
6.63 -67,31 61,00
6.67 -67,30 60,99
6.70 -67,17 60,86
6.73 -67,17 60,73
6.77 -67,04 60,60
6.80 -67,05 60,60
6.83 -67,04 60,60
6.87 -66,91 60,60
6.90 -66,77 60,74
6.93 -66,51 60,88
6.97 -66,24 61,01
7.00 -65,98 60,88
7.03 -65,72 60,88
7.07 -65,32 60,75
7.10 -64,65 60,62
7.13 -63,85 60,61
7.17 -62,92 60,62
7.20 -61,99 60,88
7.23 -60,79 61,02
7.27 -59,72 61,28
7.30 -58,52 61,55
7.33 -57,32 61,68
7.37 -56,12 61,82
7.40 -54,92 61,82
7.43 -53,73 61,82
7.47 -52,52 61,82
7.50 -51,46 61,95
7.53 -50,39 62,08
7.57 -49,46 62,21
7.60 -48,53 62,35
7.63 -47,86 62,35
7.67 -47,33 62,21
7.70 -46,93 61,95
7.73 -46,54 61,41
7.77 -46,14 60,88
7.80 -45,61 60,21
7.83 -44,94 59,55
7.87 -44,27 59,01
7.90 -43,34 58,48
7.93 -42,54 58,08
7.97 -41,47 57,55
8.00 -40,54 57,02
8.03 -39,61 56,62
8.07 -38,67 56,22
8.10 -37,74 55,95
8.13 -36,81 55,69
8.17 -36,00 55,55
8.20 -35,07 55,55
8.23 -34,14 55,55
8.27 -33,34 55,82
8.30 -32,41 55,96
8.33 -31,61 56,22
8.37 -30,94 56,36
8.40 -30,28 56,48
8.43 -29,48 56,35
8.47 -28,68 56,35
8.50 -27,88 56,34
8.53 -27,08 56,47
8.57 -26,42 56,73
8.60 -25,76 57,00
8.63 -25,35 57,53
8.67 -24,95 58,19
8.70 -24,55 58,86
8.73 -24,16 59,39
8.77 -23,89 60,06
8.80 -23,76 60,59
8.83 -23,76 60,99
8.87 -23,89 61,26
8.90 -23,89 61,65
8.93 -24,02 61,92
8.97 -24,02 62,06
9.00 -24,02 62,06
9.03 -24,02 61,79
9.07 -24,16 61,66
9.10 -24,43 61,53
9.13 -24,83 61,40
9.17 -25,36 61,26
9.20 -26,16 60,99
9.23 -26,96 60,86
9.27 -27,76 60,72
9.30 -28,69 60,59
9.33 -29,36 60,72
9.37 -30,16 60,85
9.40 -30,82 61,12
9.43 -31,36 61,52
9.47 -31,76 62,06
9.50 -32,16 62,59
9.53 -32,42 63,00
9.57 -32,55 63,13
9.60 -32,69 63,13
9.63 -32,69 62,73
9.67 -32,68 62,33
9.70 -32,55 61,67
9.73 -32,29 61,26
9.77 -32,02 60,86
9.80 -31,76 60,73
9.83 -31,36 60,73
9.87 -30,82 60,99
9.90 -30,29 61,13
9.93 -29,62 61,27
9.97 -28,96 61,39
10.00 -28,42 61,26
10.03 -27,76 61,00
10.07 -27,22 60,73
10.10 -26,56 60,46
10.13 -25,62 60,32
10.17 -25,22 60,32
10.20 -25,09 60,46
10.23 -24,96 60,60
10.27 -24,83 60,86
10.30 -24,96 60,87
10.33 -25,22 60,86
10.37 -25,62 60,60
10.40 -26,02 60,46
10.43 -26,69 60,32
10.47 -27,36 60,19
10.50 -28,02 60,32
10.53 -28,69 60,45
10.57 -29,36 60,59
10.60 -29,89 60,98
10.63 -30,29 61,25
10.67 -30,69 61,38
10.70 -30,95 61,38
10.73 -31,09 61,25
10.77 -31,22 61,12
10.80 -31,22 60,85
10.83 -31,36 60,71
10.87 -31,49 60,58
10.90 -31,49 60,58
10.93 -31,35 60,58
10.97 -31,09 60,71
11.00 -30,82 60,71
11.03 -30,56 60,57
11.07 -30,29 60,44
11.10 -30,16 60,18
11.13 -30,02 60,05
11.17 -29,89 59,91
11.20 -29,89 59,78
11.23 -29,89 59,78
11.27 -29,75 59,78
11.30 -29,75 59,79
11.33 -29,75 59,79
11.37 -29,62 59,80
11.40 -29,62 59,80
11.43 -29,62 59,81
11.47 -29,62 59,82
11.50 -29,62 59,95
11.53 -29,62 59,95
11.57 -29,61 59,95
11.60 -29,48 60,08
11.63 -29,48 60,07
11.67 -29,48 60,07
11.70 -29,48 60,07
11.73 -29,35 60,07
11.77 -29,21 60,20
11.80 -29,08 60,19
11.83 -28,94 60,19
11.87 -28,81 60,06
11.90 -28,81 60,06
11.93 -28,81 59,93
11.97 -28,68 59,93
12.00 -28,68 59,93
12.03 -28,54 59,93
12.07 -28,54 59,94
12.10 -28,55 59,94
12.13 -28,68 59,94
12.17 -28,68 59,94
12.20 -28,68 59,93
12.23 -28,54 59,81
12.27 -28,41 59,68
12.30 -28,14 59,55
12.33 -27,88 59,42
12.37 -27,48 59,29
12.40 -27,21 59,16
12.43 -26,94 58,90
12.47 -26,67 58,77
12.50 -26,41 58,63
12.53 -26,14 58,49
12.57 -26,01 58,36
12.60 -25,75 58,22
12.63 -25,61 58,08
12.67 -25,48 57,95
12.70 -25,35 57,81
12.73 -25,35 57,67
12.77 -25,34 57,54
12.80 -25,34 57,42
12.83 -25,35 57,42
12.87 -25,48 57,41
12.90 -25,49 57,28
12.93 -25,62 57,29
12.97 -25,75 57,42
13.00 -25,88 57,42
13.03 -25,89 57,43
13.07 -26,02 57,56
13.10 -26,02 57,57
13.13 -26,03 57,58
13.17 -26,15 57,71
13.20 -26,15 57,71
13.23 -26,15 57,72
13.27 -26,15 57,85
13.30 -26,15 57,99
13.33 -26,15 58,13
13.37 -26,15 58,27
13.40 -26,14 58,41
13.43 -26,01 58,67
13.47 -26,01 58,79
13.50 -25,88 58,80
13.53 -25,88 58,93
13.57 -25,75 58,94
13.60 -25,75 59,06
13.63 -25,75 59,05
13.67 -25,74 59,04
13.70 -25,62 58,91
13.73 -25,74 58,91
13.77 -25,74 58,78
13.80 -25,73 58,64
13.83 -25,86 58,64
13.87 -25,73 58,63
13.90 -25,74 58,50
13.93 -25,61 58,36
13.97 -25,61 58,09
14.00 -25,61 57,69
14.03 -25,62 57,42
14.07 -25,75 57,16
14.10 -25,74 57,02
14.13 -25,75 56,89
14.17 -25,88 56,89
14.20 -25,88 56,88
14.23 -26,01 56,76
14.27 -26,01 56,76
14.30 -26,01 56,62
14.33 -26,14 56,36
14.37 -26,13 56,22
14.40 -26,14 55,96
14.43 -26,13 55,83
14.47 -26,00 55,69
14.50 -25,87 55,54
14.53 -25,73 55,40
14.57 -25,60 55,26
14.60 -25,34 55,00
14.63 -25,33 54,87
14.67 -25,19 54,60
14.70 -24,93 54,34
14.73 -24,80 54,08
14.77 -24,66 53,82
14.80 -24,40 53,55
14.83 -24,27 53,28
14.87 -24,00 52,88
14.90 -23,87 52,61
14.93 -23,60 52,21
14.97 -23,34 51,82
15.00 -23,07 51,55
15.03 -22,81 51,02
15.07 -22,68 50,62
15.10 -22,55 50,09
15.13 -22,41 49,69
15.17 -22,28 49,16
15.20 -22,14 48,63
15.23 -22,01 48,10
15.27 -22,01 47,57
15.30 -21,88 47,04
15.33 -21,88 46,37
15.37 -21,75 45,84
15.40 -21,75 45,17
15.43 -21,62 44,51
15.47 -21,63 43,84
15.50 -21,62 43,04
15.53 -21,62 42,24
15.57 -21,49 41,44
15.60 -21,49 40,51
15.63 -21,49 39,57
15.67 -21,50 38,64
15.70 -21,50 37,71
15.73 -21,50 36,78
15.77 -21,51 35,71
15.80 -21,64 34,65
15.83 -21,64 33,58
15.87 -21,65 32,65
15.90 -21,65 31,58
15.93 -21,78 30,65
15.97 -21,79 29,58
16.00 -21,92 28,65
16.03 -22,05 27,58
16.07 -22,18 26,52
16.10 -22,31 25,59
16.13 -22,44 24,65
16.17 -22,58 23,72
16.20 -22,72 22,65
16.23 -22,98 21,59
16.27 -23,12 20,66
16.30 -23,38 19,59
16.33 -23,52 18,66
16.37 -23,78 17,73
16.40 -24,04 16,80
16.43 -24,17 15,86
16.47 -24,32 15,07
16.50 -24,58 14,27
16.53 -24,72 13,60
16.57 -24,98 12,80
16.60 -25,11 12,14
16.63 -25,24 11,60
16.67 -25,38 11,07
16.70 -25,51 10,53
16.73 -25,64 10,00
16.77 -25,77 9,47
16.80 -25,90 9,07
16.83 -25,90 8,67
16.87 -26,04 8,14
16.90 -26,17 7,74
16.93 -26,29 7,34
16.97 -26,30 6,95
17.00 -26,44 6,67
17.03 -26,58 6,27
17.07 -26,72 5,87
17.10 -26,85 5,60
17.13 -26,99 5,21
17.17 -27,13 5,07
17.20 -27,27 4,93
17.23 -27,41 4,81
17.27 -27,55 4,67
17.30 -27,69 4,67
17.33 -27,83 4,54
17.37 -27,97 4,55
17.40 -28,10 4,68
17.43 -28,22 4,81
17.47 -28,22 5,07
17.50 -28,35 5,34
17.53 -28,35 5,87
17.57 -28,48 6,53
17.60 -28,48 7,46
17.63 -28,48 8,39
17.67 -28,49 9,33
17.70 -28,62 10,53
17.73 -28,61 11,86
17.77 -28,62 13,19
17.80 -28,62 14,79
17.83 -28,62 16,39
17.87 -28,62 18,12
17.90 -28,62 19,85
17.93 -28,49 21,85
17.97 -28,37 23,85
18.00 -28,36 25,85
18.03 -28,23 27,98
18.07 -28,10 30,11
18.10 -27,97 32,38
18.13 -27,84 34,64
18.17 -27,70 36,91
18.20 -27,57 39,31
18.23 -27,43 41,71
18.27 -27,29 43,97
18.30 -27,16 46,37
18.33 -27,02 48,77
18.37 -27,01 50,90
18.40 -26,88 53,03
18.43 -26,88 54,90
18.47 -26,88 56,50
18.50 -26,87 57,96
18.53 -26,87 59,30
18.57 -26,61 60,50
18.60 -26,48 61,16
18.63 -26,61 61,43
18.67 -27,01 61,30
18.70 -27,41 61,03
18.73 -27,68 60,50
18.77 -27,82 60,10
18.80 -27,82 59,83
18.83 -27,55 59,56
18.87 -27,29 59,43
18.90 -27,02 59,43
18.93 -26,88 59,29
18.97 -26,74 59,15
19.00 -26,61 59,02
19.03 -26,48 58,76
19.07 -26,35 58,75
19.10 -26,21 58,63
19.13 -26,08 58,76
19.17 -25,94 58,88
19.20 -25,80 58,89
19.23 -25,67 59,02
19.27 -25,67 59,01
19.30 -25,54 58,89
19.33 -25,53 58,76
19.37 -25,40 58,63
19.40 -25,40 58,62
19.43 -25,40 58,49
19.47 -25,27 58,36
19.50 -25,26 58,22
19.53 -25,13 58,09
19.57 -25,13 57,82
19.60 -24,99 57,55
19.63 -24,86 57,15
19.67 -24,73 56,74
19.70 -24,60 56,21
19.73 -24,47 55,81
19.77 -24,46 55,28
19.80 -24,33 54,75
19.83 -24,20 54,08
19.87 -24,19 53,55
19.90 -24,06 52,75
19.93 -24,06 52,09
19.97 -24,06 51,42
20.00 -24,06 50,49
20.03 -24,06 49,68
20.07 -24,06 48,75
20.10 -24,19 47,82
20.13 -24,19 46,75
20.17 -24,20 45,69
20.20 -24,34 44,62
20.23 -24,34 43,42
20.27 -24,47 42,22
20.30 -24,60 41,02
20.33 -24,60 39,69
20.37 -24,61 38,49
20.40 -24,74 37,02
20.43 -24,87 35,69
20.47 -24,88 34,36
20.50 -25,01 32,89
20.53 -25,02 31,56
20.57 -25,16 30,09
20.60 -25,29 28,76
20.63 -25,30 27,29
20.67 -25,43 25,69
20.70 -25,43 24,23
20.73 -25,56 22,90
20.77 -25,56 21,43
20.80 -25,56 20,10
20.83 -25,56 18,90
20.87 -25,56 17,56
20.90 -25,56 16,36
20.93 -25,55 15,16
20.97 -25,55 14,10
21.00 -25,55 13,03
21.03 -25,42 11,96
21.07 -25,42 10,90
21.10 -25,41 9,96
21.13 -25,28 9,03
21.17 -25,28 8,10
21.20 -25,15 7,29
21.23 -25,15 6,50
21.27 -25,15 5,83
21.30 -25,15 5,16
21.33 -25,14 4,49
21.37 -25,14 4,09
21.40 -25,01 3,56
21.43 -25,01 3,16
21.47 -25,02 2,76
21.50 -25,03 2,50
21.53 -25,03 2,23
21.57 -25,03 1,97
21.60 -25,04 1,83
21.63 -25,16 1,70
21.67 -25,16 1,58
21.70 -25,16 1,57
21.73 -25,16 1,57
21.77 -25,29 1,57
21.80 -25,30 1,58
21.83 -25,43 1,84
21.87 -25,43 1,97
21.90 -25,57 2,36
21.93 -25,70 2,76
21.97 -25,70 3,43
22.00 -25,83 4,22
22.03 -25,96 5,15
22.07 -25,96 6,22
22.10 -26,09 7,42
22.13 -26,10 8,75
22.17 -26,22 10,35
22.20 -26,22 11,95
22.23 -26,23 13,68
22.27 -26,36 15,54
22.30 -26,36 17,41
22.33 -26,49 19,41
22.37 -26,49 21,41
22.40 -26,49 23,54
22.43 -26,49 25,54
22.47 -26,50 27,67
22.50 -26,63 29,94
22.53 -26,63 32,20
22.57 -26,76 34,60
22.60 -26,77 37,00
22.63 -26,91 39,40
22.67 -27,17 41,93
22.70 -27,31 44,33
22.73 -27,57 46,73
22.77 -27,71 49,13
22.80 -27,97 51,26
22.83 -28,24 53,39
22.87 -28,50 55,26
22.90 -28,64 56,99
22.93 -28,91 58,46
22.97 -29,04 59,79
23.00 -29,05 60,59
23.03 -29,18 60,99
23.07 -29,45 60,99
23.10 -29,85 60,73
23.13 -30,25 60,19
23.17 -30,52 59,66
23.20 -30,78 59,26
23.23 -30,78 59,13
23.27 -30,78 59,00
23.30 -30,65 59,13
23.33 -30,65 59,26
23.37 -30,64 59,27
23.40 -30,64 59,27
23.43 -30,63 59,13
23.47 -30,63 58,87
23.50 -30,63 58,60
23.53 -30,63 58,33
23.57 -30,62 58,20
23.60 -30,49 58,20
23.63 -30,48 58,20
23.67 -30,35 58,20
23.70 -30,22 58,07
23.73 -30,22 58,06
23.77 -30,08 57,80
23.80 -29,94 57,53
23.83 -29,80 57,27
23.87 -29,54 57,00
23.90 -29,41 56,74
23.93 -29,27 56,47
23.97 -29,00 56,07
24.00 -28,74 55,81
24.03 -28,61 55,41
24.07 -28,34 54,87
24.10 -28,21 54,47
24.13 -28,08 53,94
24.17 -27,94 53,28
24.20 -27,80 52,61
24.23 -27,67 51,94
24.27 -27,67 51,14
24.30 -27,66 50,21
24.33 -27,66 49,28
24.37 -27,66 48,35
24.40 -27,66 47,28
24.43 -27,67 46,22
24.47 -27,80 45,15
24.50 -27,93 43,95
24.53 -27,93 42,75
24.57 -28,06 41,55
24.60 -28,06 40,22
24.63 -28,19 38,89
24.67 -28,19 37,69
24.70 -28,20 36,22
24.73 -28,20 34,89
24.77 -28,20 33,55
24.80 -28,20 32,22
24.83 -28,20 30,89
24.87 -28,20 29,56
24.90 -28,20 28,22
24.93 -28,07 26,89
24.97 -28,07 25,56
25.00 -27,94 24,09
25.03 -27,94 22,89
25.07 -27,81 21,43
25.10 -27,68 20,09
25.13 -27,54 18,76
25.17 -27,41 17,43
25.20 -27,28 16,23
25.23 -27,15 14,90
25.27 -27,01 13,83
25.30 -26,88 12,63
25.33 -26,75 11,56
25.37 -26,61 10,50
25.40 -26,35 9,43
25.43 -26,22 8,50
25.47 -26,08 7,57
25.50 -25,95 6,77
25.53 -25,81 6,10
25.57 -25,67 5,30
25.60 -25,41 4,63
25.63 -25,28 3,97
25.67 -25,14 3,43
25.70 -25,01 2,90
25.73 -24,88 2,23
25.77 -24,75 1,70
25.80 -24,75 1,30
25.83 -24,62 0,90
25.87 -24,61 0,63
25.90 -24,48 0,36
25.93 -24,48 0,10
25.97 -24,48 -0,03
26.00 -24,48 -0,03
26.03 -24,47 -0,03
26.07 -24,47 -0,03
26.10 -24,47 0,24
26.13 -24,48 0,63
26.17 -24,61 1,16
26.20 -24,61 1,83
26.23 -24,75 2,76
26.27 -24,88 3,83
26.30 -24,88 4,89
26.33 -25,01 6,23
26.37 -25,15 7,56
26.40 -25,28 9,03
26.43 -25,41 10,76
26.47 -25,54 12,36
26.50 -25,68 15,82
26.53 -25,80 17,69
26.57 -25,81 19,55
26.60 -25,93 21,55
26.63 -25,93 23,55
26.67 -25,94 25,55
26.70 -25,94 27,55
26.73 -26,07 29,81
26.77 -26,07 31,95
26.80 -26,07 34,08
26.83 -26,07 36,34
26.87 -26,07 38,61
26.90 -26,07 40,88
26.93 -26,08 43,14
26.97 -26,21 45,41
27.00 -26,21 47,67
27.03 -26,21 49,67
27.07 -26,34 51,80
27.10 -26,47 53,67
27.13 -26,47 55,40
27.17 -26,60 57,00
27.20 -26,60 58,20
27.23 -26,60 59,27
27.27 -26,61 60,07
27.30 -26,87 60,60
27.33 -27,14 60,74
27.37 -27,54 60,60
27.40 -28,07 60,47
27.43 -28,46 60,07
27.47 -28,73 59,80
27.50 -28,86 59,67
27.53 -28,99 59,67
27.57 -28,99 59,67
27.60 -28,99 59,67
27.63 -28,99 59,67
27.67 -29,12 59,54
27.70 -29,12 59,28
27.73 -29,25 59,14
27.77 -29,39 59,01
27.80 -29,52 58,87
27.83 -29,52 58,74
27.87 -29,52 58,61
27.90 -29,65 58,74
27.93 -29,65 58,61
27.97 -29,65 58,61
28.00 -29,65 58,48
28.03 -29,78 58,48
28.07 -29,78 58,48
28.10 -29,91 58,34
28.13 -29,91 58,34
28.17 -29,92 58,21
28.20 -30,05 58,21
28.23 -30,05 58,07
28.27 -30,05 57,94
28.30 -30,05 57,81
28.33 -30,05 57,81
28.37 -30,05 57,67
28.40 -29,92 57,41
28.43 -29,92 57,14
28.47 -29,79 56,88
28.50 -29,66 56,48
28.53 -29,52 56,08
28.57 -29,39 55,68
28.60 -29,25 55,15
28.63 -28,98 54,61
28.67 -28,85 53,81
28.70 -28,72 53,15
28.73 -28,58 52,35
28.77 -28,44 51,41
28.80 -28,31 50,35
28.83 -28,17 49,28
28.87 -28,17 48,08
28.90 -28,04 46,88
28.93 -28,04 45,68
28.97 -28,04 44,35
29.00 -28,04 43,01
29.03 -28,04 41,68
29.07 -28,17 40,35
29.10 -28,17 38,75
29.13 -28,18 37,28
29.17 -28,30 35,95
29.20 -28,30 34,48
29.23 -28,31 33,15
29.27 -28,31 31,82
29.30 -28,44 30,49
29.33 -28,44 29,15
29.37 -28,44 27,82
29.40 -28,44 26,62
29.43 -28,44 25,29
29.47 -28,44 23,96
29.50 -28,45 22,76
29.53 -28,45 21,56
29.57 -28,45 20,36
29.60 -28,44 19,16
29.63 -28,31 17,96
29.67 -28,31 16,89
29.70 -28,31 15,69
29.73 -28,18 14,63
29.77 -28,18 13,56
29.80 -28,05 12,49
29.83 -28,04 11,43
29.87 -27,91 10,50
29.90 -27,78 9,56
29.93 -27,65 8,76
29.97 -27,52 7,83
30.00 -27,39 7,03
30.03 -27,26 6,37
30.07 -27,13 5,57
30.10 -26,99 4,90
30.13 -26,86 4,23
30.17 -26,72 3,70
30.20 -26,46 3,03
30.23 -26,32 2,50
30.27 -26,19 2,10
30.30 -25,92 1,69
30.33 -25,79 1,29
30.37 -25,65 0,89
30.40 -25,39 0,49
30.43 -25,26 0,22
30.47 -25,12 -0,04
30.50 -24,99 -0,31
30.53 -24,85 -0,31
30.57 -24,72 -0,44
30.60 -24,59 -0,31
30.63 -24,46 -0,17
30.67 -24,46 0,22
30.70 -24,33 0,63
30.73 -24,33 1,29
30.77 -24,20 2,09
30.80 -24,20 3,02
30.83 -24,20 4,09
30.87 -24,20 5,29
30.90 -24,20 6,62
30.93 -24,20 8,09
30.97 -24,20 9,55
31.00 -24,34 11,15
31.03 -24,34 12,89
31.07 -24,34 14,62
31.10 -24,47 16,35
31.13 -24,47 18,22
31.17 -24,46 20,08
31.20 -24,47 21,95
31.23 -24,47 23,95
31.27 -24,47 26,08
31.30 -24,47 28,08
31.33 -24,47 30,21
31.37 -24,46 32,48
31.40 -24,33 34,61
31.43 -24,33 36,87
31.47 -24,33 39,14
31.50 -24,20 41,27
31.53 -24,20 43,54
31.57 -24,20 45,67
31.60 -24,07 47,67
31.63 -24,06 49,53
31.67 -24,06 51,26
31.70 -24,06 52,86
31.73 -24,05 54,33
31.77 -24,05 55,53
31.80 -24,05 56,46
31.83 -24,05 57,26
31.87 -24,05 57,93
31.90 -24,19 58,33
31.93 -24,45 58,46
31.97 -24,85 58,60
32.00 -25,25 58,47
32.03 -25,65 58,47
32.07 -25,93 58,47
32.10 -26,19 58,47
32.13 -26,33 58,60
32.17 -26,33 58,73
32.20 -26,33 58,87
32.23 -26,33 58,87
32.27 -26,33 58,86
32.30 -26,20 58,73
32.33 -26,20 58,60
32.37 -26,07 58,47
32.40 -26,07 58,47
32.43 -25,94 58,46
32.47 -25,80 58,46
32.50 -25,67 58,47
32.53 -25,54 58,60
32.57 -25,41 58,59
32.60 -25,41 58,45
32.63 -25,28 58,19
32.67 -25,27 57,93
32.70 -25,14 57,67
32.73 -25,01 57,27
32.77 -24,88 56,87
32.80 -24,75 56,47
32.83 -24,62 55,93
32.87 -24,49 55,40
32.90 -24,35 54,74
32.93 -24,09 54,07
32.97 -23,96 53,27
33.00 -23,83 52,47
33.03 -23,69 51,53
33.07 -23,56 50,60
33.10 -23,43 49,53
33.13 -23,42 48,33
33.17 -23,29 47,26
33.20 -23,29 46,06
33.23 -23,29 44,73
33.27 -23,29 43,40
33.30 -23,30 42,20
33.33 -23,43 40,87
33.37 -23,43 39,40
33.40 -23,56 38,07
33.43 -23,57 36,60
33.47 -23,70 35,14
33.50 -23,70 33,67
33.53 -23,83 32,34
33.57 -23,83 30,87
33.60 -23,96 29,41
33.63 -23,97 27,94
33.67 -24,10 26,61
33.70 -24,23 25,28
33.73 -24,23 23,95
33.77 -24,36 22,48
33.80 -24,36 21,15
33.83 -24,49 19,81
33.87 -24,49 18,35
33.90 -24,49 17,01
33.93 -24,62 15,81
33.97 -24,62 14,61
34.00 -24,62 13,41
34.03 -24,62 12,35
34.07 -24,75 11,28
34.10 -24,75 10,35
34.13 -24,74 9,41
34.17 -24,74 8,35
34.20 -24,73 7,55
34.23 -24,73 6,75
34.27 -24,60 5,95
34.30 -24,60 5,28
34.33 -24,60 4,75
34.37 -24,60 4,08
34.40 -24,59 3,55
34.43 -24,59 3,15
34.47 -24,58 2,76
34.50 -24,58 2,49
34.53 -24,58 2,09
34.57 -24,58 1,69
34.60 -24,58 1,43
34.63 -24,71 1,16
34.67 -24,72 1,03
34.70 -24,84 0,90
34.73 -24,85 0,77
34.77 -24,98 0,76
34.80 -25,11 0,63
34.83 -25,11 0,63
34.87 -25,25 0,63
34.90 -25,38 0,76
34.93 -25,51 1,03
34.97 -25,64 1,43
35.00 -25,64 1,97
35.03 -25,78 2,63
35.07 -25,90 3,57
35.10 -25,91 4,50
35.13 -26,04 5,70
35.17 -26,17 6,90
35.20 -26,18 8,10
35.23 -26,31 9,43
35.27 -26,31 10,90
35.30 -26,45 12,36
35.33 -26,45 13,96
35.37 -26,58 15,56
35.40 -26,57 17,29
35.43 -26,57 19,03
35.47 -26,57 20,89
35.50 -26,57 22,63
35.53 -26,57 24,49
35.57 -26,57 26,36
35.60 -26,56 28,36
35.63 -26,44 30,36
35.67 -26,44 32,49
35.70 -26,44 34,49
35.73 -26,43 36,62
35.77 -26,31 38,75
35.80 -26,31 40,88
35.83 -26,31 43,02
35.87 -26,31 45,02
35.90 -26,18 47,01
35.93 -26,17 48,88
35.97 -26,17 50,75
36.00 -26,04 52,48
36.03 -26,04 54,08
36.07 -25,91 55,68
36.10 -25,78 56,88
36.13 -25,78 57,95
36.17 -25,77 58,75
36.20 -25,90 59,15
36.23 -26,04 59,28
36.27 -26,31 59,15
36.30 -26,58 58,89
36.33 -26,84 58,62
36.37 -26,97 58,36
36.40 -26,97 58,36
36.43 -26,84 58,36
36.47 -26,84 58,49
36.50 -26,70 58,63
36.53 -26,56 58,76
36.57 -26,43 58,77
36.60 -26,44 58,77
36.63 -26,45 58,77
36.67 -26,45 58,77
36.70 -26,45 58,64
36.73 -26,45 58,64
36.77 -26,45 58,64
36.80 -26,32 58,63
36.83 -26,32 58,63
36.87 -26,32 58,64
36.90 -26,32 58,64
36.93 -26,32 58,64
36.97 -26,19 58,51
37.00 -26,19 58,24
37.03 -26,05 57,98
37.07 -25,93 57,58
37.10 -25,79 57,05
37.13 -25,66 56,65
37.17 -25,40 56,12
37.20 -25,26 55,59
37.23 -25,00 55,05
37.27 -24,73 54,39
37.30 -24,47 53,72
37.33 -24,33 52,92
37.37 -24,07 52,12
37.40 -23,80 51,19
37.43 -23,67 50,25
37.47 -23,41 49,06
37.50 -23,28 47,99
37.53 -23,27 46,92
37.57 -23,14 45,73
37.60 -23,15 44,53
37.63 -23,15 43,33
37.67 -23,15 41,99
37.70 -23,28 40,80
37.73 -23,28 39,46
37.77 -23,28 38,13
37.80 -23,42 36,79
37.83 -23,42 35,33
37.87 -23,43 33,99
37.90 -23,56 32,66
37.93 -23,56 31,20
37.97 -23,69 29,73
38.00 -23,69 28,40
38.03 -23,70 27,07
38.07 -23,82 25,73
38.10 -23,82 24,27
38.13 -23,82 22,94
38.17 -23,82 21,74
38.20 -23,83 20,40
38.23 -23,83 19,20
38.27 -23,84 18,00
38.30 -23,97 16,94
38.33 -23,96 15,74
38.37 -23,96 14,54
38.40 -23,97 13,61
38.43 -24,09 12,54
38.47 -24,09 11,61
38.50 -24,09 10,67
38.53 -24,08 9,87
38.57 -24,08 8,94
38.60 -23,95 8,14
38.63 -23,95 7,34
38.67 -23,96 6,54
38.70 -23,95 5,88
38.73 -23,95 5,21
38.77 -23,82 4,55
38.80 -23,82 4,02
38.83 -23,83 3,62
38.87 -23,83 3,21
38.90 -23,83 2,68
38.93 -23,83 2,41
38.97 -23,83 2,02
39.00 -23,83 1,75
39.03 -23,96 1,48
39.07 -23,96 1,35
39.10 -23,96 1,08
39.13 -24,09 0,95
39.17 -24,09 0,82
39.20 -24,09 0,82
39.23 -24,22 0,95
39.27 -24,22 1,08
39.30 -24,35 1,35
39.33 -24,35 1,75
39.37 -24,48 2,42
39.40 -24,48 3,08
39.43 -24,61 3,88
39.47 -24,61 4,81
39.50 -24,75 5,87
39.53 -24,88 6,94
39.57 -25,01 8,27
39.60 -25,14 9,60
39.63 -25,27 10,94
39.67 -25,40 12,40
39.70 -25,53 14,00
39.73 -25,53 15,60
39.77 -25,66 17,34
39.80 -25,67 19,07
39.83 -25,80 20,93
39.87 -25,80 22,67
39.90 -25,81 24,53
39.93 -25,81 26,40
39.97 -25,82 28,26
40.00 -25,81 30,13
40.03 -25,81 31,99
40.07 -25,81 33,99
40.10 -25,68 35,99
40.13 -25,68 37,99
40.17 -25,68 39,99
40.20 -25,68 41,99
40.23 -25,69 43,99
40.27 -25,82 45,99
40.30 -25,82 47,85
40.33 -25,95 49,72
40.37 -26,08 51,45
40.40 -26,21 53,05
40.43 -26,34 54,51
40.47 -26,47 55,71
40.50 -26,60 56,91
40.53 -26,74 57,71
40.57 -27,13 58,38
40.60 -27,54 58,64
40.63 -28,07 58,65
40.67 -28,61 58,51
40.70 -29,01 58,38
40.73 -29,40 58,24
40.77 -29,67 58,37
40.80 -29,80 58,38
40.83 -29,80 58,51
40.87 -29,93 58,64
40.90 -29,93 58,78
40.93 -29,92 58,78
40.97 -29,92 58,65
41.00 -29,91 58,51
41.03 -29,92 58,38
41.07 -30,04 58,38
41.10 -30,04 58,25
41.13 -30,04 58,25
41.17 -30,04 58,25
41.20 -29,91 58,12
41.23 -29,90 58,12
41.27 -29,90 58,13
41.30 -29,77 58,13
41.33 -29,77 57,99
41.37 -29,77 57,87
41.40 -29,76 57,86
41.43 -29,64 57,73
41.47 -29,64 57,60
41.50 -29,63 57,60
41.53 -29,50 57,60
41.57 -29,51 57,59
41.60 -29,51 57,59
41.63 -29,50 57,46
41.67 -29,37 57,32
41.70 -29,38 57,18
41.73 -29,37 56,92
41.77 -29,24 56,65
41.80 -29,11 56,38
41.83 -28,97 55,98
41.87 -28,83 55,58
41.90 -28,57 55,18
41.93 -28,44 54,78
41.97 -28,16 54,12
42.00 -27,90 53,59
42.03 -27,63 53,05
42.07 -27,36 52,38
42.10 -27,10 51,71
42.13 -26,83 51,05
42.17 -26,56 50,25
42.20 -26,30 49,31
42.23 -26,16 48,51
42.27 -26,02 47,58
42.30 -25,89 46,65
42.33 -25,77 45,58
42.37 -25,77 44,52
42.40 -25,77 43,32
42.43 -25,77 42,25
42.47 -25,77 41,05
42.50 -25,90 39,85
42.53 -25,90 38,52
42.57 -26,03 37,32
42.60 -26,03 35,86
42.63 -26,17 34,52
42.67 -26,29 33,06
42.70 -26,30 31,59
42.73 -26,43 30,12
42.77 -26,56 28,66
42.80 -26,56 27,32
42.83 -26,70 24,53
42.87 -26,83 23,19
42.90 -26,83 21,86
42.93 -26,96 20,66
42.97 -26,83 19,33
43.00 -26,84 17,99
43.03 -26,84 16,66
43.07 -26,84 15,46
43.10 -26,84 14,26
43.13 -26,70 13,06
43.17 -26,70 11,86
43.20 -26,57 10,80
43.23 -26,44 9,73
43.27 -26,44 8,66
43.30 -26,30 7,73
43.33 -26,17 6,80
43.37 -26,04 6,00
43.40 -25,91 5,20
43.43 -25,79 4,53
43.47 -25,66 3,86
43.50 -25,65 3,20
43.53 -25,39 2,66
43.57 -25,26 2,13
43.60 -25,13 1,73
43.63 -25,00 1,20
43.67 -24,99 0,80
43.70 -24,86 0,40
43.73 -24,73 -0,00
43.77 -24,73 -0,13
43.80 -24,61 -0,27
43.83 -24,61 -0,40
43.87 -24,61 -0,41
43.90 -24,60 -0,41
43.93 -24,47 -0,54
43.97 -24,47 -0,54
44.00 -24,48 -0,41
44.03 -24,48 -0,41
44.07 -24,48 -0,28
44.10 -24,49 -0,15
44.13 -24,62 -0,01
44.17 -24,62 0,26
44.20 -24,62 0,79
44.23 -24,62 1,33
44.27 -24,75 2,12
44.30 -24,75 2,92
44.33 -24,75 3,86
44.37 -24,75 4,92
44.40 -24,76 5,99
44.43 -24,76 7,05
44.47 -24,89 8,39
44.50 -24,89 9,72
44.53 -24,89 11,05
44.57 -24,88 12,38
44.60 -24,88 13,71
44.63 -24,88 15,18
44.67 -24,88 16,51
44.70 -24,75 18,11
44.73 -24,75 19,71
44.77 -24,75 21,31
44.80 -24,74 23,04
44.83 -24,60 24,64
44.87 -24,47 26,51
44.90 -24,34 28,24
44.93 -24,20 30,11
44.97 -24,07 31,84
45.00 -23,93 33,70
45.03 -23,67 35,57
45.07 -23,53 37,30
45.10 -23,39 39,04
45.13 -23,13 40,77
45.17 -23,00 42,50
45.20 -22,86 44,10
45.23 -22,60 45,57
45.27 -22,46 47,03
45.30 -22,33 48,50
45.33 -22,20 49,83
45.37 -22,07 51,03
45.40 -22,07 52,10
45.43 -21,94 53,03
45.47 -22,07 53,70
45.50 -22,21 54,24
45.53 -22,47 54,77
45.57 -22,74 55,30
45.60 -23,01 55,57
45.63 -23,27 55,98
45.67 -23,67 56,38
45.70 -23,94 56,65
45.73 -24,34 57,04
45.77 -24,75 57,44
45.80 -25,27 57,58
45.83 -25,67 57,71
45.87 -26,07 57,84
45.90 -26,48 57,84
45.93 -26,88 57,71
45.97 -27,41 57,58
46.00 -27,68 57,58
46.03 -27,95 57,32
46.07 -28,34 57,32
46.10 -28,48 57,19
46.13 -28,75 57,19
46.17 -28,89 57,19
46.20 -29,15 57,19
46.23 -29,28 57,06
46.27 -29,40 57,07
46.30 -29,53 57,06
46.33 -29,53 57,06
46.37 -29,66 57,05
46.40 -29,66 56,92
46.43 -29,66 56,93
46.47 -29,67 57,06
46.50 -29,67 57,06
46.53 -29,67 57,19
46.57 -29,67 57,19
46.60 -29,68 57,32
46.63 -29,68 57,33
46.67 -29,68 57,45
46.70 -29,69 57,45
46.73 -29,82 57,45
46.77 -29,81 57,44
46.80 -29,80 57,57
46.83 -29,68 57,56
46.87 -29,68 57,56
46.90 -29,55 57,55
46.93 -29,55 57,55
46.97 -29,42 57,55
47.00 -29,41 57,56
47.03 -29,28 57,56
47.07 -29,27 57,56
47.10 -29,14 57,42
47.13 -29,01 57,30
47.17 -29,01 57,30
47.20 -29,01 57,30
47.23 -28,87 57,31
47.27 -28,87 57,44
47.30 -28,74 57,43
47.33 -28,73 57,43
47.37 -28,60 57,30
47.40 -28,60 57,30
47.43 -28,60 57,30
47.47 -28,47 57,16
47.50 -28,47 57,15
47.53 -28,34 57,02
47.57 -28,34 57,01
47.60 -28,20 56,88
47.63 -28,07 56,88
47.67 -27,94 56,75
47.70 -27,81 56,61
47.73 -27,68 56,48
47.77 -27,55 56,34
47.80 -27,42 56,07
47.83 -27,29 55,68
47.87 -27,16 55,40
47.90 -27,02 55,00
47.93 -26,76 54,47
47.97 -26,63 54,07
48.00 -26,37 53,68
48.03 -26,23 53,28
48.07 -25,96 52,75
48.10 -25,69 52,22
48.13 -25,42 51,69
48.17 -25,03 51,03
48.20 -24,76 50,36
48.23 -24,50 49,70
48.27 -24,24 49,03
48.30 -24,10 48,23
48.33 -23,97 47,43
48.37 -23,71 46,50
48.40 -23,58 45,43
48.43 -23,57 44,50
48.47 -23,44 43,43
48.50 -23,44 42,37
48.53 -23,43 41,30
48.57 -23,43 40,10
48.60 -23,42 38,90
48.63 -23,42 37,70
48.67 -23,42 36,50
48.70 -23,43 35,30
48.73 -23,43 34,10
48.77 -23,56 32,91
48.80 -23,56 31,71
48.83 -23,69 30,50
48.87 -23,70 29,17
48.90 -23,84 27,97
48.93 -23,97 26,64
48.97 -24,10 25,44
49.00 -24,24 24,11
49.03 -24,37 22,77
49.07 -24,50 21,57
49.10 -24,64 20,38
49.13 -24,77 19,18
49.17 -24,91 17,97
49.20 -25,04 16,77
49.23 -25,30 15,71
49.27 -25,43 14,51
49.30 -25,56 13,44
49.33 -25,69 12,38
49.37 -25,82 11,44
49.40 -25,95 10,38
49.43 -26,08 9,45
49.47 -26,21 8,65
49.50 -26,34 7,85
49.53 -26,48 7,05
49.57 -26,61 6,25
49.60 -26,75 5,45
49.63 -26,88 4,78
49.67 -27,02 3,98
49.70 -27,16 3,32
49.73 -27,30 2,78
49.77 -27,44 2,25
49.80 -27,58 1,58
49.83 -27,71 1,18
49.87 -27,85 0,65
49.90 -27,98 0,25
49.93 -28,11 -0,15
49.97 -28,11 -0,41
50.00 -28,25 -0,68
50.03 -28,38 -0,95
50.07 -28,51 -1,21
50.10 -28,51 -1,34
50.13 -28,65 -1,48
50.17 -28,79 -1,61
50.20 -28,92 -1,61
50.23 -29,06 -1,48
50.27 -29,19 -1,08
50.30 -29,33 -0,68
50.33 -29,46 -0,01
50.37 -29,60 0,79
50.40 -29,60 1,72
50.43 -29,73 2,65
50.47 -29,74 3,85
50.50 -29,73 5,19
50.53 -29,87 6,52
50.57 -29,87 7,85
50.60 -29,87 9,32
50.63 -29,86 10,78
50.67 -29,86 12,25
50.70 -29,73 13,85
50.73 -29,73 15,45
50.77 -29,60 17,18
50.80 -29,60 18,91
50.83 -29,47 20,65
50.87 -29,47 22,38
50.90 -29,46 24,25
50.93 -29,33 26,11
50.97 -29,33 27,98
51.00 -29,33 29,84
51.03 -29,33 31,84
51.07 -29,33 33,71
51.10 -29,33 35,71
51.13 -29,33 37,71
51.17 -29,46 39,70
51.20 -29,46 41,57
51.23 -29,59 43,44
51.27 -29,60 45,30
51.30 -29,73 47,03
51.33 -29,87 48,63
51.37 -30,00 50,23
51.40 -30,13 51,83
51.43 -30,26 53,30
51.47 -30,39 54,76
51.50 -30,52 56,10
51.53 -30,52 57,16
51.57 -30,65 58,36
51.60 -30,65 59,16
51.63 -30,65 59,56
51.67 -30,79 59,56
51.70 -31,18 59,43
51.73 -31,45 59,03
51.77 -31,71 58,49
51.80 -31,84 58,09
51.83 -31,84 57,83
51.87 -31,58 57,69
51.90 -31,32 57,69
51.93 -31,05 57,56
51.97 -30,92 57,56
52.00 -30,65 57,43
52.03 -30,51 57,29
52.07 -30,25 57,02
52.10 -30,11 56,76
52.13 -29,97 56,62
52.17 -29,83 56,49
52.20 -29,57 56,36
52.23 -29,44 56,36
52.27 -29,31 56,36
52.30 -29,18 56,36
52.33 -29,05 56,36
52.37 -29,05 56,36
52.40 -28,91 56,23
52.43 -28,79 56,22
52.47 -28,66 56,09
52.50 -28,53 55,95
52.53 -28,52 55,82
52.57 -28,39 55,69
52.60 -28,26 55,69
52.63 -28,26 55,69
52.67 -28,12 55,55
52.70 -27,99 55,55
52.73 -27,85 55,41
52.77 -27,72 55,41
52.80 -27,59 55,28
52.83 -27,46 55,27
52.87 -27,46 55,26
52.90 -27,46 55,26
52.93 -27,45 55,27
52.97 -27,44 55,41
53.00 -27,44 55,67
53.03 -27,45 55,80
53.07 -27,58 55,94
53.10 -27,71 56,08
53.13 -27,71 56,21
53.17 -27,84 56,35
53.20 -27,85 56,35
53.23 -27,86 56,49
53.27 -27,98 56,49
53.30 -27,98 56,49
53.33 -27,85 56,49
53.37 -27,72 56,36
53.40 -27,72 56,36
53.43 -27,58 56,23
53.47 -27,43 56,09
53.50 -27,17 55,83
53.53 -27,04 55,56
53.57 -26,78 55,16
53.60 -26,65 54,77
53.63 -26,38 54,23
53.67 -26,11 53,70
53.70 -25,71 52,90
53.73 -25,45 52,24
53.77 -25,18 51,44
53.80 -24,78 50,64
53.83 -24,52 49,84
53.87 -24,25 48,91
53.90 -23,99 47,98
53.93 -23,72 46,91
53.97 -23,59 45,85
54.00 -23,45 44,78
54.03 -23,31 43,58
54.07 -23,18 42,25
54.10 -23,18 40,92
54.13 -23,18 39,58
54.17 -23,31 38,12
54.20 -23,32 36,65
54.23 -23,45 35,32
54.27 -23,72 33,98
54.30 -23,85 32,65
54.33 -23,99 31,18
54.37 -24,26 29,72
54.40 -24,39 28,25
54.43 -24,53 26,79
54.47 -24,67 25,45
54.50 -24,93 23,99
54.53 -25,06 22,79
54.57 -25,18 21,59
54.60 -25,31 20,39
54.63 -25,32 19,32
54.67 -25,45 18,26
54.70 -25,58 17,32
54.73 -25,71 16,25
54.77 -25,71 15,32
54.80 -25,84 14,39
54.83 -25,85 13,45
54.87 -25,98 12,52
54.90 -25,99 11,72
54.93 -26,12 10,79
54.97 -26,12 9,99
55.00 -26,12 9,05
55.03 -26,25 8,25
55.07 -26,25 7,45
55.10 -26,26 6,79
55.13 -26,39 5,99
55.17 -26,39 5,32
55.20 -26,39 4,65
55.23 -26,39 4,12
55.27 -26,52 3,45
55.30 -26,52 3,05
55.33 -26,66 2,52
55.37 -26,66 2,25
55.40 -26,79 1,85
55.43 -26,92 1,59
55.47 -26,93 1,46
55.50 -27,06 1,45
55.53 -27,19 1,32
55.57 -27,32 1,32
55.60 -27,32 1,46
55.63 -27,45 1,46
55.67 -27,46 1,59
55.70 -27,59 1,72
55.73 -27,72 1,86
55.77 -27,72 2,13
55.80 -27,86 2,39
55.83 -27,99 2,79
55.87 -28,12 3,19
55.90 -28,25 3,72
55.93 -28,38 4,25
55.97 -28,50 5,05
56.00 -28,63 5,85
56.03 -28,76 6,92
56.07 -28,89 7,98
56.10 -29,03 9,18
56.13 -29,16 10,51
56.17 -29,29 11,98
56.20 -29,29 13,44
56.23 -29,42 15,04
56.27 -29,43 16,78
56.30 -29,43 18,51
56.33 -29,43 20,24
56.37 -29,44 22,11
56.40 -29,44 23,97
56.43 -29,43 25,97
56.47 -29,43 27,84
56.50 -29,30 29,84
56.53 -29,29 31,84
56.57 -29,16 33,84
56.60 -29,15 35,97
56.63 -29,02 38,10
56.67 -29,02 40,23
56.70 -29,02 42,37
56.73 -28,89 44,50
56.77 -28,89 46,50
56.80 -28,89 48,50
56.83 -28,89 50,36
56.87 -28,89 52,09
56.90 -28,89 53,56
56.93 -28,89 54,89
56.97 -29,02 55,83
57.00 -29,16 56,49
57.03 -29,43 57,03
57.07 -29,83 57,16
57.10 -30,24 57,16
57.13 -30,76 57,03
57.17 -31,16 56,90
57.20 -31,42 56,76
57.23 -31,56 56,63
57.27 -31,69 56,63
57.30 -31,68 56,63
57.33 -31,55 56,76
57.37 -31,42 56,63
57.40 -31,42 56,63
57.43 -31,42 56,50
57.47 -31,55 56,36
57.50 -31,68 56,36
57.53 -31,68 56,23
57.57 -31,80 56,23
57.60 -31,80 56,23
57.63 -31,79 56,23
57.67 -31,66 56,36
57.70 -31,66 56,36
57.73 -31,52 56,37
57.77 -31,52 56,37
57.80 -31,38 56,37
57.83 -31,26 56,37
57.87 -31,25 56,37
57.90 -31,11 56,37
57.93 -30,97 56,37
57.97 -30,71 56,37
58.00 -30,57 56,37
58.03 -30,31 56,37
58.07 -30,17 56,37
58.10 -29,91 56,23
58.13 -29,78 56,23
58.17 -29,64 56,10
58.20 -29,38 56,10
58.23 -29,25 55,97
58.27 -29,13 55,97
58.30 -29,00 55,83
58.33 -28,87 55,83
58.37 -28,74 55,70
58.40 -28,61 55,57
58.43 -28,61 55,57
58.47 -28,47 55,43
58.50 -28,34 55,17
58.53 -28,21 55,04
58.57 -28,21 55,04
58.60 -28,08 54,90
58.63 -28,07 55,04
58.67 -27,94 54,90
58.70 -27,81 54,90
58.73 -27,81 54,90
58.77 -27,80 54,90
58.80 -27,67 54,90
58.83 -27,68 54,90
58.87 -27,67 54,77
58.90 -27,54 54,77
58.93 -27,55 54,91
58.97 -27,54 55,04
59.00 -27,41 55,17
59.03 -27,41 55,31
59.07 -27,28 55,44
59.10 -27,29 55,44
59.13 -27,29 55,57
59.17 -27,42 55,57
59.20 -27,55 55,57
59.23 -27,54 55,57
59.27 -27,55 55,70
59.30 -27,55 55,71
59.33 -27,56 55,83
59.37 -27,57 55,83
59.40 -27,58 55,83
59.43 -27,58 55,82
59.47 -27,57 55,68
59.50 -27,44 55,56
59.53 -27,44 55,43
59.57 -27,30 55,42
59.60 -27,18 55,16
59.63 -27,17 55,03
59.67 -27,04 54,77
59.70 -27,04 54,63
59.73 -26,90 54,37
59.77 -26,77 54,25
59.80 -26,65 54,11
59.83 -26,52 54,11
59.87 -26,40 53,98
59.90 -26,26 53,72
59.93 -26,12 53,58
59.97 -25,86 53,32
60.00 -25,72 53,05
60.03 -25,45 52,78
60.07 -25,32 52,52
60.10 -25,18 52,11
60.13 -25,05 51,85
60.17 -24,91 51,45
60.20 -24,78 50,92
60.23 -24,77 50,52
60.27 -24,64 49,85
60.30 -24,51 49,19
60.33 -24,51 48,66
60.37 -24,51 47,86
60.40 -24,52 47,19
60.43 -24,65 46,53
60.47 -24,65 45,73
60.50 -24,78 44,93
60.53 -24,92 44,13
60.57 -25,06 43,20
60.60 -25,19 42,26
60.63 -25,33 41,20
60.67 -25,59 40,13
60.70 -25,72 39,07
60.73 -25,86 38,00
60.77 -26,12 36,80
60.80 -26,25 35,60
60.83 -26,39 34,54
60.87 -26,52 33,34
60.90 -26,78 32,14
60.93 -26,91 31,07
60.97 -27,04 29,87
61.00 -27,17 28,67
61.03 -27,30 27,61
61.07 -27,30 26,41
61.10 -27,43 25,34
61.13 -27,44 24,27
61.17 -27,57 23,21
61.20 -27,57 22,14
61.23 -27,58 21,07
61.27 -27,71 20,01
61.30 -27,70 18,94
61.33 -27,71 17,87
61.37 -27,71 16,94
61.40 -27,84 15,88
61.43 -27,84 14,94
61.47 -27,85 14,01
61.50 -27,98 13,07
61.53 -27,98 12,14
61.57 -28,11 11,34
61.60 -28,11 10,41
61.63 -28,11 9,61
61.67 -28,24 8,68
61.70 -28,25 7,88
61.73 -28,38 7,08
61.77 -28,38 6,41
61.80 -28,38 5,88
61.83 -28,39 5,21
61.87 -28,52 4,68
61.90 -28,52 4,15
61.93 -28,65 3,62
61.97 -28,65 3,22
62.00 -28,78 2,69
62.03 -28,78 2,29
62.07 -28,91 1,89
62.10 -28,91 1,63
62.13 -29,04 1,36
62.17 -29,03 1,23
62.20 -29,04 0,96
62.23 -29,17 0,83
62.27 -29,17 0,56
62.30 -29,17 0,43
62.33 -29,30 0,29
62.37 -29,30 0,03
62.40 -29,30 -0,11
62.43 -29,30 -0,24
62.47 -29,30 -0,24
62.50 -29,31 -0,25
62.53 -29,31 -0,25
62.57 -29,30 -0,12
62.60 -29,30 0,15
62.63 -29,17 0,55
62.67 -29,17 1,09
62.70 -29,04 1,75
62.73 -29,04 2,55
62.77 -28,91 3,48
62.80 -28,91 4,42
62.83 -28,78 5,48
62.87 -28,78 6,55
62.90 -28,78 7,75
62.93 -28,77 8,81
62.97 -28,64 10,15
63.00 -28,65 11,34
63.03 -28,65 12,54
63.07 -28,65 13,74
63.10 -28,65 14,94
63.13 -28,64 16,14
63.17 -28,51 17,47
63.20 -28,50 18,81
63.23 -28,37 20,14
63.27 -28,23 21,61
63.30 -28,10 22,94
63.33 -27,83 24,54
63.37 -27,70 26,00
63.40 -27,43 27,47
63.43 -27,16 29,20
63.47 -26,90 30,80
63.50 -26,63 32,40
63.53 -26,36 34,13
63.57 -26,09 35,87
63.60 -25,83 37,73
63.63 -25,56 39,47
63.67 -25,29 41,46
63.70 -25,16 43,33
63.73 -24,89 45,20
63.77 -24,89 46,93
63.80 -24,76 48,66
63.83 -24,76 50,26
63.87 -24,76 51,72
63.90 -24,76 53,06
63.93 -25,03 54,26
63.97 -25,42 55,32
64.00 -25,69 55,99
64.03 -26,09 56,52
64.07 -26,36 56,66
64.10 -26,76 56,66
64.13 -27,16 56,39
64.17 -27,43 55,99
64.20 -27,70 55,59
64.23 -27,70 55,33
64.27 -27,57 55,19
64.30 -27,44 55,19
64.33 -27,17 55,19
64.37 -27,17 55,33
64.40 -27,04 55,33
64.43 -27,04 55,59
64.47 -27,04 55,73
64.50 -27,17 55,86
64.53 -27,30 55,99
64.57 -27,57 56,13
64.60 -27,70 56,39
64.63 -27,97 56,66
64.67 -28,37 57,06
64.70 -28,77 57,33
64.73 -29,30 57,86
64.77 -29,71 58,26
64.80 -30,38 58,66
64.83 -31,04 58,79
64.87 -31,71 58,79
64.90 -32,10 58,53
64.93 -32,37 58,13
64.97 -32,63 57,46
65.00 -32,90 56,79
65.03 -33,57 56,00
65.07 -34,50 55,33
65.10 -35,56 54,66
65.13 -36,76 54,13
65.17 -38,09 53,60
65.20 -39,69 53,07
65.23 -41,42 52,80
65.27 -43,29 52,80
65.30 -45,02 52,93
65.33 -46,76 52,94
65.37 -48,49 53,07
65.40 -50,09 52,93
65.43 -51,55 52,80
65.47 -52,75 52,80
65.50 -53,82 52,67
65.53 -54,62 52,40
65.57 -55,28 52,26
65.60 -56,08 52,27
65.63 -57,02 52,40
65.67 -57,95 52,67
65.70 -58,88 53,20
65.73 -59,68 53,87
65.77 -60,48 54,67
65.80 -61,41 55,33
65.83 -62,34 56,00
65.87 -63,28 56,66
65.90 -64,21 57,20
65.93 -65,14 57,73
65.97 -65,94 58,14
66.00 -66,74 58,53
66.03 -67,41 58,66
66.07 -68,08 58,67
66.10 -68,48 58,66
66.13 -68,88 58,40
66.17 -69,41 57,86
66.20 -69,81 57,33
66.23 -70,08 56,80
66.27 -70,34 56,53
66.30 -70,48 56,53
66.33 -70,88 56,40
66.37 -71,28 56,13
66.40 -71,68 55,73
66.43 -72,21 55,33
66.47 -72,74 54,79
66.50 -73,41 53,99
66.53 -74,08 53,19
66.57 -74,75 52,26
66.60 -75,41 51,33
66.63 -76,08 50,39
66.67 -76,74 49,46
66.70 -76,74 49,33
66.73 -75,94 49,86
66.77 -75,68 49,99
66.80 -75,54 49,85
66.83 -75,54 49,59
66.87 -75,55 49,59
66.90 -75,28 50,12
66.93 -75,01 50,38
66.97 -74,88 50,65
67.00 -74,62 51,18
67.03 -74,35 51,45
67.07 -73,82 51,85
67.10 -73,69 51,98
67.13 -73,55 52,11
67.17 -73,95 52,11
67.20 -73,95 52,11
67.23 -73,68 52,24
67.27 -73,81 52,37
67.30 -73,82 52,50
67.33 -73,68 52,50
67.37 -73,68 52,37
67.40 -73,82 52,63
67.43 -73,81 52,50
67.47 -73,81 52,50
67.50 -73,68 52,63
67.53 -73,81 52,63
67.57 -73,81 52,63
67.60 -73,81 52,63
67.63 -73,81 52,63
67.67 -73,81 52,63
67.70 -73,80 52,64
67.73 -73,80 52,64
67.77 -73,80 52,64
67.80 -73,67 52,64
67.83 -73,67 52,65
67.87 -73,81 52,65
67.90 -73,67 52,52
67.93 -73,68 52,51
67.97 -73,68 52,51
68.00 -73,68 52,51
68.03 -73,69 52,51
68.07 -73,69 52,52
68.10 -73,69 52,52
68.13 -73,70 52,52
68.17 -73,70 52,52
68.20 -73,70 52,52
68.23 -73,71 52,52
68.27 -73,71 52,53
68.30 -73,71 52,53
68.33 -73,72 52,53
68.37 -73,59 52,53
68.40 -73,59 52,53
68.43 -73,59 52,53
68.47 -73,60 52,52
68.50 -73,60 52,52
68.53 -73,60 52,52
68.57 -73,61 52,52
68.60 -73,61 52,52
68.63 -73,61 52,52
68.67 -73,61 52,52
68.70 -73,62 52,52
68.73 -73,62 52,52
68.77 -73,62 52,52
68.80 -73,63 52,52
68.83 -73,76 52,52
68.87 -73,63 52,39
68.90 -73,76 52,39
68.93 -73,76 52,39
68.97 -73,76 52,39
69.00 -73,76 52,38
69.03 -73,76 52,38
69.07 -73,75 52,38
69.10 -73,75 52,38
69.13 -73,75 52,51
69.17 -73,75 52,51
69.20 -73,75 52,51
69.23 -73,75 52,51
69.27 -73,75 52,51
69.30 -73,75 52,51
69.33 -73,74 52,51
69.37 -73,74 52,51
69.40 -73,74 52,51
69.43 -73,74 52,51
69.47 -73,74 52,51
69.50 -73,74 52,51
69.53 -73,74 52,38
69.57 -73,74 52,51
