#Kinovea Trajectory data export
#T X Y
# Trajectory 1
6.17 54,87 82,38
6.20 54,14 82,52
6.23 53,43 82,66
6.27 52,99 82,79
6.30 52,56 82,79
6.33 51,99 82,79
6.37 51,56 82,79
6.40 51,13 82,65
6.43 50,56 82,79
6.47 50,12 82,80
6.50 49,55 82,94
6.53 48,97 83,22
6.57 48,41 83,50
6.60 47,84 83,93
6.63 47,26 84,50
6.67 46,55 85,08
6.70 45,97 85,65
6.73 45,25 86,08
6.77 44,53 86,36
6.80 43,67 86,51
6.83 42,95 86,65
6.87 42,09 86,79
6.90 41,24 86,79
6.93 40,52 86,80
6.97 39,94 86,80
7.00 39,52 86,80
7.03 39,09 86,51
7.07 38,80 86,21
7.10 38,37 85,64
7.13 37,80 84,93
7.17 37,36 84,22
7.20 36,65 83,36
7.23 35,94 82,49
7.27 35,08 81,50
7.30 34,22 80,63
7.33 33,21 79,77
7.37 32,07 78,91
7.40 30,92 78,05
7.43 29,78 77,33
7.47 28,64 76,62
7.50 27,49 76,05
7.53 26,34 75,61
7.57 25,05 75,04
7.60 23,89 74,76
7.63 22,61 74,61
7.67 21,32 74,47
7.70 20,17 74,48
7.73 19,02 74,62
7.77 18,01 74,91
7.80 17,15 75,05
7.83 16,57 75,20
7.87 15,99 75,34
7.90 15,42 75,49
7.93 14,99 75,77
7.97 14,41 75,92
8.00 13,83 76,07
8.03 13,26 76,36
8.07 12,97 76,79
8.10 12,68 77,22
8.13 12,53 77,79
8.17 12,25 78,36
8.20 11,97 78,80
8.23 11,69 79,23
8.27 11,41 79,52
8.30 11,12 79,67
8.33 10,84 79,81
8.37 10,56 79,80
8.40 10,27 79,67
8.43 10,12 79,66
8.47 9,84 79,53
8.50 9,41 79,52
8.53 9,27 79,37
8.57 8,99 79,23
8.60 8,84 79,10
8.63 8,70 78,96
8.67 8,55 78,82
8.70 8,40 78,68
8.73 8,12 78,53
8.77 7,97 78,25
8.80 7,82 78,11
8.83 7,67 77,97
8.87 7,52 77,82
8.90 7,38 77,54
8.93 7,38 77,40
8.97 7,37 77,25
9.00 7,23 76,96
9.03 7,37 76,82
9.07 7,37 76,54
9.10 7,36 76,39
9.13 7,22 76,10
9.17 7,08 75,67
9.20 7,08 75,38
9.23 6,93 75,10
9.27 6,79 74,81
9.30 6,93 74,67
9.33 6,94 74,67
9.37 7,09 74,67
9.40 7,37 74,81
9.43 7,52 74,82
9.47 7,80 74,97
9.50 7,94 75,12
9.53 7,94 75,40
9.57 7,93 75,55
9.60 7,79 75,70
9.63 7,64 75,85
9.67 7,36 75,85
9.70 7,22 75,72
9.73 7,07 75,72
9.77 6,79 75,72
9.80 6,64 75,86
9.83 6,35 76,00
9.87 6,07 76,28
9.90 5,79 76,43
9.93 5,51 76,72
9.97 5,36 76,86
10.00 5,08 77,00
10.03 4,94 77,00
10.07 4,94 76,99
10.10 4,79 76,98
10.13 4,50 76,98
10.17 4,36 76,98
10.20 4,21 77,12
10.23 4,07 77,12
10.27 4,07 77,26
10.30 3,93 77,26
10.33 3,93 77,40
10.37 3,93 77,39
10.40 3,93 77,25
10.43 3,93 77,25
10.47 3,79 77,11
10.50 3,79 77,10
10.53 3,78 77,09
10.57 3,64 77,08
10.60 3,64 77,08
10.63 3,49 77,07
10.67 3,49 76,94
10.70 3,63 76,93
10.73 3,64 76,79
10.77 3,79 76,79
10.80 3,93 76,78
10.83 4,07 76,78
10.87 4,07 76,79
10.90 4,08 76,93
10.93 4,22 77,06
10.97 4,22 77,07
11.00 4,22 77,07
11.03 4,36 77,06
11.07 4,36 76,91
11.10 4,36 76,63
11.13 4,36 76,64
11.17 4,37 76,50
11.20 4,37 76,50
11.23 4,23 76,36
11.27 4,22 76,50
11.30 4,09 76,64
11.33 4,09 76,64
11.37 4,09 76,65
11.40 4,10 76,79
11.43 4,09 76,79
11.47 4,10 76,93
11.50 4,25 76,93
11.53 4,39 77,07
11.57 4,53 77,08
11.60 4,67 77,22
11.63 4,81 77,36
11.67 4,96 77,36
11.70 5,24 77,49
11.73 5,52 77,49
11.77 5,81 77,48
11.80 6,09 77,47
11.83 6,24 77,33
11.87 6,52 77,33
11.90 6,67 77,33
11.93 6,82 77,19
11.97 7,10 77,19
12.00 7,24 77,19
12.03 7,37 77,19
12.07 7,51 77,18
12.10 7,65 77,04
12.13 7,80 77,05
12.17 7,95 77,06
12.20 8,09 77,19
12.23 8,23 77,19
12.27 8,24 77,18
12.30 8,24 77,18
12.33 8,24 77,18
12.37 8,24 77,19
12.40 8,23 77,19
12.43 8,09 77,18
12.47 8,08 77,04
12.50 7,94 77,04
12.53 7,95 77,04
12.57 7,95 77,04
12.60 7,95 77,17
12.63 7,95 77,18
12.67 7,95 77,33
12.70 7,96 77,47
12.73 8,10 77,61
12.77 8,11 77,75
12.80 8,25 77,76
12.83 8,25 77,90
12.87 8,39 78,04
12.90 8,40 78,04
12.93 8,68 78,33
12.97 8,68 78,33
13.00 8,82 78,48
13.03 8,82 78,61
13.07 8,96 78,75
13.10 8,96 78,75
13.13 9,10 78,88
13.17 9,11 78,89
13.20 9,26 79,03
13.23 9,40 79,03
13.27 9,54 79,17
13.30 9,68 79,17
13.33 9,82 79,18
13.37 9,82 79,18
13.40 9,96 79,18
13.43 9,97 79,19
13.47 9,97 79,19
13.50 9,98 79,19
13.53 9,98 79,19
13.57 9,84 79,18
13.60 9,84 79,04
13.63 9,70 78,90
13.67 9,69 78,61
13.70 9,84 78,32
13.73 9,83 78,04
13.77 9,83 78,04
13.80 9,69 78,04
13.83 9,69 78,18
13.87 9,69 78,32
13.90 9,55 78,33
13.93 9,55 78,46
13.97 9,40 78,33
14.00 9,54 78,32
14.03 9,40 78,17
14.07 9,39 78,02
14.10 9,25 77,88
14.13 9,10 77,87
14.17 8,96 77,74
14.20 8,81 77,75
14.23 8,53 77,75
14.27 8,38 77,75
14.30 8,09 77,61
14.33 7,81 77,47
14.37 7,53 77,32
14.40 7,38 77,17
14.43 7,08 76,88
14.47 6,66 76,60
14.50 6,37 76,32
14.53 6,08 76,17
14.57 5,65 75,88
14.60 5,36 75,59
14.63 4,93 75,29
14.67 4,49 74,87
14.70 4,06 74,44
14.73 3,63 74,02
14.77 3,21 73,60
14.80 2,92 73,17
14.83 2,48 72,60
14.87 2,06 72,02
14.90 1,76 71,31
14.93 1,47 70,59
14.97 1,18 69,88
15.00 0,89 69,02
15.03 0,60 68,17
15.07 0,31 67,31
15.10 0,17 66,59
15.13 -0,12 65,73
15.17 -0,26 65,01
15.20 -0,39 64,16
15.23 -0,53 63,30
15.27 -0,53 62,58
15.30 -0,53 61,71
15.33 -0,53 60,85
15.37 -0,52 59,85
15.40 -0,52 58,99
15.43 -0,38 57,98
15.47 -0,38 56,98
15.50 -0,37 55,98
15.53 -0,23 54,97
15.57 -0,23 53,97
15.60 -0,09 52,96
15.63 -0,08 51,96
15.67 -0,08 50,95
15.70 0,06 49,94
15.73 0,06 48,93
15.77 0,06 47,92
15.80 0,06 46,78
15.83 0,06 45,78
15.87 0,06 44,91
15.90 0,05 43,91
15.93 0,05 42,91
15.97 -0,09 42,04
16.00 -0,09 41,03
16.03 -0,23 40,03
16.07 -0,37 39,02
16.10 -0,51 38,02
16.13 -0,65 37,02
16.17 -0,79 36,16
16.20 -0,94 35,15
16.23 -1,08 34,29
16.27 -1,23 33,42
16.30 -1,37 32,56
16.33 -1,52 31,69
16.37 -1,80 30,83
16.40 -1,94 29,97
16.43 -2,09 29,25
16.47 -2,23 28,53
16.50 -2,38 27,82
16.53 -2,52 27,25
16.57 -2,67 26,67
16.60 -2,82 26,10
16.63 -2,96 25,53
16.67 -3,11 25,10
16.70 -3,25 24,81
16.73 -3,39 24,39
16.77 -3,53 24,24
16.80 -3,67 24,09
16.83 -3,67 23,82
16.87 -3,81 23,81
16.90 -3,82 23,67
16.93 -3,96 23,66
16.97 -3,97 23,52
17.00 -4,11 23,52
17.03 -4,12 23,38
17.07 -4,26 23,38
17.10 -4,26 23,38
17.13 -4,39 23,37
17.17 -4,39 23,51
17.20 -4,40 23,80
17.23 -4,54 24,23
17.27 -4,54 24,95
17.30 -4,54 25,81
17.33 -4,54 26,81
17.37 -4,68 28,10
17.40 -4,67 29,39
17.43 -4,54 30,97
17.47 -4,54 32,69
17.50 -4,53 34,41
17.53 -4,38 36,42
17.57 -4,24 38,43
17.60 -4,10 40,59
17.63 -3,96 42,74
17.67 -3,82 45,04
17.70 -3,54 47,34
17.73 -3,39 49,78
17.77 -3,10 52,36
17.80 -2,81 54,80
17.83 -2,52 57,25
17.87 -2,23 59,69
17.90 -1,94 62,27
17.93 -1,51 64,57
17.97 -1,22 66,87
18.00 -0,79 69,16
18.03 -0,50 71,17
18.07 -0,35 72,90
18.10 -0,06 74,62
18.13 0,23 76,05
18.17 0,37 77,06
18.20 0,38 77,92
18.23 0,37 78,35
18.27 0,51 78,49
18.30 0,80 78,21
18.33 1,24 78,07
18.37 1,67 77,93
18.40 1,80 77,92
18.43 1,66 77,92
18.47 1,66 78,06
18.50 1,52 78,06
18.53 1,51 78,06
18.57 1,51 78,06
18.60 1,65 77,92
18.63 1,79 77,91
18.67 1,94 77,77
18.70 1,80 77,62
18.73 1,94 77,62
18.77 2,08 77,48
18.80 1,94 77,48
18.83 1,94 77,48
18.87 1,79 77,34
18.90 1,79 77,20
18.93 1,50 76,92
18.97 1,35 76,64
19.00 1,06 76,35
19.03 0,63 75,92
19.07 0,21 75,62
19.10 -0,22 75,19
19.13 -0,65 74,77
19.17 -1,08 74,34
19.20 -1,51 73,91
19.23 -2,08 73,33
19.27 -2,51 72,62
19.30 -2,80 72,05
19.33 -3,22 71,34
19.37 -3,50 70,62
19.40 -3,65 69,91
19.43 -3,93 69,19
19.47 -4,07 68,32
19.50 -4,21 67,47
19.53 -4,22 66,61
19.57 -4,35 65,60
19.60 -4,21 64,74
19.63 -4,22 63,73
19.67 -4,21 62,73
19.70 -4,07 61,72
19.73 -3,93 60,57
19.77 -3,79 59,42
19.80 -3,65 58,26
19.83 -3,51 56,97
19.87 -3,37 55,81
19.90 -3,22 54,38
19.93 -2,94 53,09
19.97 -2,79 51,80
20.00 -2,65 50,51
20.03 -2,50 49,07
20.07 -2,22 47,77
20.10 -2,07 46,34
20.13 -1,93 45,05
20.17 -1,79 43,61
20.20 -1,65 42,32
20.23 -1,50 41,03
20.27 -1,51 39,73
20.30 -1,36 38,30
20.33 -1,36 37,15
20.37 -1,36 35,86
20.40 -1,22 34,71
20.43 -1,22 33,56
20.47 -1,23 32,41
20.50 -1,37 31,41
20.53 -1,37 30,54
20.57 -1,50 29,54
20.60 -1,65 28,82
20.63 -1,65 27,97
20.67 -1,65 27,25
20.70 -1,80 26,67
20.73 -1,93 26,10
20.77 -2,08 25,53
20.80 -2,22 25,10
20.83 -2,22 24,67
20.87 -2,36 24,24
20.90 -2,36 23,94
20.93 -2,50 23,52
20.97 -2,51 23,37
21.00 -2,65 23,23
21.03 -2,80 23,09
21.07 -2,93 22,95
21.10 -2,94 22,95
21.13 -3,08 22,96
21.17 -3,08 23,10
21.20 -3,23 23,10
21.23 -3,36 23,25
21.27 -3,36 23,68
21.30 -3,50 24,11
21.33 -3,50 24,83
21.37 -3,64 25,69
21.40 -3,64 26,70
21.43 -3,78 29,29
21.47 -3,78 30,86
21.50 -3,79 32,58
21.53 -3,79 34,45
21.57 -3,79 36,46
21.60 -3,65 38,61
21.63 -3,65 40,90
21.67 -3,51 43,20
21.70 -3,37 45,64
21.73 -3,23 48,22
21.77 -2,94 50,81
21.80 -2,79 53,39
21.83 -2,51 56,12
21.87 -2,22 58,70
21.90 -2,07 61,43
21.93 -1,78 64,16
21.97 -1,35 66,88
22.00 -1,06 69,33
22.03 -0,77 71,77
22.07 -0,48 73,92
22.10 -0,19 75,79
22.13 0,10 77,37
22.17 0,25 78,66
22.20 0,39 79,52
22.23 0,54 79,95
22.27 0,83 79,95
22.30 1,26 79,67
22.33 1,83 79,25
22.37 2,26 78,96
22.40 2,40 78,67
22.43 2,40 78,53
22.47 2,26 78,67
22.50 2,12 78,67
22.53 2,12 78,67
22.57 1,98 78,67
22.60 1,98 78,52
22.63 1,98 78,23
22.67 1,98 77,95
22.70 1,97 77,80
22.73 1,82 77,52
22.77 1,54 77,37
22.80 1,39 77,08
22.83 1,10 76,80
22.87 0,68 76,52
22.90 0,39 76,09
22.93 -0,05 75,66
22.97 -0,48 75,09
23.00 -1,05 74,51
23.03 -1,48 73,80
23.07 -1,90 73,22
23.10 -2,33 72,65
23.13 -2,75 71,93
23.17 -3,04 71,35
23.20 -3,33 70,49
23.23 -3,62 69,64
23.27 -3,76 68,92
23.30 -3,91 67,91
23.33 -4,05 66,76
23.37 -4,05 65,61
23.40 -4,05 64,45
23.43 -4,05 63,02
23.47 -4,04 61,74
23.50 -3,90 60,44
23.53 -3,76 59,01
23.57 -3,75 57,58
23.60 -3,61 56,29
23.63 -3,47 54,71
23.67 -3,33 53,27
23.70 -3,33 51,84
23.73 -3,19 50,41
23.77 -3,19 48,97
23.80 -3,04 47,54
23.83 -3,04 46,25
23.87 -2,89 44,96
23.90 -2,89 43,53
23.93 -2,75 42,24
23.97 -2,75 41,09
24.00 -2,75 39,80
24.03 -2,74 38,51
24.07 -2,74 37,35
24.10 -2,73 36,20
24.13 -2,73 35,05
24.17 -2,73 33,90
24.20 -2,73 32,90
24.23 -2,87 31,75
24.27 -2,87 30,75
24.30 -2,88 29,74
24.33 -3,02 28,74
24.37 -3,03 27,87
24.40 -3,17 27,01
24.43 -3,17 26,16
24.47 -3,32 25,44
24.50 -3,47 24,72
24.53 -3,62 24,01
24.57 -3,90 23,44
24.60 -4,04 23,00
24.63 -4,19 22,71
24.67 -4,34 22,28
24.70 -4,62 21,85
24.73 -4,76 21,57
24.77 -4,91 21,42
24.80 -5,06 21,28
24.83 -5,34 21,14
24.87 -5,48 21,14
24.90 -5,62 21,15
24.93 -5,76 21,14
24.97 -5,90 21,15
25.00 -6,04 21,15
25.03 -6,18 21,29
25.07 -6,18 21,30
25.10 -6,33 21,45
25.13 -6,47 21,74
25.17 -6,47 22,18
25.20 -6,61 22,75
25.23 -6,61 23,61
25.27 -6,74 24,47
25.30 -6,74 25,48
25.33 -6,74 26,77
25.37 -6,75 28,06
25.40 -6,75 29,64
25.43 -6,75 31,22
25.47 -6,74 32,94
25.50 -6,61 34,81
25.53 -6,60 36,68
25.57 -6,47 38,68
25.60 -6,33 40,69
25.63 -6,33 42,70
25.67 -6,19 44,85
25.70 -6,18 47,00
25.73 -6,03 49,30
25.77 -5,89 51,60
25.80 -5,75 53,90
25.83 -5,61 56,34
25.87 -5,46 58,78
25.90 -5,31 61,22
25.93 -5,03 63,66
25.97 -4,88 66,10
26.00 -4,60 68,53
26.03 -4,46 70,83
26.07 -4,31 72,98
26.10 -4,17 74,85
26.13 -4,03 76,43
26.17 -4,02 77,72
26.20 -3,88 78,44
26.23 -3,59 78,87
26.27 -3,15 78,87
26.30 -2,57 78,58
26.33 -2,00 78,29
26.37 -1,71 78,00
26.40 -1,43 77,86
26.43 -1,43 77,72
26.47 -1,44 77,86
26.50 -1,58 77,86
26.53 -1,58 77,87
26.57 -1,58 77,86
26.60 -1,43 77,72
26.63 -1,29 77,58
26.67 -1,15 77,44
26.70 -1,15 77,30
26.73 -1,01 77,30
26.77 -1,01 77,29
26.80 -1,01 77,29
26.83 -1,01 77,28
26.87 -1,15 77,42
26.90 -1,15 77,41
26.93 -1,15 77,41
26.97 -1,15 77,26
27.00 -1,29 77,12
27.03 -1,29 76,98
27.07 -1,43 76,69
27.10 -1,58 76,55
27.13 -1,72 76,26
27.17 -1,87 75,96
27.20 -2,16 75,54
27.23 -2,44 75,25
27.27 -2,72 74,82
27.30 -2,87 74,38
27.33 -3,16 73,81
27.37 -3,44 73,23
27.40 -3,59 72,52
27.43 -3,73 71,79
27.47 -3,88 70,93
27.50 -4,03 70,06
27.53 -4,17 69,06
27.57 -4,17 68,06
27.60 -4,31 66,91
27.63 -4,31 65,77
27.67 -4,30 64,62
27.70 -4,16 63,33
27.73 -4,16 62,04
27.77 -4,16 60,75
27.80 -4,02 59,46
27.83 -3,87 58,16
27.87 -3,74 56,87
27.90 -3,73 55,43
27.93 -3,58 54,14
27.97 -3,44 52,70
28.00 -3,30 51,27
28.03 -3,30 49,97
28.07 -3,16 48,54
28.10 -3,16 47,24
28.13 -3,02 45,81
28.17 -3,01 44,52
28.20 -2,87 43,22
28.23 -2,88 41,79
28.27 -2,88 40,50
28.30 -2,87 39,21
28.33 -2,86 37,91
28.37 -2,86 36,48
28.40 -2,86 35,33
28.43 -2,86 34,04
28.47 -2,87 32,89
28.50 -2,87 31,74
28.53 -3,01 30,59
28.57 -3,02 29,59
28.60 -3,16 28,58
28.63 -3,30 27,57
28.67 -3,30 26,57
28.70 -3,44 25,72
28.73 -3,58 25,00
28.77 -3,72 24,14
28.80 -3,72 23,56
28.83 -3,87 22,84
28.87 -4,01 22,41
28.90 -4,16 21,98
28.93 -4,29 21,69
28.97 -4,29 21,70
29.00 -4,29 21,55
29.03 -4,44 21,27
29.07 -4,58 21,26
29.10 -4,58 21,12
29.13 -4,72 21,13
29.17 -4,73 21,13
29.20 -4,86 21,14
29.23 -4,87 21,29
29.27 -4,87 21,44
29.30 -5,01 22,01
29.33 -5,01 22,59
29.37 -5,15 23,45
29.40 -5,14 24,60
29.43 -5,15 25,75
29.47 -5,15 27,18
29.50 -5,15 28,76
29.53 -5,15 30,48
29.57 -5,14 32,21
29.60 -5,00 34,22
29.63 -4,86 36,37
29.67 -4,72 38,52
29.70 -4,58 40,68
29.73 -4,43 42,97
29.77 -4,15 45,27
29.80 -3,86 47,71
29.83 -3,58 50,01
29.87 -3,29 52,31
29.90 -2,87 54,75
29.93 -2,58 57,05
29.97 -2,14 59,49
30.00 -1,28 64,22
30.03 -0,85 66,38
30.07 -0,42 68,53
30.10 -0,13 70,55
30.13 0,29 72,55
30.17 0,58 74,13
30.20 0,87 75,57
30.23 1,01 76,86
30.27 1,16 77,73
30.30 1,16 78,29
30.33 1,30 78,44
30.37 1,44 78,30
30.40 1,87 78,01
30.43 2,30 77,72
30.47 2,59 77,43
30.50 2,87 77,43
30.53 2,87 77,43
30.57 2,87 77,57
30.60 2,86 77,58
30.63 2,86 77,71
30.67 2,86 77,72
30.70 2,86 77,44
30.73 3,01 77,30
30.77 3,01 77,02
30.80 3,02 76,88
30.83 3,02 76,88
30.87 3,01 76,87
30.90 2,86 76,73
30.93 2,58 76,59
30.97 2,30 76,46
31.00 2,01 76,17
31.03 1,73 75,88
31.07 1,44 75,31
31.10 1,15 74,88
31.13 0,72 74,31
31.17 0,29 73,74
31.20 -0,14 73,17
31.23 -0,44 72,60
31.27 -0,87 72,02
31.30 -1,16 71,16
31.33 -1,45 70,44
31.37 -1,74 69,58
31.40 -2,02 68,43
31.43 -2,16 67,42
31.47 -2,16 66,27
31.50 -2,17 64,98
31.53 -2,17 63,83
31.57 -2,17 62,54
31.60 -2,02 61,24
31.63 -1,88 59,81
31.67 -1,73 58,38
31.70 -1,44 56,95
31.73 -1,29 55,52
31.77 -1,01 54,08
31.80 -0,72 52,65
31.83 -0,58 51,08
31.87 -0,29 49,64
31.90 -0,14 48,21
31.93 0,14 46,78
31.97 0,29 45,35
32.00 0,43 44,05
32.03 0,58 42,62
32.07 0,72 41,18
32.10 0,86 39,89
32.13 0,86 38,59
32.17 0,87 37,31
32.20 1,01 36,16
32.23 1,00 34,87
32.27 0,86 33,73
32.30 0,86 32,72
32.33 0,72 31,57
32.37 0,72 30,56
32.40 0,59 29,56
32.43 0,58 28,70
32.47 0,44 27,69
32.50 0,30 26,83
32.53 0,15 26,11
32.57 0,01 25,40
32.60 -0,14 24,83
32.63 -0,29 24,26
32.67 -0,57 23,97
32.70 -0,72 23,54
32.73 -1,00 23,25
32.77 -1,15 22,97
32.80 -1,44 22,84
32.83 -1,58 22,83
32.87 -1,87 22,70
32.90 -2,02 22,70
32.93 -2,31 22,70
32.97 -2,45 22,70
33.00 -2,59 22,71
33.03 -2,74 22,71
33.07 -2,88 23,00
33.10 -3,02 23,28
33.13 -3,02 23,71
33.17 -3,16 24,29
33.20 -3,16 25,15
33.23 -3,30 26,16
33.27 -3,29 27,31
33.30 -3,29 28,60
33.33 -3,28 30,03
33.37 -3,14 31,47
33.40 -3,14 33,05
33.43 -3,00 34,63
33.47 -2,86 36,35
33.50 -2,73 38,22
33.53 -2,58 40,08
33.57 -2,43 41,95
33.60 -2,15 43,96
33.63 -2,00 45,96
33.67 -1,71 47,98
33.70 -1,42 50,13
33.73 -1,00 52,43
33.77 -0,71 54,73
33.80 -0,42 57,02
33.83 0,01 59,32
33.87 0,29 61,47
33.90 0,59 63,77
33.93 1,01 66,07
33.97 1,30 68,22
34.00 1,59 70,22
34.03 1,89 72,09
34.07 2,17 73,82
34.10 2,32 75,40
34.13 2,46 76,68
34.17 2,60 77,55
34.20 2,60 78,27
34.23 2,60 78,70
34.27 2,59 78,85
34.30 2,73 78,85
34.33 2,88 78,56
34.37 3,18 78,42
34.40 3,47 78,28
34.43 3,61 78,28
34.47 3,61 78,28
34.50 3,61 78,28
34.53 3,61 78,29
34.57 3,62 78,15
34.60 3,62 78,01
34.63 3,62 77,71
34.67 3,63 77,57
34.70 3,63 77,29
34.73 3,64 77,14
34.77 3,77 77,00
34.80 3,77 77,00
34.83 3,77 76,86
34.87 3,78 76,86
34.90 3,92 76,86
34.93 3,92 76,72
34.97 3,93 76,71
35.00 4,07 76,57
35.03 3,93 76,43
35.07 3,93 76,29
35.10 3,78 76,15
35.13 3,64 76,00
35.17 3,35 75,71
35.20 3,07 75,42
35.23 2,77 74,99
35.27 2,34 74,57
35.30 1,91 74,28
35.33 1,48 73,71
35.37 1,05 73,28
35.40 0,47 72,71
35.43 0,03 72,13
35.47 -0,54 71,42
35.50 -1,11 70,69
35.53 -1,54 69,69
35.57 -1,98 68,83
35.60 -2,41 67,83
35.63 -2,84 66,83
35.67 -3,13 65,96
35.70 -3,42 64,96
35.73 -3,70 63,95
35.77 -3,85 62,96
35.80 -4,00 62,09
35.83 -4,14 61,08
35.87 -4,28 59,93
35.90 -4,28 58,79
35.93 -4,28 57,64
35.97 -4,28 56,49
36.00 -4,28 55,20
36.03 -4,14 54,05
36.07 -4,14 52,76
36.10 -4,00 51,47
36.13 -4,00 50,32
36.17 -3,85 49,17
36.20 -3,71 48,02
36.23 -3,58 46,73
36.27 -3,57 45,58
36.30 -3,42 44,28
36.33 -3,27 43,00
36.37 -3,12 41,84
36.40 -2,97 40,55
36.43 -2,82 39,40
36.47 -2,68 38,25
36.50 -2,54 37,10
36.53 -2,53 36,09
36.57 -2,39 34,94
36.60 -2,39 33,79
36.63 -2,39 32,79
36.67 -2,39 31,78
36.70 -2,39 30,93
36.73 -2,40 30,07
36.77 -2,54 29,35
36.80 -2,54 28,63
36.83 -2,69 27,77
36.87 -2,82 27,05
36.90 -2,83 26,48
36.93 -2,97 25,76
36.97 -3,11 25,18
37.00 -3,25 24,61
37.03 -3,25 24,17
37.07 -3,39 23,74
37.10 -3,40 23,30
37.13 -3,54 22,87
37.17 -3,55 22,58
37.20 -3,69 22,29
37.23 -3,69 22,01
37.27 -3,83 21,87
37.30 -3,83 21,88
37.33 -3,83 21,88
37.37 -3,84 21,88
37.40 -3,98 21,74
37.43 -3,97 21,88
37.47 -3,97 22,17
37.50 -3,97 22,46
37.53 -3,97 23,17
37.57 -3,98 23,89
37.60 -3,98 24,90
37.63 -3,98 26,04
37.67 -3,99 27,19
37.70 -3,99 28,63
37.73 -3,98 30,21
37.77 -3,84 31,79
37.80 -3,70 33,51
37.83 -3,70 35,24
37.87 -3,56 37,10
37.90 -3,41 38,96
37.93 -3,27 40,83
37.97 -3,13 42,70
38.00 -2,99 44,56
38.03 -2,84 46,58
38.07 -2,69 48,59
38.10 -2,41 50,74
38.13 -2,27 52,89
38.17 -2,12 54,91
38.20 -1,97 57,06
38.23 -1,69 59,21
38.27 -1,54 61,23
38.30 -1,26 63,38
38.33 -1,11 65,25
38.37 -0,96 67,26
38.40 -0,81 69,12
38.43 -0,66 70,70
38.47 -0,52 72,13
38.50 -0,51 73,57
38.53 -0,52 75,44
38.57 -0,67 75,87
38.60 -0,67 76,15
38.63 -0,67 76,00
38.67 -0,38 75,58
38.70 0,05 75,29
38.73 0,34 75,14
38.77 0,49 75,00
38.80 0,63 75,14
38.83 0,78 75,29
38.87 0,78 75,43
38.90 0,92 75,58
38.93 0,93 75,72
38.97 1,08 75,72
39.00 1,23 75,58
39.03 1,37 75,44
39.07 1,52 75,44
39.10 1,80 75,44
39.13 1,94 75,43
39.17 2,09 75,43
39.20 2,38 75,57
39.23 2,52 75,57
39.27 2,67 75,71
39.30 2,95 75,71
39.33 3,09 75,72
39.37 3,24 75,86
39.40 3,38 75,86
39.43 3,53 76,00
39.47 3,67 76,00
39.50 3,81 76,13
39.53 3,81 76,28
39.57 3,96 76,43
39.60 4,10 76,42
39.63 4,10 76,56
39.67 4,25 76,56
39.70 4,25 76,70
39.73 4,39 76,70
39.77 4,38 76,70
39.80 4,38 76,70
39.83 4,38 76,70
39.87 4,24 76,70
39.90 4,10 76,56
39.93 3,96 76,56
39.97 3,82 76,41
40.00 3,67 76,13
40.03 3,39 75,99
40.07 3,11 75,70
40.10 2,82 75,42
40.13 2,54 75,13
40.17 2,25 74,56
40.20 1,96 74,13
40.23 1,53 73,56
40.27 1,25 72,84
40.30 0,96 72,27
40.33 0,68 71,55
40.37 0,53 70,83
40.40 0,25 69,97
40.43 0,11 68,97
40.47 0,11 67,97
40.50 -0,04 66,82
40.53 -0,04 65,68
40.57 -0,05 64,52
40.60 -0,05 63,23
40.63 -0,04 61,79
40.67 0,10 60,50
40.70 0,23 59,06
40.73 0,37 57,77
40.77 0,38 56,19
40.80 0,52 54,76
40.83 0,53 53,33
40.87 0,67 51,89
40.90 0,66 50,45
40.93 0,66 49,01
40.97 0,66 47,58
41.00 0,65 46,29
41.03 0,51 44,86
41.07 0,51 43,57
41.10 0,36 42,28
41.13 0,23 41,13
41.17 0,22 39,84
41.20 0,08 38,69
41.23 -0,07 37,54
41.27 -0,21 36,53
41.30 -0,35 35,52
41.33 -0,64 34,38
41.37 -0,78 33,52
41.40 -0,92 32,65
41.43 -1,20 31,65
41.47 -1,34 30,79
41.50 -1,49 30,07
41.53 -1,63 29,35
41.57 -1,78 28,63
41.60 -1,93 28,06
41.63 -2,07 27,48
41.67 -2,21 26,76
41.70 -2,36 26,20
41.73 -2,49 25,76
41.77 -2,50 25,33
41.80 -2,64 24,90
41.83 -2,64 24,61
41.87 -2,78 24,33
41.90 -2,78 24,18
41.93 -2,79 24,03
41.97 -2,92 23,89
42.00 -2,92 23,89
42.03 -2,91 23,75
42.07 -2,91 23,61
42.10 -2,77 23,61
42.13 -2,77 23,46
42.17 -2,76 23,32
42.20 -2,62 23,32
42.23 -2,62 23,46
42.27 -2,61 23,75
42.30 -2,47 24,19
42.33 -2,48 24,91
42.37 -2,48 25,77
42.40 -2,49 26,77
42.43 -2,49 27,93
42.47 -2,49 29,22
42.50 -2,49 30,66
42.53 -2,48 32,23
42.57 -2,34 33,81
42.60 -2,20 35,54
42.63 -2,06 37,41
42.67 -1,91 39,27
42.70 -1,76 41,13
42.73 -1,62 43,00
42.77 -1,33 45,01
42.80 -1,04 47,01
42.83 -0,75 49,02
42.87 -0,46 51,03
42.90 -0,03 53,18
42.93 0,26 55,20
42.97 0,68 57,35
43.00 0,97 59,36
43.03 1,40 61,37
43.07 1,83 63,38
43.10 2,12 65,25
43.13 2,55 67,12
43.17 2,97 68,84
43.20 3,26 70,28
43.23 3,69 71,72
43.27 3,97 73,01
43.30 4,26 74,30
43.33 4,41 75,16
43.37 4,55 76,02
43.40 4,56 76,61
43.43 4,56 77,04
43.47 4,56 77,19
43.50 4,86 77,18
43.53 5,29 76,90
43.57 5,86 76,75
43.60 6,15 76,47
43.63 6,44 76,33
43.67 6,59 76,33
43.70 6,59 76,33
43.73 6,59 76,33
43.77 6,73 76,19
43.80 6,74 76,05
43.83 6,74 75,91
43.87 6,88 75,76
43.90 6,88 75,62
43.93 6,88 75,47
43.97 6,88 75,33
44.00 6,88 75,34
44.03 6,88 75,48
44.07 7,02 75,48
44.10 7,01 75,49
44.13 7,01 75,49
44.17 7,01 75,50
44.20 7,00 75,50
44.23 7,00 75,50
44.27 7,01 75,50
44.30 7,01 75,50
44.33 7,00 75,50
44.37 7,00 75,64
44.40 6,85 75,65
44.43 6,71 75,79
44.47 6,58 75,79
44.50 6,57 75,79
44.53 6,43 75,93
44.57 6,43 75,93
44.60 6,29 75,93
44.63 6,29 76,06
44.67 6,29 76,07
44.70 6,15 76,21
44.73 6,01 76,36
44.77 6,00 76,36
44.80 5,86 76,37
44.83 5,71 76,37
44.87 5,43 76,22
44.90 5,29 76,07
44.93 5,00 75,78
44.97 4,72 75,35
45.00 4,57 75,06
45.03 4,28 74,63
45.07 3,85 74,05
45.10 3,56 73,48
45.13 3,27 72,91
45.17 2,85 72,19
45.20 2,57 71,48
45.23 2,28 70,76
45.27 2,14 70,04
45.30 1,85 69,18
45.33 1,70 68,31
45.37 1,56 67,31
45.40 1,41 66,45
45.43 1,28 65,45
45.47 1,28 64,45
45.50 1,27 63,58
45.53 1,27 62,57
45.57 1,13 61,43
45.60 1,14 60,42
45.63 1,14 59,28
45.67 1,14 58,27
45.70 1,14 57,26
45.73 1,00 56,12
45.77 1,01 55,12
45.80 1,00 53,97
45.83 0,86 52,83
45.87 0,86 51,82
45.90 0,72 50,67
45.93 0,58 49,53
45.97 0,58 48,52
46.00 0,44 47,51
46.03 0,30 46,51
46.07 0,15 45,50
46.10 0,01 44,50
46.13 -0,13 43,64
46.17 -0,28 42,78
46.20 -0,56 41,77
46.23 -0,70 40,76
46.27 -0,85 39,76
46.30 -0,99 38,75
46.33 -1,14 37,75
46.37 -1,28 36,74
46.40 -1,42 35,74
46.43 -1,56 34,88
46.47 -1,70 33,88
46.50 -1,71 33,01
46.53 -1,85 32,01
46.57 -1,99 31,01
46.60 -2,00 30,14
46.63 -2,00 29,28
46.67 -2,01 28,43
46.70 -2,15 27,71
46.73 -2,14 27,00
46.77 -2,15 26,28
46.80 -2,15 25,70
46.83 -2,15 25,70
46.87 -2,15 24,99
46.90 -2,16 24,42
46.93 -2,16 23,99
46.97 -2,16 23,57
47.00 -2,17 23,28
47.03 -2,17 22,99
47.07 -2,17 22,56
47.10 -2,17 22,42
47.13 -2,17 22,27
47.17 -2,17 22,13
47.20 -2,17 22,13
47.23 -2,16 22,28
47.27 -2,16 22,57
47.30 -2,02 23,00
47.33 -2,02 23,72
47.37 -2,03 24,58
47.40 -2,02 25,59
47.43 -2,02 26,73
47.47 -1,88 28,02
47.50 -1,88 29,32
47.53 -1,88 30,76
47.57 -1,74 32,19
47.60 -1,74 33,63
47.63 -1,59 35,21
47.67 -1,45 36,79
47.70 -1,31 38,37
47.73 -1,16 39,95
47.77 -1,02 41,53
47.80 -0,87 43,11
47.83 -0,72 44,69
47.87 -0,44 46,28
47.90 -0,29 48,00
47.93 -0,01 49,72
47.97 0,14 51,44
48.00 0,42 53,16
48.03 0,70 54,88
48.07 0,85 56,46
48.10 1,13 58,19
48.13 1,28 59,77
48.17 1,56 61,63
48.20 1,70 63,21
48.23 1,85 64,93
48.27 1,99 66,51
48.30 2,14 67,95
48.33 2,28 69,39
48.37 2,28 70,83
48.40 2,42 72,11
48.43 2,42 73,40
48.47 2,41 74,41
48.50 2,27 75,41
48.53 2,12 76,13
48.57 1,83 76,84
48.60 1,69 77,28
48.63 1,68 77,57
48.67 1,83 77,57
48.70 2,26 77,43
48.73 2,54 77,28
48.77 2,69 76,99
48.80 2,83 76,99
48.83 2,83 76,98
48.87 2,82 77,12
48.90 2,82 77,12
48.93 2,82 77,13
48.97 2,81 77,13
49.00 2,81 77,12
49.03 2,82 76,84
49.07 2,96 76,69
49.10 2,96 76,55
49.13 2,96 76,40
49.17 3,10 76,26
49.20 3,11 76,26
49.23 3,25 76,12
49.27 3,25 76,12
49.30 3,26 75,97
49.33 3,40 75,83
49.37 3,39 75,70
49.40 3,39 75,69
49.43 3,25 75,55
49.47 3,26 75,54
49.50 3,26 75,54
49.53 3,26 75,53
49.57 3,26 75,52
49.60 3,27 75,52
49.63 3,27 75,51
49.67 3,27 75,50
49.70 3,26 75,50
49.73 3,12 75,51
49.77 3,13 75,65
49.80 3,12 75,80
49.83 3,12 75,94
49.87 3,12 76,09
49.90 3,12 76,23
49.93 3,12 76,37
49.97 3,12 76,37
50.00 3,26 76,51
50.03 3,26 76,51
50.07 3,26 76,51
50.10 3,26 76,51
50.13 3,26 76,37
50.17 3,26 76,36
50.20 3,11 76,08
50.23 2,97 75,79
50.27 2,82 75,51
50.30 2,54 75,22
50.33 2,25 74,78
50.37 1,96 74,21
50.40 1,67 73,78
50.43 1,24 73,06
50.47 0,81 72,49
50.50 0,38 71,76
50.53 -0,04 70,91
50.57 -0,34 70,19
50.60 -0,77 69,32
50.63 -1,06 68,46
50.67 -1,48 67,59
50.70 -1,63 66,73
50.73 -1,91 65,86
50.77 -2,05 64,86
50.80 -2,20 64,00
50.83 -2,34 62,99
50.87 -2,48 61,99
50.90 -2,62 60,84
50.93 -2,62 59,83
50.97 -2,76 58,68
51.00 -2,76 57,53
51.03 -2,77 56,38
51.07 -2,77 55,23
51.10 -2,77 54,08
51.13 -2,78 52,79
51.17 -2,77 51,65
51.20 -2,77 50,50
51.23 -2,63 49,36
51.27 -2,62 48,21
51.30 -2,48 47,06
51.33 -2,34 45,91
51.37 -2,34 44,77
51.40 -2,20 43,62
51.43 -2,20 42,47
51.47 -2,06 41,32
51.50 -2,06 40,17
51.53 -2,05 39,02
51.57 -2,05 37,88
51.60 -1,91 37,01
51.63 -1,91 36,00
51.67 -1,90 35,00
51.70 -1,76 34,15
51.73 -1,76 33,43
51.77 -1,76 32,70
51.80 -1,76 31,84
51.83 -1,62 31,12
51.87 -1,62 30,27
51.90 -1,62 29,55
51.93 -1,62 28,84
51.97 -1,61 28,26
52.00 -1,61 27,68
52.03 -1,61 27,11
52.07 -1,61 26,54
52.10 -1,62 26,11
52.13 -1,75 25,82
52.17 -1,75 25,39
52.20 -1,75 25,11
52.23 -1,76 24,82
52.27 -1,90 24,53
52.30 -1,90 24,24
52.33 -1,90 23,96
52.37 -2,04 23,81
52.40 -2,04 23,66
52.43 -2,04 23,52
52.47 -2,18 23,38
52.50 -2,18 23,38
52.53 -2,18 23,38
52.57 -2,19 23,52
52.60 -2,32 23,51
52.63 -2,32 23,51
52.67 -2,32 23,51
52.70 -2,32 23,51
52.73 -2,32 23,36
52.77 -2,32 23,22
52.80 -2,32 23,08
52.83 -2,31 23,22
52.87 -2,31 23,37
52.90 -2,31 23,80
52.93 -2,31 24,23
52.97 -2,31 24,96
53.00 -2,31 25,82
53.03 -2,32 26,83
53.07 -2,45 27,83
53.10 -2,31 28,98
53.13 -2,32 30,13
53.17 -2,32 31,42
53.20 -2,32 32,71
53.23 -2,31 34,00
53.27 -2,17 35,43
53.30 -2,03 36,73
53.33 -1,89 38,17
53.37 -1,75 39,61
53.40 -1,61 41,04
53.43 -1,47 42,48
53.47 -1,32 43,92
53.50 -1,04 45,50
53.53 -0,90 47,08
53.57 -0,75 48,66
53.60 -0,47 50,38
53.63 -0,33 51,96
53.67 -0,18 53,68
53.70 -0,03 55,26
53.73 0,25 56,99
53.77 0,39 58,71
53.80 0,53 60,29
53.83 0,67 62,01
53.87 0,81 63,59
53.90 0,95 65,17
53.93 0,95 66,75
53.97 1,09 68,19
54.00 1,09 69,62
54.03 1,09 70,92
54.07 1,09 72,07
54.10 1,08 73,21
54.13 0,94 74,21
54.17 0,79 75,07
54.20 0,51 75,78
54.23 0,37 76,50
54.27 0,22 76,93
54.30 0,22 77,22
54.33 0,50 77,36
54.37 0,93 77,35
54.40 1,36 77,20
54.43 1,65 77,06
54.47 1,80 76,92
54.50 1,80 76,93
54.53 1,80 76,94
54.57 1,80 76,94
54.60 1,94 76,94
54.63 1,94 76,66
54.67 2,09 76,51
54.70 2,09 76,23
54.73 2,23 76,09
54.77 2,24 75,80
54.80 2,24 75,66
54.83 2,38 75,51
54.87 2,38 75,37
54.90 2,38 75,24
54.93 2,38 75,23
54.97 2,52 75,09
55.00 2,52 74,95
55.03 2,52 74,95
55.07 2,52 74,81
55.10 2,53 74,81
55.13 2,67 74,81
55.17 2,67 74,81
55.20 2,81 74,95
55.23 2,82 74,95
55.27 2,96 75,09
55.30 2,96 75,08
55.33 2,96 75,08
55.37 3,11 75,07
55.40 3,11 74,94
55.43 3,25 74,94
55.47 3,25 74,94
55.50 3,24 74,94
55.53 3,24 74,94
55.57 3,24 74,94
55.60 2,95 74,80
55.63 2,81 74,79
55.67 2,66 74,65
55.70 2,51 74,51
55.73 2,37 74,36
55.77 2,09 74,22
55.80 1,66 73,93
55.83 1,39 73,65
55.87 1,11 73,37
55.90 0,96 73,08
55.93 0,66 72,79
55.97 0,37 72,35
56.00 0,09 71,91
56.03 -0,19 71,48
56.07 -0,34 70,91
56.10 -0,49 70,47
56.13 -0,63 69,89
56.17 -0,78 69,17
56.20 -0,92 68,45
56.23 -0,92 67,73
56.27 -0,91 67,01
56.30 -0,91 66,01
56.33 -0,78 65,15
56.37 -0,78 64,16
56.40 -0,77 63,16
56.43 -0,62 62,15
56.47 -0,48 61,00
56.50 -0,35 59,85
56.53 -0,35 58,71
56.57 -0,34 57,56
56.60 -0,20 56,27
56.63 -0,20 55,12
56.67 -0,06 53,83
56.70 -0,06 52,54
56.73 -0,05 51,39
56.77 0,09 50,10
56.80 0,09 48,95
56.83 0,09 47,66
56.87 0,09 46,51
56.90 -0,05 45,36
56.93 -0,05 44,07
56.97 -0,19 42,92
57.00 -0,33 41,78
57.03 -0,48 40,63
57.07 -0,62 39,62
57.10 -0,76 38,48
57.13 -0,90 37,33
57.17 -1,04 36,33
57.20 -1,18 35,33
57.23 -1,32 34,33
57.27 -1,33 33,47
57.30 -1,47 32,61
57.33 -1,61 31,74
57.37 -1,61 30,88
57.40 -1,75 30,02
57.43 -1,75 29,30
57.47 -1,75 28,44
57.50 -1,89 27,59
57.53 -1,89 26,87
57.57 -2,03 26,16
57.60 -2,03 25,58
57.63 -2,04 25,01
57.67 -2,18 24,57
57.70 -2,18 24,14
57.73 -2,32 23,71
57.77 -2,32 23,57
57.80 -2,32 23,42
57.83 -2,46 23,28
57.87 -2,45 23,13
57.90 -2,46 22,99
57.93 -2,46 22,99
57.97 -2,60 22,84
58.00 -2,59 22,84
58.03 -2,59 22,83
58.07 -2,59 22,83
58.10 -2,58 22,69
58.13 -2,58 22,69
58.17 -2,58 22,70
58.20 -2,58 22,69
58.23 -2,57 22,69
58.27 -2,57 22,70
58.30 -2,56 22,98
58.33 -2,56 23,27
58.37 -2,56 23,70
58.40 -2,56 24,28
58.43 -2,56 24,86
58.47 -2,70 25,72
58.50 -2,70 26,57
58.53 -2,70 27,44
58.57 -2,71 28,44
58.60 -2,71 29,59
58.63 -2,72 30,74
58.67 -2,72 31,89
58.70 -2,72 33,03
58.73 -2,72 34,18
58.77 -2,71 35,33
58.80 -2,57 36,62
58.83 -2,57 37,91
58.87 -2,57 39,20
58.90 -2,43 40,50
58.93 -2,43 41,93
58.97 -2,42 43,36
59.00 -2,29 44,79
59.03 -2,29 46,23
59.07 -2,29 47,81
59.10 -2,15 49,54
59.13 -2,15 51,25
59.17 -2,14 52,97
59.20 -2,14 54,70
59.23 -1,99 56,56
59.27 -1,85 58,28
59.30 -1,70 60,01
59.33 -1,56 61,73
59.37 -1,28 63,45
59.40 -0,99 65,04
59.43 -0,85 66,61
59.47 -0,56 68,05
59.50 -0,27 69,49
59.53 0,01 70,92
59.57 0,16 72,22
59.60 0,45 73,50
59.63 0,59 74,65
59.67 0,73 75,66
59.70 0,74 76,52
59.73 0,88 77,24
59.77 1,03 77,67
59.80 1,31 77,96
59.83 1,73 77,96
59.87 2,17 77,81
59.90 2,60 77,68
59.93 3,04 77,68
59.97 3,33 77,82
60.00 3,48 77,95
60.03 3,63 78,09
60.07 3,78 78,09
60.10 3,78 78,23
60.13 3,92 78,22
60.17 3,92 78,08
60.20 3,92 77,93
60.23 3,92 77,78
60.27 3,92 77,50
60.30 3,92 77,35
60.33 3,78 77,20
60.37 3,78 76,92
60.40 3,64 76,64
60.43 3,64 76,49
60.47 3,64 76,20
60.50 3,49 75,91
60.53 3,49 75,63
60.57 3,34 75,34
60.60 3,34 75,20
60.63 3,19 74,92
60.67 3,05 74,77
60.70 3,05 74,62
60.73 2,91 74,34
60.77 2,77 74,20
60.80 2,77 74,05
60.83 2,76 73,91
60.87 2,62 73,77
60.90 2,62 73,76
60.93 2,62 73,75
60.97 2,48 73,75
61.00 2,48 73,76
61.03 2,48 73,90
61.07 2,48 74,05
61.10 2,47 74,19
61.13 2,33 74,33
61.17 2,34 74,34
61.20 2,34 74,48
61.23 2,35 74,62
61.27 2,49 74,77
61.30 2,49 74,91
61.33 2,50 75,06
61.37 2,64 75,35
61.40 2,78 75,63
61.43 2,78 75,78
61.47 2,93 76,06
61.50 3,07 76,20
61.53 3,07 76,33
61.57 3,21 76,33
61.60 3,21 76,33
61.63 3,21 76,33
61.67 3,21 76,19
61.70 3,08 76,05
61.73 3,07 75,91
61.77 2,93 75,77
61.80 2,79 75,48
61.83 2,65 75,20
61.87 2,51 74,90
61.90 2,36 74,47
61.93 2,08 74,03
61.97 1,80 73,46
62.00 1,51 72,89
62.03 1,22 72,31
62.07 0,95 71,59
62.10 0,80 70,88
62.13 0,52 70,29
62.17 0,37 69,44
62.20 0,22 68,73
62.23 -0,06 67,87
62.27 -0,20 67,00
62.30 -0,34 66,00
62.33 -0,47 64,99
62.37 -0,48 63,98
62.40 -0,62 62,83
62.43 -0,62 61,68
62.47 -0,63 60,68
62.50 -0,77 59,67
62.53 -0,78 58,67
62.57 -0,92 57,66
62.60 -0,93 56,66
62.63 -1,07 55,65
62.67 -1,21 54,64
62.70 -1,35 53,49
62.73 -1,49 52,48
62.77 -1,49 51,33
62.80 -1,64 50,33
62.83 -1,78 49,32
62.87 -1,78 48,32
62.90 -1,93 47,32
62.93 -2,06 46,46
62.97 -2,06 45,59
63.00 -2,20 44,59
63.03 -2,21 43,73
63.07 -2,22 42,86
63.10 -2,36 41,86
63.13 -2,50 41,00
63.17 -2,49 40,14
63.20 -2,50 39,28
63.23 -2,64 38,42
63.27 -2,63 37,70
63.30 -2,63 36,84
63.33 -2,62 36,12
63.37 -2,62 35,41
63.40 -2,48 34,70
63.43 -2,48 34,12
63.47 -2,34 33,40
63.50 -2,33 32,68
63.53 -2,19 32,11
63.57 -2,19 31,40
63.60 -2,18 30,83
63.63 -2,04 30,25
63.67 -2,04 29,82
63.70 -2,04 29,25
63.73 -2,04 28,82
63.77 -2,04 28,25
63.80 -2,04 27,81
63.83 -2,03 27,24
63.87 -2,03 26,81
63.90 -2,03 26,24
63.93 -1,89 25,81
63.97 -1,89 25,37
64.00 -1,88 24,95
64.03 -1,74 24,66
64.07 -1,74 24,37
64.10 -1,74 24,09
64.13 -1,74 23,65
64.17 -1,60 23,37
64.20 -1,60 23,23
64.23 -1,60 23,09
64.27 -1,60 22,94
64.30 -1,60 22,94
64.33 -1,60 22,93
64.37 -1,59 22,94
64.40 -1,59 23,22
64.43 -1,45 23,52
64.47 -1,45 24,09
64.50 -1,45 24,66
64.53 -1,45 25,38
64.57 -1,31 26,10
64.60 -1,30 26,97
64.63 -1,16 27,98
64.67 -1,02 28,98
64.70 -1,02 28,98
64.73 -0,88 30,13
64.77 -0,87 31,13
64.80 -0,73 32,42
64.83 -0,58 33,71
64.87 -0,44 35,00
64.90 -0,30 36,29
64.93 -0,16 37,73
64.97 -0,02 39,02
65.00 -0,02 40,45
65.03 -0,02 41,74
65.07 -0,01 43,04
65.10 0,13 44,48
65.13 0,12 45,77
65.17 0,13 47,21
65.20 0,13 48,64
65.23 0,27 50,08
65.27 0,27 51,66
65.30 0,26 53,10
65.33 0,26 54,68
65.37 0,25 56,41
65.40 0,11 58,27
65.43 0,11 60,13
65.47 0,11 61,99
65.50 0,10 63,72
65.53 0,10 65,45
65.57 0,10 67,17
65.60 0,10 68,74
65.63 0,10 70,18
65.67 0,10 71,61
65.70 0,10 72,91
65.73 0,10 74,05
65.77 0,24 75,06
65.80 0,39 75,77
65.83 0,82 76,20
65.87 1,24 76,34
65.90 1,67 76,20
65.93 2,10 75,92
65.97 2,52 75,77
66.00 2,81 75,48
66.03 2,95 75,34
66.07 3,24 75,19
66.10 3,52 75,05
66.13 3,81 74,91
66.17 4,38 74,76
66.20 4,96 74,47
66.23 5,67 74,33
66.27 6,39 74,19
66.30 7,24 74,18
66.33 8,39 74,03
66.37 9,54 73,61
66.40 10,69 73,32
66.43 11,84 73,18
66.47 12,70 73,03
66.50 13,57 72,89
66.53 14,58 72,89
66.57 15,87 73,18
66.60 17,45 73,46
66.63 19,03 73,88
66.67 20,47 74,46
66.70 22,05 75,03
66.73 23,63 75,61
66.77 25,21 76,61
66.80 26,79 77,76
66.83 28,65 79,04
66.87 30,66 80,05
66.90 32,53 80,76
66.93 34,26 81,19
66.97 35,69 81,33
67.00 36,98 81,33
67.03 38,13 80,90
67.07 38,99 80,19
67.10 40,14 79,33
67.13 41,72 78,61
67.17 43,45 77,89
67.20 45,02 77,32
67.23 46,75 76,88
67.27 48,47 76,59
67.30 50,19 76,58
67.33 52,06 76,87
67.37 53,92 77,60
67.40 55,65 78,46
67.43 57,66 79,32
67.47 59,52 79,61
67.50 61,25 79,76
67.53 62,68 79,91
67.57 63,83 80,05
67.60 64,83 79,90
67.63 65,55 79,47
67.67 66,27 79,33
67.70 67,13 79,61
67.73 67,71 80,04
67.77 68,13 80,47
67.80 68,56 80,62
67.83 68,84 80,62
67.87 69,13 80,48
67.90 69,56 80,19
67.93 69,85 79,76
67.97 70,28 79,34
68.00 70,64 79,05
68.03 70,58 78,62
68.07 70,15 78,61
68.10 69,72 78,61
68.13 69,29 78,46
68.17 68,85 78,32
68.20 68,43 78,04
68.23 67,85 77,89
68.27 67,28 77,46
68.30 66,71 77,18
68.33 66,28 76,75
68.37 65,84 76,32
68.40 65,28 75,89
68.43 64,98 75,60
68.47 64,56 75,31
68.50 64,27 75,31
68.53 63,84 75,31
68.57 63,56 75,59
68.60 63,42 76,02
68.63 63,14 76,45
68.67 63,28 77,02
68.70 63,42 77,60
68.73 63,70 78,17
68.77 64,13 78,74
68.80 64,70 79,32
68.83 65,14 79,61
68.87 65,86 79,89
68.90 66,72 80,18
68.93 67,58 80,32
68.97 68,02 80,46
69.00 67,45 80,46
69.03 67,31 80,46
69.07 67,31 80,46
69.10 67,17 80,31
69.13 67,16 80,17
69.17 67,03 80,03
69.20 67,03 80,17
69.23 67,17 80,46
69.27 67,31 81,04
69.30 67,46 81,76
69.33 67,89 82,77
69.37 68,32 83,78
69.40 68,89 84,79
69.43 69,47 85,65
69.47 70,19 86,09
69.50 70,55 86,23
69.53 70,55 86,23
69.57 70,55 86,23
69.60 70,55 86,23
69.63 70,55 86,23
69.67 70,55 86,23
69.70 70,55 86,23
69.73 70,55 86,23
69.77 70,55 86,23
69.80 70,55 86,23
69.83 70,55 86,23
69.87 70,55 86,23
69.90 70,55 86,23
69.93 70,55 86,23
69.97 70,55 86,23
70.00 70,55 86,23
70.03 70,55 86,23
70.07 70,55 86,23
70.10 70,55 86,23
70.13 70,55 86,23
70.17 70,55 86,23
70.20 70,55 86,23
70.23 70,55 86,23
70.27 70,55 86,23
70.30 70,55 86,23
70.33 70,55 86,23
70.37 70,55 86,23
70.40 70,55 86,23
70.43 70,55 86,23
70.47 70,55 86,23
70.50 70,55 86,23
70.53 70,55 86,23
70.57 70,55 86,23
70.60 70,55 86,23
70.63 70,55 86,23
70.67 70,55 86,23
70.70 70,55 86,23
70.73 70,55 86,23
70.77 70,55 86,23
70.80 70,55 86,23
70.83 70,55 86,23
70.87 70,55 86,23
70.90 70,55 86,23
70.93 70,55 86,23
70.97 70,55 86,23
71.00 70,55 86,23
71.03 70,55 86,23
71.07 70,55 86,23
71.10 70,55 86,23
71.13 70,55 86,23
71.17 70,55 86,23
71.20 70,55 86,23
71.23 70,55 86,23
71.27 70,55 86,23
71.30 70,55 86,23
71.33 70,55 86,23
71.37 70,55 86,23
