#Kinovea Trajectory data export
#T X Y
# Trajectory 1
2.33 44,37 70,72
2.37 43,51 70,48
2.40 42,42 70,11
2.43 41,44 70,11
2.47 40,34 70,23
2.50 39,11 70,36
2.53 37,89 70,60
2.57 36,79 70,85
2.60 36,06 71,09
2.63 35,57 71,34
2.67 35,09 71,46
2.70 34,72 71,70
2.73 34,23 71,95
2.77 33,74 72,19
2.80 33,26 72,56
2.83 32,77 72,93
2.87 32,28 73,41
2.90 31,79 73,90
2.93 31,30 74,51
2.97 30,69 75,12
3.00 30,32 75,73
3.03 29,83 76,34
3.07 29,35 76,83
3.10 28,86 77,32
3.13 28,49 77,81
3.17 28,00 78,18
3.20 27,52 78,66
3.23 27,15 79,03
3.27 26,66 79,52
3.30 26,17 80,01
3.33 25,68 80,37
3.37 25,19 80,62
3.40 24,70 80,74
3.43 24,46 80,74
3.47 24,21 80,62
3.50 23,97 80,25
3.53 23,72 79,89
3.57 23,48 79,40
3.60 23,36 79,03
3.63 23,23 78,54
3.67 23,11 78,06
3.70 23,11 77,57
3.73 23,11 77,08
3.77 22,99 76,47
3.80 22,99 75,98
3.83 23,11 75,61
3.87 23,11 75,24
3.90 23,11 74,76
3.93 23,35 74,39
3.97 23,59 73,90
4.00 23,72 73,66
4.03 23,96 73,41
4.07 24,08 73,17
4.10 24,21 72,92
4.13 24,45 72,93
4.17 24,57 73,05
4.20 24,70 73,41
4.23 24,70 73,66
4.27 24,69 73,90
4.30 24,57 73,90
4.33 24,57 74,03
4.37 24,70 74,27
4.40 24,70 74,39
4.43 24,82 74,76
4.47 24,82 75,12
4.50 24,94 75,49
4.53 24,94 75,98
4.57 24,94 76,47
4.60 24,94 76,96
4.63 24,93 77,45
4.67 24,93 77,81
4.70 25,05 77,94
4.73 25,05 78,06
4.77 24,93 77,94
4.80 24,93 77,94
4.83 24,81 77,94
4.87 24,68 77,69
4.90 24,56 77,57
4.93 24,44 77,33
4.97 24,44 77,08
5.00 24,44 76,84
5.03 24,44 76,47
5.07 24,31 76,23
5.10 24,31 76,11
5.13 24,43 75,86
5.17 24,43 75,74
5.20 24,55 75,49
5.23 24,56 75,25
5.27 24,56 75,13
5.30 24,56 75,13
5.33 24,44 75,13
5.37 24,31 75,37
5.40 24,19 75,62
5.43 24,07 75,86
5.47 23,95 75,98
5.50 23,95 76,10
5.53 23,83 76,10
5.57 23,71 76,10
5.60 23,70 76,10
5.63 23,58 76,23
5.67 23,46 76,35
5.70 23,46 76,47
5.73 23,34 76,71
5.77 23,34 76,84
5.80 23,34 77,08
5.83 23,34 77,20
5.87 23,34 77,32
5.90 23,46 77,33
5.93 23,58 77,45
5.97 23,70 77,45
6.00 23,70 77,32
6.03 23,82 77,32
6.07 23,95 77,20
6.10 24,07 77,08
6.13 24,07 77,08
6.17 24,19 76,96
6.20 24,31 76,96
6.23 24,31 76,96
6.27 24,44 76,96
6.30 24,56 76,96
6.33 24,68 77,08
6.37 24,68 77,20
6.40 24,68 77,20
6.43 24,56 77,08
6.47 24,31 76,96
6.50 24,19 76,83
6.53 23,95 76,71
6.57 23,70 76,59
6.60 23,58 76,59
6.63 23,46 76,59
6.67 23,33 76,58
6.70 23,21 76,46
6.73 23,09 76,46
6.77 23,21 76,22
6.80 23,21 75,97
6.83 23,34 75,73
6.87 23,46 75,49
6.90 23,58 75,49
6.93 23,58 75,49
6.97 23,58 75,61
7.00 23,58 75,73
7.03 23,58 75,85
7.07 23,58 75,85
7.10 23,58 75,73
7.13 23,70 75,73
7.17 23,70 75,73
7.20 23,82 75,73
7.23 23,83 75,73
7.27 23,95 75,73
7.30 24,07 75,73
7.33 24,19 75,73
7.37 24,31 75,85
7.40 24,31 75,85
7.43 24,44 75,85
7.47 24,56 75,85
7.50 24,56 75,85
7.53 24,68 75,85
7.57 24,68 75,85
7.60 24,68 75,85
7.63 24,68 75,73
7.67 24,80 75,73
7.70 24,80 75,73
7.73 24,80 75,61
7.77 24,92 75,61
7.80 24,92 75,49
7.83 24,92 75,48
7.87 25,05 75,36
7.90 25,05 75,24
7.93 25,05 75,12
7.97 25,17 75,12
8.00 25,17 75,12
8.03 25,17 75,12
8.07 25,17 75,12
8.10 25,29 75,12
8.13 25,29 75,24
8.17 25,41 75,24
8.20 25,53 75,36
8.23 25,65 75,36
8.27 25,77 75,36
8.30 25,89 75,49
8.33 26,02 75,49
8.37 26,14 75,61
8.40 26,26 75,61
8.43 26,26 75,61
8.47 26,38 75,49
8.50 26,38 75,36
8.53 26,38 75,36
8.57 26,38 75,36
8.60 26,38 75,36
8.63 26,38 75,49
8.67 26,38 75,49
8.70 26,26 75,49
8.73 26,26 75,49
8.77 26,01 75,00
8.80 25,89 74,75
8.83 25,65 74,39
8.87 25,52 73,90
8.90 25,28 73,41
8.93 25,03 72,92
8.97 24,67 72,31
9.00 24,42 71,70
9.03 24,06 71,21
9.07 23,81 70,48
9.10 23,57 69,87
9.13 23,20 69,14
9.17 22,96 68,28
9.20 22,71 67,43
9.23 22,47 66,57
9.27 22,23 65,60
9.30 22,10 64,50
9.33 21,86 63,40
9.37 21,74 62,30
9.40 21,49 61,20
9.43 21,37 59,98
9.47 21,25 58,76
9.50 21,13 57,41
9.53 21,01 56,19
9.57 21,01 54,85
9.60 20,88 53,50
9.63 20,76 52,04
9.67 20,76 50,70
9.70 20,64 49,23
9.73 20,64 48,01
9.77 20,64 46,67
9.80 20,52 45,32
9.83 20,52 43,98
9.87 20,40 42,76
9.90 20,40 41,54
9.93 20,28 40,44
9.97 20,28 39,34
10.00 20,16 38,12
10.03 20,04 37,02
10.07 20,03 36,04
10.10 19,91 35,07
10.13 19,79 34,21
10.17 19,67 33,35
10.20 19,55 32,50
10.23 19,43 31,77
10.27 19,31 31,04
10.30 19,19 30,43
10.33 19,06 29,82
10.37 18,94 29,20
10.40 18,70 28,59
10.43 18,58 28,10
10.47 18,46 27,62
10.50 18,34 27,25
10.53 18,22 26,88
10.57 18,09 26,51
10.60 17,85 26,15
10.63 17,72 26,03
10.67 17,60 25,91
10.70 17,36 25,79
10.73 17,23 25,67
10.77 16,99 25,67
10.80 16,87 25,67
10.83 16,63 25,79
10.87 16,39 25,90
10.90 16,15 26,03
10.93 16,02 26,39
10.97 15,78 26,76
11.00 15,53 27,37
11.03 15,29 28,23
11.07 15,17 29,33
11.10 14,92 30,43
11.13 14,68 31,77
11.17 14,56 33,24
11.20 14,31 34,95
11.23 14,19 36,78
11.27 13,94 38,74
11.30 13,82 40,69
11.33 13,70 42,77
11.37 13,58 45,09
11.40 13,46 47,41
11.43 13,46 49,85
11.47 13,46 52,29
11.50 13,34 54,74
11.53 13,34 57,18
11.57 13,34 59,62
11.60 13,47 62,06
11.63 13,59 64,51
11.67 13,71 66,83
11.70 13,96 69,03
11.73 14,20 71,10
11.77 14,44 72,81
11.80 14,68 74,40
11.83 14,93 75,74
11.87 15,17 76,72
11.90 15,29 77,21
11.93 15,42 77,33
11.97 15,78 77,21
12.00 16,27 76,84
12.03 16,64 76,35
12.07 16,88 75,99
12.10 17,01 75,87
12.13 17,01 75,87
12.17 16,88 75,87
12.20 16,76 75,74
12.23 16,76 75,74
12.27 16,76 75,74
12.30 16,77 75,50
12.33 16,89 75,38
12.37 16,88 75,13
12.40 16,76 74,77
12.43 16,76 74,65
12.47 16,63 74,40
12.50 16,39 74,03
12.53 16,27 73,67
12.57 16,02 73,18
12.60 15,77 72,69
12.63 15,53 71,96
12.67 15,40 71,22
12.70 15,16 70,49
12.73 14,91 69,64
12.77 14,67 68,66
12.80 14,55 67,93
12.83 14,43 66,83
12.87 14,43 65,85
12.90 14,30 64,51
12.93 14,31 63,29
12.97 14,31 62,06
13.00 14,31 60,72
13.03 14,31 59,26
13.07 14,44 57,91
13.10 14,56 56,57
13.13 14,68 55,10
13.17 14,93 53,76
13.20 15,05 52,30
13.23 15,17 50,83
13.27 15,29 49,24
13.30 15,42 47,66
13.33 15,54 46,19
13.37 15,66 44,72
13.40 15,79 43,26
13.43 15,91 41,79
13.47 15,91 40,45
13.50 16,03 39,23
13.53 16,03 37,88
13.57 16,02 36,54
13.60 16,02 35,44
13.63 15,90 34,34
13.67 15,90 33,24
13.70 15,78 32,26
13.73 15,66 31,41
13.77 15,54 30,43
13.80 15,42 29,70
13.83 15,30 28,96
13.87 15,17 28,35
13.90 14,93 27,62
13.93 14,81 27,13
13.97 14,69 26,64
14.00 14,44 26,27
14.03 14,32 26,03
14.07 14,08 25,78
14.10 13,96 25,54
14.13 13,83 25,42
14.17 13,71 25,30
14.20 13,59 25,18
14.23 13,46 25,06
14.27 13,46 25,06
14.30 13,34 25,06
14.33 13,33 24,94
14.37 13,22 24,93
14.40 13,21 25,17
14.43 13,09 25,42
14.47 13,09 26,03
14.50 12,97 26,64
14.53 12,97 27,61
14.57 12,85 28,59
14.60 12,84 29,94
14.63 12,72 31,40
14.67 12,60 32,99
14.70 12,60 34,70
14.73 12,48 36,65
14.77 12,48 38,73
14.80 12,60 40,93
14.83 12,60 43,25
14.87 12,60 45,45
14.90 12,73 48,01
14.93 12,85 50,46
14.97 13,09 53,02
15.00 13,22 55,46
15.03 13,46 58,03
15.07 13,70 60,47
15.10 13,94 63,04
15.13 14,19 65,36
15.17 14,55 67,80
15.20 14,91 70,00
15.23 15,16 71,95
15.27 15,52 73,91
15.30 15,89 75,50
15.33 16,13 76,60
15.37 16,37 77,33
15.40 16,74 77,69
15.43 17,10 77,57
15.47 17,71 77,21
15.50 18,20 76,72
15.53 18,69 76,35
15.57 18,93 76,11
15.60 18,94 76,11
15.63 18,94 76,23
15.67 18,93 76,47
15.70 18,81 76,59
15.73 18,81 76,72
15.77 18,94 76,72
15.80 18,94 76,47
15.83 19,06 76,23
15.87 18,94 75,86
15.90 18,82 75,62
15.93 18,69 75,25
15.97 18,45 74,89
16.00 18,08 74,40
16.03 17,71 73,91
16.07 17,35 73,30
16.10 16,98 72,56
16.13 16,62 71,71
16.17 16,37 70,85
16.20 16,01 69,75
16.23 15,76 68,66
16.27 15,64 67,56
16.30 15,40 66,34
16.33 15,39 65,11
16.37 15,39 63,65
16.40 15,39 62,18
16.43 15,39 60,47
16.47 15,52 58,88
16.50 15,64 57,29
16.53 15,88 55,59
16.57 16,01 53,88
16.60 16,25 52,16
16.63 16,38 50,33
16.67 16,62 48,62
16.70 16,86 46,91
16.73 16,99 45,20
16.77 17,23 43,61
16.80 17,36 42,03
16.83 17,48 40,44
16.87 17,61 38,97
16.90 17,60 37,63
16.93 17,85 36,16
16.97 17,85 34,70
17.00 17,85 33,35
17.03 17,85 32,01
17.07 17,84 30,91
17.10 17,72 29,57
17.13 17,60 28,47
17.17 17,48 27,37
17.20 17,24 26,40
17.23 17,12 25,54
17.27 17,00 24,81
17.30 16,88 24,20
17.33 16,63 23,59
17.37 16,51 23,10
17.40 16,39 22,85
17.43 16,14 22,49
17.47 16,02 22,24
17.50 15,90 22,24
17.53 15,77 22,12
17.57 15,65 22,00
17.60 15,53 22,00
17.63 15,40 22,01
17.67 15,40 22,01
17.70 15,28 22,01
17.73 15,28 22,01
17.77 15,16 22,13
17.80 15,15 22,50
17.83 15,03 22,87
17.87 14,91 23,48
17.90 14,91 24,46
17.93 14,78 25,43
17.97 14,66 26,66
18.00 14,54 28,12
18.03 14,54 29,71
18.07 14,42 31,42
18.10 14,42 33,25
18.13 14,42 35,21
18.17 14,42 37,28
18.20 14,42 39,36
18.23 14,42 41,56
18.27 14,42 43,88
18.30 14,54 46,32
18.33 14,67 48,64
18.37 14,79 51,09
18.40 15,03 53,77
18.43 15,15 56,22
18.47 15,39 58,78
18.50 15,52 61,23
18.53 15,76 63,67
18.57 16,01 65,99
18.60 16,25 68,19
18.63 16,50 70,14
18.67 16,74 71,98
18.70 16,98 73,56
18.73 17,11 74,66
18.77 17,35 75,64
18.80 17,47 76,13
18.83 17,71 76,25
18.87 18,08 76,00
18.90 18,44 75,51
18.93 18,81 75,03
18.97 19,05 74,78
19.00 19,05 74,54
19.03 19,17 74,54
19.07 19,17 74,66
19.10 19,05 74,66
19.13 19,05 74,67
19.17 19,05 74,67
19.20 19,05 74,54
19.23 19,05 74,30
19.27 18,93 73,93
19.30 18,92 73,56
19.33 18,80 73,20
19.37 18,55 72,71
19.40 18,31 72,10
19.43 18,06 71,49
19.47 17,69 70,63
19.50 17,33 69,65
19.53 16,96 68,55
19.57 16,72 67,45
19.60 16,35 66,35
19.63 15,99 65,01
19.67 15,75 63,79
19.70 15,50 62,44
19.73 15,38 61,10
19.77 15,14 59,39
19.80 15,14 57,92
19.83 15,01 56,22
19.87 15,01 54,63
19.90 14,89 52,80
19.93 14,89 51,21
19.97 14,90 49,50
20.00 15,02 47,91
20.03 15,02 46,32
20.07 15,15 44,73
20.10 15,27 43,15
20.13 15,39 41,56
20.17 15,51 40,09
20.20 15,63 38,63
20.23 15,75 37,28
20.27 15,87 35,94
20.30 15,87 34,59
20.33 15,99 33,49
20.37 16,11 32,40
20.40 16,11 31,30
20.43 16,12 30,32
20.47 16,24 29,59
20.50 16,23 28,85
20.53 16,11 28,00
20.57 16,11 27,39
20.60 15,99 26,90
20.63 16,00 26,53
20.67 15,88 26,04
20.70 15,88 25,80
20.73 15,76 25,55
20.77 15,64 25,31
20.80 15,64 25,30
20.83 15,52 25,18
20.87 15,39 25,18
20.90 15,27 25,06
20.93 15,14 24,94
20.97 15,02 24,94
21.00 14,90 24,94
21.03 14,78 25,06
21.07 14,54 25,30
21.10 14,42 25,79
21.13 14,30 26,40
21.17 14,17 27,25
21.20 13,93 28,11
21.23 13,81 29,33
21.27 13,69 30,67
21.30 13,56 32,14
21.33 13,44 33,73
21.37 13,32 35,43
21.40 13,32 37,27
21.43 13,20 39,10
21.47 13,20 41,05
21.50 13,20 43,13
21.53 13,20 45,09
21.57 13,32 47,28
21.60 13,32 49,36
21.63 13,44 51,56
21.67 13,56 53,63
21.70 13,69 55,83
21.73 13,81 57,91
21.77 13,94 59,98
21.80 14,18 62,06
21.83 14,30 64,01
21.87 14,54 65,97
21.90 14,66 67,68
21.93 14,90 69,51
21.97 15,02 70,85
22.00 15,15 72,08
22.03 15,27 73,18
22.07 15,39 74,15
22.10 15,40 74,88
22.13 15,40 75,49
22.17 15,40 75,86
22.20 15,40 76,11
22.23 15,64 75,98
22.27 16,01 75,74
22.30 16,37 75,50
22.33 16,62 75,13
22.37 16,86 75,01
22.40 16,99 74,89
22.43 16,99 74,89
22.47 16,99 75,01
22.50 16,86 75,01
22.53 16,75 75,01
22.57 16,75 74,88
22.60 16,75 74,76
22.63 16,87 74,64
22.67 16,99 74,52
22.70 17,11 74,52
22.73 17,23 74,52
22.77 17,35 74,52
22.80 17,35 74,52
22.83 17,47 74,64
22.87 17,59 74,64
22.90 17,59 74,64
22.93 17,71 74,76
22.97 17,71 74,64
23.00 17,71 74,64
23.03 17,83 74,76
23.07 17,83 74,88
23.10 17,83 74,89
23.13 17,83 75,01
23.17 17,95 75,13
23.20 17,95 75,25
23.23 18,07 75,37
23.27 18,07 75,49
23.30 18,19 75,49
23.33 18,19 75,50
23.37 18,19 75,50
23.40 18,19 75,38
23.43 18,19 75,14
23.47 18,07 74,89
23.50 17,83 74,40
23.53 17,70 73,91
23.57 17,45 73,30
23.60 17,09 72,57
23.63 16,72 71,72
23.67 16,48 70,86
23.70 16,11 69,76
23.73 15,74 68,54
23.77 15,38 67,44
23.80 15,13 66,22
23.83 14,77 64,76
23.87 14,53 63,41
23.90 14,28 61,95
23.93 14,16 60,36
23.97 14,04 58,77
24.00 13,91 57,06
24.03 13,79 55,23
24.07 13,67 53,40
24.10 13,67 51,69
24.13 13,67 49,98
24.17 13,67 48,27
24.20 13,67 46,56
24.23 13,79 44,85
24.27 13,79 43,26
24.30 13,91 41,92
24.33 13,91 40,45
24.37 14,04 38,99
24.40 14,16 37,77
24.43 14,16 36,54
24.47 14,29 35,32
24.50 14,41 34,10
24.53 14,41 32,88
24.57 14,41 31,90
24.60 14,41 30,93
24.63 14,41 30,07
24.67 14,42 29,22
24.70 14,54 28,73
24.73 14,53 28,12
24.77 14,42 27,50
24.80 14,42 27,02
24.83 14,42 26,77
24.87 14,41 26,53
24.90 14,29 26,16
24.93 14,29 26,16
24.97 14,29 26,15
25.00 14,28 26,15
25.03 14,16 26,03
25.07 14,16 25,91
25.10 14,16 25,91
25.13 14,16 25,78
25.17 14,15 25,66
25.20 14,15 25,66
25.23 14,03 25,90
25.27 14,03 26,28
25.30 14,03 27,00
25.33 13,90 27,74
25.37 13,78 28,84
25.40 13,78 30,18
25.43 13,65 31,65
25.47 13,53 33,24
25.50 13,41 34,95
25.53 13,41 36,90
25.57 13,41 38,98
25.60 13,41 41,05
25.63 13,53 43,38
25.67 13,53 45,57
25.70 13,66 47,89
25.73 13,90 50,34
25.77 14,02 52,66
25.80 14,26 55,10
25.83 14,50 57,42
25.87 14,75 59,74
25.90 14,99 62,06
25.93 15,36 64,38
25.97 15,73 66,46
26.00 16,09 68,29
26.03 16,34 69,88
26.07 16,70 71,47
26.10 16,95 72,69
26.13 17,31 73,91
26.17 17,56 74,64
26.20 17,68 75,13
26.23 17,81 75,25
26.27 18,05 75,13
26.30 18,30 74,64
26.33 18,79 74,28
26.37 19,15 73,91
26.40 19,40 73,66
26.43 19,64 73,66
26.47 19,88 73,66
26.50 20,00 73,78
26.53 20,12 73,91
26.57 20,24 73,91
26.60 20,36 73,91
26.63 20,37 73,79
26.67 20,49 73,66
26.70 20,61 73,54
26.73 20,61 73,42
26.77 20,60 73,18
26.80 20,48 72,93
26.83 20,48 72,81
26.87 20,36 72,44
26.90 20,24 72,08
26.93 20,12 71,47
26.97 19,87 70,74
27.00 19,75 70,00
27.03 19,51 68,90
27.07 19,38 67,93
27.10 19,26 66,83
27.13 19,14 65,61
27.17 19,02 64,39
27.20 19,02 63,04
27.23 19,02 61,58
27.27 19,02 59,99
27.30 19,14 58,28
27.33 19,26 56,57
27.37 19,26 54,74
27.40 19,39 53,03
27.43 19,51 51,32
27.47 19,63 49,49
27.50 19,76 47,90
27.53 19,88 46,19
27.57 20,00 44,48
27.60 20,13 42,89
27.63 20,25 41,43
27.67 20,25 39,96
27.70 20,37 38,49
27.73 20,37 37,03
27.77 20,25 35,68
27.80 20,25 34,46
27.83 20,13 33,12
27.87 20,01 32,02
27.90 19,89 30,92
27.93 19,77 29,94
27.97 19,52 28,97
28.00 19,40 28,23
28.03 19,15 27,38
28.07 18,91 26,52
28.10 18,66 25,91
28.13 18,42 25,30
28.17 18,30 24,81
28.20 18,06 24,32
28.23 17,93 23,96
28.27 17,69 23,59
28.30 17,57 23,22
28.33 17,44 22,85
28.37 17,20 22,49
28.40 17,08 22,25
28.43 16,96 22,13
28.47 16,96 22,12
28.50 16,84 22,12
28.53 16,72 22,00
28.57 16,71 22,00
28.60 16,59 22,12
28.63 16,59 22,36
28.67 16,47 22,61
28.70 16,47 23,10
28.73 16,35 23,83
28.77 16,23 24,69
28.80 16,23 25,78
28.83 16,11 27,00
28.87 15,99 28,35
28.90 15,99 29,81
28.93 15,98 31,40
28.97 15,86 33,11
29.00 15,86 34,94
29.03 15,86 36,78
29.07 15,86 38,73
29.10 15,86 40,68
29.13 15,98 42,88
29.17 15,99 44,84
29.20 16,11 47,04
29.23 16,22 49,24
29.27 16,23 51,31
29.30 16,35 53,51
29.33 16,47 55,71
29.37 16,59 57,91
29.40 16,72 59,98
29.43 16,84 61,94
29.47 16,96 64,02
29.50 17,20 65,97
29.53 17,32 67,68
29.57 17,45 69,27
29.60 17,57 70,61
29.63 17,69 71,95
29.67 17,81 72,93
29.70 17,81 73,79
29.73 17,81 74,27
29.77 17,81 74,52
29.80 18,06 74,52
29.83 18,30 74,40
29.87 18,67 74,16
29.90 19,04 73,91
29.93 19,40 73,67
29.97 19,64 73,55
30.00 19,77 73,55
30.03 19,89 73,55
30.07 19,89 73,55
30.10 20,01 73,54
30.13 20,01 73,42
30.17 20,01 73,30
30.20 20,13 73,18
30.23 20,25 72,93
30.27 20,25 72,81
30.30 20,37 72,69
30.33 20,49 72,57
30.37 20,49 72,45
30.40 20,49 72,45
30.43 20,62 72,45
30.47 20,74 72,57
30.50 20,86 72,57
30.53 20,86 72,57
30.57 20,98 72,57
30.60 21,10 72,57
30.63 21,22 72,57
30.67 21,34 72,69
30.70 21,34 72,57
30.73 21,46 72,57
30.77 21,46 72,45
30.80 21,47 72,45
30.83 21,46 72,20
30.87 21,34 71,96
30.90 21,22 71,47
30.93 21,10 71,10
30.97 20,98 70,61
31.00 20,74 70,00
31.03 20,49 69,27
31.07 20,25 68,41
31.10 20,00 67,68
31.13 19,76 66,70
31.17 19,52 65,72
31.20 19,40 64,62
31.23 19,27 63,40
31.27 19,15 62,18
31.30 19,02 60,72
31.33 18,90 59,25
31.37 18,91 57,78
31.40 18,91 56,32
31.43 19,03 54,85
31.47 19,03 53,39
31.50 19,15 51,92
31.53 19,15 50,33
31.57 19,27 48,87
31.60 19,39 47,40
31.63 19,52 45,94
31.67 19,64 44,47
31.70 19,64 43,13
31.73 19,76 41,91
31.77 19,76 40,57
31.80 19,88 39,47
31.83 19,88 38,24
31.87 19,76 37,14
31.90 19,76 36,05
31.93 19,64 34,95
31.97 19,52 33,97
32.00 19,52 32,99
32.03 19,40 32,13
32.07 19,27 31,16
32.10 19,03 30,30
32.13 18,91 29,57
32.17 18,79 28,71
32.20 18,55 27,98
32.23 18,42 27,25
32.27 18,30 26,64
32.30 18,18 25,90
32.33 18,05 25,29
32.37 17,81 24,56
32.40 17,69 24,08
32.43 17,56 23,59
32.47 17,44 23,10
32.50 17,32 22,74
32.53 17,19 22,37
32.57 17,07 22,13
32.60 16,94 22,01
32.63 16,82 22,01
32.67 16,69 22,00
32.70 16,57 22,01
32.73 16,45 22,01
32.77 16,33 22,13
32.80 16,33 22,25
32.83 16,21 22,25
32.87 16,21 22,25
32.90 16,09 22,37
32.93 16,09 22,50
32.97 15,97 22,86
33.00 15,97 23,35
33.03 15,85 23,96
33.07 15,73 24,81
33.10 15,61 25,79
33.13 15,60 26,89
33.17 15,48 28,11
33.20 15,37 29,45
33.23 15,36 30,92
33.27 15,24 32,50
33.30 15,12 34,09
33.33 15,12 35,92
33.37 15,12 37,76
33.40 15,12 39,59
33.43 15,12 41,54
33.47 15,25 43,49
33.50 15,37 45,45
33.53 15,48 47,53
33.57 15,61 49,48
33.60 15,85 51,56
33.63 15,97 53,51
33.67 16,22 55,59
33.70 16,46 57,67
33.73 16,71 59,62
33.77 16,95 61,57
33.80 17,20 63,41
33.83 17,56 65,36
33.87 17,81 66,95
33.90 18,17 68,78
33.93 18,41 70,12
33.97 18,66 71,47
34.00 18,90 72,57
34.03 19,02 73,67
34.07 19,02 74,40
34.10 19,02 75,25
34.13 19,03 75,86
34.17 19,15 76,23
34.20 19,39 76,23
34.23 19,76 76,11
34.27 20,12 75,86
34.30 20,37 75,50
34.33 20,49 75,37
34.37 20,49 75,25
34.40 20,36 75,37
34.43 20,12 75,50
34.47 19,87 75,50
34.50 19,75 75,62
34.53 19,63 75,50
34.57 19,63 75,49
34.60 19,75 75,37
34.63 19,75 75,13
34.67 19,87 75,13
34.70 19,88 75,00
34.73 20,00 75,00
34.77 19,99 75,00
34.80 20,00 75,00
34.83 20,00 75,00
34.87 20,00 75,00
34.90 20,00 75,00
34.93 20,00 75,00
34.97 19,88 74,76
35.00 19,88 74,64
35.03 19,76 74,39
35.07 19,63 74,03
35.10 19,51 73,66
35.13 19,27 73,05
35.17 19,03 72,44
35.20 18,79 71,83
35.23 18,54 71,10
35.27 18,30 70,48
35.30 18,05 69,63
35.33 17,81 68,77
35.37 17,56 67,67
35.40 17,32 66,70
35.43 17,07 65,60
35.47 16,83 64,38
35.50 16,71 63,15
35.53 16,59 61,81
35.57 16,58 60,59
35.60 16,47 59,12
35.63 16,58 57,78
35.67 16,58 56,32
35.70 16,70 54,85
35.73 16,70 53,38
35.77 16,83 51,67
35.80 16,95 50,21
35.83 17,07 48,62
35.87 17,19 47,16
35.90 17,19 45,57
35.93 17,31 44,10
35.97 17,44 42,76
36.00 17,56 41,41
36.03 17,56 39,95
36.07 17,68 38,73
36.10 17,68 37,50
36.13 17,80 36,28
36.17 17,80 34,94
36.20 17,81 33,72
36.23 17,93 32,62
36.27 17,93 31,40
36.30 17,93 30,30
36.33 17,93 29,20
36.37 17,93 28,22
36.40 17,93 27,25
36.43 17,94 26,39
36.47 17,94 25,53
36.50 17,94 24,68
36.53 17,95 24,07
36.57 17,95 23,46
36.60 17,95 22,97
36.63 17,94 22,60
36.67 17,82 22,11
36.70 17,82 21,87
36.73 17,70 21,62
36.77 17,70 21,38
36.80 17,70 21,38
36.83 17,70 21,25
36.87 17,58 21,13
36.90 17,58 21,01
36.93 17,58 21,01
36.97 17,58 21,01
37.00 17,58 21,25
37.03 17,46 21,61
37.07 17,46 22,22
37.10 17,34 22,95
37.13 17,34 23,81
37.17 17,21 24,91
37.20 17,09 26,13
37.23 16,98 27,47
37.27 16,97 28,94
37.30 16,85 30,53
37.33 16,85 32,24
37.37 16,73 33,95
37.40 16,73 35,66
37.43 16,72 37,37
37.47 16,72 39,32
37.50 16,72 41,15
37.53 16,72 42,98
37.57 16,84 44,94
37.60 16,96 46,89
37.63 17,08 48,85
37.67 17,20 50,68
37.70 17,32 52,51
37.73 17,56 54,59
37.77 17,69 56,30
37.80 17,93 58,25
37.83 18,18 60,08
37.87 18,54 62,04
37.90 18,79 63,75
37.93 19,15 65,58
37.97 19,40 67,17
38.00 19,76 68,88
38.03 20,00 70,34
38.07 20,25 71,69
38.10 20,37 72,79
38.13 20,49 73,77
38.17 20,61 74,50
38.20 20,62 74,75
38.23 20,86 74,87
38.27 21,10 74,62
38.30 21,47 74,26
38.33 21,84 74,01
38.37 22,08 73,77
38.40 22,21 73,77
38.43 22,33 73,89
38.47 22,21 74,01
38.50 22,21 74,25
38.53 22,20 74,37
38.57 22,20 74,37
38.60 22,21 74,37
38.63 22,33 74,25
38.67 22,45 74,13
38.70 22,44 74,01
38.73 22,44 73,76
38.77 22,44 73,64
38.80 22,32 73,40
38.83 22,19 73,15
38.87 22,07 72,78
38.90 21,82 72,30
38.93 21,58 71,69
38.97 21,34 71,08
39.00 21,09 70,34
39.03 20,85 69,49
39.07 20,48 68,51
39.10 20,24 67,53
39.13 19,99 66,44
39.17 19,63 65,21
39.20 19,39 63,99
39.23 19,14 62,77
39.27 19,02 61,55
39.30 18,78 60,21
39.33 18,66 58,87
39.37 18,66 57,52
39.40 18,65 56,18
39.43 18,65 54,84
39.47 18,65 53,37
39.50 18,66 51,78
39.53 18,78 50,32
39.57 18,90 48,97
39.60 19,02 47,51
39.63 19,14 46,04
39.67 19,26 44,70
39.70 19,38 43,23
39.73 19,50 41,89
39.77 19,62 40,55
39.80 19,63 39,20
39.83 19,75 37,98
39.87 19,87 36,76
39.90 19,87 35,54
39.93 19,99 34,32
39.97 19,99 33,22
40.00 19,99 32,00
40.03 20,00 31,02
40.07 20,00 30,04
40.10 19,99 29,06
40.13 19,87 28,09
40.17 19,75 27,23
40.20 19,63 26,50
40.23 19,51 25,77
40.27 19,40 25,15
40.30 19,27 24,54
40.33 19,15 24,06
40.37 19,03 23,57
40.40 18,91 23,21
40.43 18,79 22,96
40.47 18,66 22,72
40.50 18,54 22,48
40.53 18,42 22,36
40.57 18,42 22,12
40.60 18,29 21,88
40.63 18,17 21,63
40.67 18,05 21,51
40.70 18,05 21,39
40.73 17,93 21,26
40.77 17,93 21,26
40.80 17,80 21,27
40.83 17,80 21,51
40.87 17,68 21,63
40.90 17,67 22,00
40.93 17,67 22,49
40.97 17,55 22,86
41.00 17,55 23,59
41.03 17,55 24,44
41.07 17,43 25,18
41.10 17,43 26,15
41.13 17,43 27,13
41.17 17,43 28,35
41.20 17,42 29,57
41.23 17,42 30,92
41.27 17,42 32,26
41.30 17,42 33,60
41.33 17,42 34,95
41.37 17,54 36,54
41.40 17,54 37,88
41.43 17,66 39,35
41.47 17,78 40,81
41.50 18,03 43,87
41.53 18,15 45,33
41.57 18,27 46,92
41.60 18,52 48,51
41.63 18,64 50,09
41.67 18,88 51,81
41.70 19,00 53,52
41.73 19,24 55,35
41.77 19,37 57,06
41.80 19,61 58,77
41.83 19,73 60,36
41.87 19,98 62,07
41.90 20,10 63,41
41.93 20,34 65,00
41.97 20,46 66,34
42.00 20,59 67,44
42.03 20,71 68,54
42.07 20,71 69,39
42.10 20,71 70,00
42.13 20,83 70,62
42.17 20,82 70,98
42.20 20,94 71,23
42.23 21,07 71,23
42.27 21,31 71,10
42.30 21,55 70,98
42.33 21,68 70,73
42.37 21,80 70,73
42.40 21,92 70,86
42.43 22,04 70,98
42.47 22,04 71,23
42.50 22,04 71,47
42.53 22,03 71,59
42.57 22,03 71,72
42.60 22,03 71,72
42.63 22,16 71,72
42.67 22,28 71,60
42.70 22,40 71,60
42.73 22,52 71,72
42.77 22,52 71,72
42.80 22,65 71,72
42.83 22,77 71,84
42.87 22,89 71,85
42.90 23,02 71,85
42.93 23,14 71,73
42.97 23,26 71,72
43.00 23,26 71,48
43.03 23,38 71,36
43.07 23,38 71,23
43.10 23,38 71,11
43.13 23,38 70,98
43.17 23,38 70,86
43.20 23,38 70,86
43.23 23,51 70,86
43.27 23,51 70,74
43.30 23,63 70,62
43.33 23,63 70,49
43.37 23,75 70,37
43.40 23,75 70,25
43.43 23,76 70,25
43.47 23,88 70,25
43.50 23,87 70,37
43.53 23,75 70,37
43.57 23,75 70,38
43.60 23,75 70,50
43.63 23,63 70,50
43.67 23,62 70,62
43.70 23,50 70,62
43.73 23,50 70,74
43.77 23,38 70,75
43.80 23,37 70,87
43.83 23,25 70,99
43.87 23,25 70,99
43.90 23,25 70,99
43.93 23,13 70,99
43.97 23,13 70,99
44.00 23,14 70,99
44.03 23,14 70,99
44.07 23,14 70,99
44.10 23,26 71,00
44.13 23,26 71,12
44.17 23,26 71,12
44.20 23,27 71,12
44.23 23,39 71,12
44.27 23,39 71,12
44.30 23,39 71,12
44.33 23,51 71,24
44.37 23,51 71,24
44.40 23,51 71,37
44.43 23,51 71,49
44.47 23,38 71,49
44.50 23,38 71,61
44.53 23,26 71,62
44.57 23,26 71,74
44.60 23,26 71,74
44.63 23,15 71,74
44.67 23,15 71,74
44.70 23,15 71,86
44.73 23,15 71,86
44.77 23,15 71,98
44.80 23,02 71,86
44.83 23,02 71,98
44.87 22,90 71,86
44.90 22,79 71,74
44.93 22,78 71,62
44.97 22,66 71,50
45.00 22,42 71,25
45.03 22,29 70,89
45.07 22,05 70,52
45.10 21,68 70,03
45.13 21,44 69,42
45.17 21,07 68,69
45.20 20,70 67,96
45.23 20,21 67,10
45.27 19,96 66,25
45.30 19,60 65,27
45.33 19,23 64,05
45.37 18,99 62,95
45.40 18,62 61,85
45.43 18,38 60,63
45.47 18,14 59,29
45.50 17,89 58,07
45.53 17,77 56,72
45.57 17,65 55,50
45.60 17,52 54,16
45.63 17,41 52,69
45.67 17,40 51,35
45.70 17,40 50,00
45.73 17,40 48,54
45.77 17,40 47,07
45.80 17,40 45,61
45.83 17,52 44,26
45.87 17,52 42,92
45.90 17,53 41,58
45.93 17,65 40,48
45.97 17,76 39,38
46.00 17,76 38,16
46.03 17,88 37,06
46.07 17,88 35,84
46.10 17,88 34,74
46.13 17,89 33,64
46.17 17,89 32,54
46.20 17,89 31,44
46.23 17,89 30,46
46.27 17,89 29,48
46.30 17,77 28,51
46.33 17,76 27,77
46.37 17,64 27,04
46.40 17,52 26,19
46.43 17,40 25,57
46.47 17,28 24,96
46.50 17,28 24,59
46.53 17,16 24,11
46.57 17,04 23,74
46.60 17,03 23,50
46.63 16,91 23,25
46.67 16,79 22,89
46.70 16,79 22,77
46.73 16,67 22,52
46.77 16,67 22,40
46.80 16,67 22,28
46.83 16,67 22,28
46.87 16,67 22,16
46.90 16,66 22,03
46.93 16,66 21,79
46.97 16,66 21,67
47.00 16,66 21,67
47.03 16,66 21,79
47.07 16,66 22,04
47.10 16,66 22,53
47.13 16,66 23,14
47.17 16,67 23,99
47.20 16,67 24,85
47.23 16,67 25,95
47.27 16,68 27,05
47.30 16,79 28,39
47.33 16,79 29,86
47.37 16,91 31,45
47.40 16,91 33,04
47.43 17,03 34,62
47.47 17,15 36,45
47.50 17,27 38,16
47.53 17,39 39,88
47.57 17,51 41,71
47.60 17,64 43,54
47.63 17,88 45,49
47.67 18,00 47,33
47.70 18,25 49,40
47.73 18,49 51,36
47.77 18,73 53,43
47.80 18,97 55,39
47.83 19,09 57,34
47.87 19,34 59,42
47.90 19,46 61,37
47.93 19,70 63,33
47.97 19,83 65,04
48.00 20,07 66,87
48.03 20,19 68,22
48.07 20,44 69,68
48.10 20,56 70,78
48.13 20,68 71,76
48.17 20,80 72,37
48.20 20,80 72,74
48.23 20,80 72,86
48.27 21,05 72,74
48.30 21,29 72,49
48.33 21,53 72,13
48.37 21,78 71,88
48.40 21,90 71,76
48.43 21,90 71,76
48.47 21,90 71,76
48.50 21,78 71,88
48.53 21,66 72,01
48.57 21,66 72,13
48.60 21,66 72,13
48.63 21,65 72,00
48.67 21,65 72,00
48.70 21,65 71,88
48.73 21,66 71,76
48.77 21,66 71,76
48.80 21,66 71,76
48.83 21,66 71,76
48.87 21,66 71,76
48.90 21,66 71,88
48.93 21,66 71,88
48.97 21,67 72,01
49.00 21,79 72,13
49.03 21,79 72,13
49.07 21,79 72,13
49.10 21,91 72,13
49.13 21,91 72,13
49.17 22,03 72,25
49.20 22,03 72,25
49.23 22,03 72,25
49.27 22,03 72,25
49.30 22,04 72,25
49.33 22,04 72,13
49.37 22,03 72,13
49.40 21,91 72,01
49.43 21,91 72,01
49.47 21,79 72,01
49.50 21,79 72,01
49.53 21,79 72,13
49.57 21,67 72,01
49.60 21,67 72,01
49.63 21,79 72,13
49.67 21,79 72,13
49.70 21,91 72,13
49.73 21,91 72,13
49.77 21,91 72,13
49.80 21,91 72,01
49.83 21,91 71,88
49.87 21,91 71,76
49.90 21,91 71,64
49.93 21,78 71,40
49.97 21,66 71,15
50.00 21,54 70,79
50.03 21,42 70,42
50.07 21,29 69,93
50.10 21,05 69,32
50.13 20,81 68,59
50.17 20,56 67,73
50.20 20,32 66,88
50.23 20,07 65,90
50.27 19,83 64,92
50.30 19,59 63,82
50.33 19,46 62,60
50.37 19,22 61,50
50.40 19,10 60,16
50.43 18,98 58,94
50.47 18,86 57,60
50.50 18,86 56,37
50.53 18,74 54,91
50.57 18,74 53,44
50.60 18,74 52,10
50.63 18,74 50,76
50.67 18,74 49,29
50.70 18,74 47,95
50.73 18,86 46,60
50.77 18,86 45,26
50.80 18,86 43,91
50.83 18,86 42,57
50.87 18,98 41,35
50.90 18,98 40,13
50.93 18,98 38,90
50.97 18,98 37,68
51.00 18,98 36,58
51.03 18,98 35,48
51.07 18,98 34,38
51.10 18,98 33,28
51.13 18,98 32,19
51.17 18,98 31,21
51.20 18,86 30,11
51.23 18,86 29,25
51.27 18,74 28,28
51.30 18,73 27,42
51.33 18,61 26,57
51.37 18,49 25,71
51.40 18,37 24,98
51.43 18,25 24,36
51.47 18,25 23,75
51.50 18,13 23,14
51.53 18,01 22,53
51.57 18,00 21,92
51.60 17,88 21,43
51.63 17,77 20,94
51.67 17,76 20,58
51.70 17,65 20,33
51.73 17,64 20,09
51.77 17,53 19,97
51.80 17,52 19,85
51.83 17,52 19,84
51.87 17,40 19,72
51.90 17,40 19,71
51.93 17,40 19,59
51.97 17,39 19,60
52.00 17,28 19,60
52.03 17,28 19,84
52.07 17,29 20,08
52.10 17,28 20,57
52.13 17,17 21,18
52.17 17,17 22,03
52.20 17,17 22,89
52.23 17,05 23,87
52.27 17,05 24,97
52.30 17,04 26,19
52.33 17,04 27,41
52.37 17,04 28,75
52.40 17,03 30,09
52.43 17,03 31,44
52.47 17,03 32,90
52.50 17,03 34,37
52.53 17,15 35,83
52.57 17,15 37,30
52.60 17,27 38,89
52.63 17,39 40,48
52.67 17,51 42,06
52.70 17,63 43,65
52.73 17,75 45,24
52.77 17,87 46,95
52.80 17,99 48,54
52.83 18,24 50,37
52.87 18,36 51,96
52.90 18,60 53,67
52.93 18,73 55,26
52.97 18,97 57,09
53.00 19,09 58,67
53.03 19,34 60,38
53.07 19,46 61,97
53.10 19,58 63,68
53.13 19,70 65,27
53.17 19,83 66,74
53.20 19,83 68,08
53.23 19,95 69,55
53.27 19,95 70,77
53.30 19,95 71,87
53.33 19,95 72,72
53.37 20,07 73,45
53.40 20,07 73,94
53.43 20,19 74,19
53.47 20,30 74,19
53.50 20,43 73,94
53.53 20,55 73,58
53.57 20,67 73,21
53.60 20,67 72,97
53.63 20,54 72,84
53.67 20,30 72,72
53.70 20,05 72,72
53.73 19,93 72,72
53.77 19,81 72,72
53.80 19,69 72,72
53.83 19,69 72,60
53.87 19,68 72,60
53.90 19,68 72,36
53.93 19,80 72,35
53.97 19,80 72,23
54.00 19,80 72,23
54.03 19,68 72,11
54.07 19,68 72,23
54.10 19,68 72,23
54.13 19,56 72,23
54.17 19,55 72,23
54.20 19,43 72,23
54.23 19,43 72,23
54.27 19,43 72,23
54.30 19,43 72,11
54.33 19,43 72,11
54.37 19,42 71,99
54.40 19,42 71,99
54.43 19,42 71,87
54.47 19,42 71,87
54.50 19,43 71,86
54.53 19,43 71,74
54.57 19,55 71,74
54.60 19,55 71,74
54.63 19,55 71,74
54.67 19,55 71,62
54.70 19,67 71,62
54.73 19,67 71,62
54.77 19,79 71,62
54.80 19,80 71,62
54.83 19,91 71,62
54.87 19,92 71,74
54.90 20,04 71,86
54.93 20,04 71,87
54.97 20,16 71,99
55.00 20,16 72,11
55.03 20,28 72,23
55.07 20,40 72,35
55.10 20,40 72,35
55.13 20,52 72,48
55.17 20,65 72,60
55.20 20,89 72,84
55.23 21,01 72,84
55.27 21,13 72,96
55.30 21,13 73,09
55.33 21,25 73,09
55.37 21,37 73,21
55.40 21,37 73,21
55.43 21,37 73,09
55.47 21,37 72,96
55.50 21,38 72,84
55.53 21,38 72,60
55.57 21,38 72,48
55.60 21,38 72,47
55.63 21,25 72,35
55.67 21,13 72,11
55.70 20,89 71,86
55.73 20,76 71,74
55.77 20,52 71,37
55.80 20,27 70,89
55.83 20,03 70,52
55.87 19,91 70,03
55.90 19,67 69,42
55.93 19,42 68,81
55.97 19,30 68,20
56.00 19,06 67,47
56.03 18,93 66,61
56.07 18,69 65,63
56.10 18,57 64,66
56.13 18,45 63,68
56.17 18,45 62,70
56.20 18,45 61,60
56.23 18,33 60,38
56.27 18,33 59,16
56.30 18,45 57,94
56.33 18,46 56,59
56.37 18,58 55,37
56.40 18,58 54,03
56.43 18,69 52,81
56.47 18,69 51,59
56.50 18,70 50,37
56.53 18,82 49,27
56.57 18,82 48,05
56.60 18,82 46,83
56.63 18,83 45,61
56.67 18,95 44,63
56.70 18,94 43,53
56.73 18,94 42,31
56.77 18,94 41,33
56.80 18,94 40,35
56.83 18,94 39,38
56.87 18,94 38,40
56.90 18,94 37,54
56.93 18,93 36,56
56.97 18,81 35,59
57.00 18,69 34,61
57.03 18,69 33,88
57.07 18,57 33,03
57.10 18,32 32,17
57.13 18,20 31,32
57.17 18,08 30,71
57.20 17,95 29,97
57.23 17,83 29,36
57.27 17,70 28,63
57.30 17,46 27,90
57.33 17,34 27,28
57.37 17,21 26,55
57.40 16,97 25,94
57.43 16,85 25,33
57.47 16,73 24,84
57.50 16,49 24,35
57.53 16,37 23,98
57.57 16,24 23,74
57.60 16,12 23,49
57.63 15,99 23,37
57.67 15,86 23,25
57.70 15,74 23,25
57.73 15,61 23,13
57.77 15,49 23,13
57.80 15,36 23,01
57.83 15,24 22,89
57.87 15,12 22,65
57.90 15,12 22,53
57.93 15,00 22,41
57.97 15,00 22,53
58.00 15,00 22,65
58.03 14,99 22,89
58.07 14,88 23,26
58.10 14,88 23,74
58.13 14,88 24,35
58.17 14,88 25,08
58.20 14,87 25,94
58.23 14,75 26,79
58.27 14,76 27,77
58.30 14,76 28,87
58.33 14,76 29,97
58.37 14,88 31,19
58.40 14,88 32,29
58.43 14,88 33,51
58.47 15,00 34,74
58.50 15,00 36,08
58.53 15,12 37,42
58.57 15,12 38,77
58.60 15,24 40,23
58.63 15,24 41,70
58.67 15,35 43,16
58.70 15,35 44,63
58.73 15,35 46,22
58.77 15,35 47,68
58.80 15,47 49,27
58.83 15,47 50,86
58.87 15,47 52,32
58.90 15,48 53,67
58.93 15,59 55,26
58.97 15,59 56,60
59.00 15,59 57,94
59.03 15,71 59,41
59.07 15,72 60,63
59.10 15,84 62,10
59.13 15,84 63,44
59.17 15,96 65,03
59.20 15,96 66,62
59.23 16,07 68,33
59.27 16,07 70,04
59.30 16,07 71,75
59.33 16,08 73,34
59.37 16,20 74,68
59.40 16,20 75,66
59.43 16,44 76,27
59.47 16,81 76,27
59.50 17,42 75,90
59.53 18,03 75,29
59.57 18,52 74,80
59.60 18,76 74,31
59.63 18,89 74,07
59.67 19,01 73,95
59.70 19,01 73,83
59.73 19,13 73,70
59.77 19,38 73,58
59.80 19,87 73,46
59.83 20,35 73,22
59.87 20,84 72,85
59.90 21,45 72,48
59.93 22,19 72,12
59.97 23,04 71,87
60.00 23,90 71,63
60.03 24,63 71,14
60.07 25,37 70,65
60.10 25,98 70,16
60.13 26,46 69,67
60.17 26,71 69,31
60.20 26,96 68,94
60.23 27,44 68,82
60.27 28,18 68,69
60.30 29,03 68,69
60.33 29,77 68,94
60.37 30,62 69,31
60.40 31,48 69,55
60.43 32,45 69,67
60.47 33,06 69,92
60.50 33,80 70,28
60.53 34,78 70,65
60.57 35,75 70,65
60.60 36,73 70,52
60.63 37,58 70,16
60.67 38,32 69,67
60.70 38,81 68,81
60.73 39,30 67,96
60.77 39,66 66,74
60.80 39,91 65,51
60.83 40,64 64,42
60.87 41,62 63,56
60.90 42,47 62,83
60.93 43,33 62,34
60.97 44,31 61,97
61.00 45,28 61,60
61.03 46,38 61,36
61.07 47,60 61,23
61.10 48,58 61,11
61.13 49,44 60,99
61.17 50,29 60,87
61.20 51,15 60,87
61.23 51,76 60,87
61.27 52,25 60,75
61.30 52,61 60,75
61.33 52,98 60,87
61.37 53,22 60,87
61.40 53,47 60,87
61.43 53,59 60,87
61.47 53,71 60,87
61.50 53,59 60,87
61.53 53,59 61,12
61.57 53,59 61,36
61.60 53,47 61,60
61.63 53,47 62,09
61.67 53,34 62,58
61.70 53,10 62,94
61.73 52,86 63,31
61.77 52,61 63,80
61.80 52,37 64,04
61.83 52,13 64,41
61.87 52,12 64,53
61.90 52,12 64,53
61.93 52,00 64,65
61.97 51,88 64,77
62.00 51,88 64,89
62.03 51,88 65,01
62.07 52,13 65,25
62.10 52,37 65,50
62.13 52,74 65,87
62.17 52,62 65,99
62.20 52,86 66,36
62.23 53,23 66,60
62.27 53,23 66,60
62.30 53,72 66,60
62.33 53,78 66,35
62.37 53,72 65,86
62.40 53,78 65,25
62.43 53,72 65,38
62.47 53,72 65,74
62.50 53,79 65,99
62.53 53,73 65,86
62.57 53,79 65,62
62.60 53,73 65,25
62.63 53,79 65,37
62.67 53,73 65,49
62.70 53,79 65,61
62.73 53,73 65,73
62.77 53,80 65,85
62.80 53,74 65,73
62.83 53,80 65,48
62.87 53,74 65,11
62.90 53,80 64,50
62.93 53,74 63,77
62.97 53,81 62,91
63.00 53,75 61,93
63.03 53,81 60,95
63.07 53,75 59,61
63.10 53,81 59,12
63.13 53,45 59,73
63.17 53,20 59,85
63.20 52,96 59,49
63.23 53,32 59,24
63.27 53,44 59,00
63.30 53,20 59,37
63.33 53,32 59,24
63.37 53,44 59,24
63.40 53,32 59,24
63.43 53,32 59,24
63.47 53,32 59,24
63.50 53,32 59,24
63.53 53,32 59,24
63.57 53,32 59,25
63.60 53,32 59,25
63.63 53,32 59,25
63.67 53,32 59,37
63.70 53,32 59,37
63.73 53,32 59,37
63.77 53,32 59,36
63.80 53,32 59,36
63.83 53,32 59,36
63.87 53,31 59,36
63.90 53,31 59,36
63.93 53,31 59,36
63.97 53,31 59,36
64.00 53,31 59,36
64.03 53,31 59,36
64.07 53,31 59,36
64.10 53,31 59,36
64.13 53,31 59,36
64.17 53,31 59,36
64.20 53,31 59,36
64.23 53,31 59,36
64.27 53,31 59,36
64.30 53,31 59,36
64.33 53,31 59,36
64.37 53,31 59,35
64.40 53,31 59,35
64.43 53,31 59,35
64.47 53,31 59,35
64.50 53,30 59,35
64.53 53,30 59,35
64.57 53,30 59,35
64.60 53,30 59,35
64.63 53,30 59,34
64.67 53,30 59,34
64.70 53,30 59,22
64.73 53,30 59,22
64.77 53,30 59,22
64.80 53,30 59,23
64.83 53,30 59,23
64.87 53,30 59,23
64.90 53,30 59,23
64.93 53,30 59,23
64.97 53,30 59,23
65.00 53,30 59,23
65.03 53,30 59,23
65.07 53,30 59,23
65.10 53,29 59,23
65.13 53,29 59,23
65.17 53,29 59,23
65.20 53,29 59,24
65.23 53,29 59,24
65.27 53,29 59,24
65.30 53,29 59,24
65.33 53,29 59,24
