#Kinovea Trajectory data export
#T X Y
# Trajectory 1
0.03 63,87 75,66
0.07 63,87 75,67
0.10 63,86 75,66
0.13 63,71 75,65
0.17 63,70 75,65
0.20 63,70 75,65
0.23 63,70 75,65
0.27 63,86 75,64
0.30 63,87 75,63
0.33 63,87 75,62
0.37 63,87 75,62
0.40 63,88 75,61
0.43 63,88 75,60
0.47 63,90 75,60
0.50 63,91 75,59
0.53 63,75 75,59
0.57 63,76 75,58
0.60 63,76 75,58
0.63 63,77 75,57
0.67 63,78 75,57
0.70 63,78 75,56
0.73 63,79 75,56
0.77 63,79 75,71
0.80 63,80 75,71
0.83 63,81 75,70
0.87 63,81 75,70
0.90 63,82 75,69
0.93 63,82 75,69
0.97 63,83 75,68
1.00 63,84 75,68
1.03 63,85 75,68
1.07 63,86 75,67
1.10 64,01 75,67
1.13 64,00 75,67
1.17 63,99 75,67
1.20 63,98 75,67
1.23 63,96 75,66
1.27 63,95 75,66
1.30 63,81 75,66
1.33 63,82 75,66
1.37 63,83 75,66
1.40 63,98 75,67
1.43 63,96 75,67
1.47 63,95 75,67
1.50 63,94 75,67
1.53 63,92 75,67
1.57 63,91 75,67
1.60 63,74 75,67
1.63 63,60 75,67
1.67 63,45 75,67
1.70 63,46 75,67
1.73 63,63 75,67
1.77 63,64 75,67
1.80 63,65 75,67
1.83 63,65 75,67
1.87 63,80 75,67
1.90 63,80 75,67
1.93 63,81 75,67
1.97 63,81 75,66
2.00 63,81 75,65
2.03 63,81 75,65
2.07 63,82 75,64
2.10 63,84 75,63
2.13 63,84 75,63
2.17 63,85 75,62
2.20 63,85 75,62
2.23 63,86 75,62
2.27 63,87 75,61
2.30 63,88 75,60
2.33 63,89 75,60
2.37 63,90 75,60
2.40 63,91 75,59
2.43 63,76 75,59
2.47 63,77 75,58
2.50 63,78 75,58
2.53 63,79 75,58
2.57 63,80 75,57
2.60 63,81 75,57
2.63 63,96 75,57
2.67 63,95 75,57
2.70 63,94 75,57
2.73 63,93 75,57
2.77 63,92 75,57
2.80 63,91 75,57
2.83 63,90 75,58
2.87 63,91 75,58
2.90 63,76 75,59
2.93 63,77 75,59
2.97 63,78 75,59
3.00 63,78 75,60
3.03 63,79 75,60
3.07 63,81 75,61
3.10 63,95 75,61
3.13 63,94 75,62
3.17 63,79 75,62
3.20 63,80 75,63
3.23 63,82 75,63
3.27 63,96 75,63
3.30 63,96 75,63
3.33 63,81 75,63
3.37 63,82 75,63
3.40 63,67 75,63
3.43 63,52 75,63
3.47 63,52 75,64
3.50 63,68 75,64
3.53 63,82 75,63
3.57 63,68 75,63
3.60 63,67 75,63
3.63 63,67 75,63
3.67 63,68 75,62
3.70 63,83 75,62
3.73 63,82 75,61
3.77 63,81 75,61
3.80 63,81 75,61
3.83 63,81 75,61
3.87 63,82 75,61
3.90 63,96 75,61
3.93 63,81 75,61
3.97 63,82 75,61
4.00 63,83 75,61
4.03 63,97 75,61
4.07 63,96 75,62
4.10 63,95 75,63
4.13 63,93 75,63
4.17 63,92 75,64
4.20 63,91 75,64
4.23 63,76 75,65
4.27 63,77 75,65
4.30 63,92 75,66
4.33 63,90 75,66
4.37 64,05 75,67
4.40 63,90 75,67
4.43 63,91 75,67
4.47 63,76 75,68
4.50 63,77 75,68
4.53 63,79 75,68
4.57 63,80 75,68
4.60 63,81 75,68
4.63 63,82 75,68
4.67 63,84 75,68
4.70 63,85 75,68
4.73 63,86 75,68
4.77 63,87 75,68
4.80 63,87 75,68
4.83 63,87 75,68
4.87 63,87 75,68
4.90 63,87 75,68
4.93 63,86 75,68
4.97 63,86 75,68
5.00 63,85 75,68
5.03 63,84 75,68
5.07 63,83 75,69
5.10 63,82 75,69
5.13 63,81 75,84
5.17 63,80 75,84
5.20 63,79 75,84
5.23 63,78 75,84
5.27 63,77 75,84
5.30 63,76 75,85
5.33 63,75 75,86
5.37 63,74 75,86
5.40 63,89 75,87
5.43 63,88 75,88
5.47 63,87 75,73
5.50 63,86 75,73
5.53 63,85 75,73
5.57 63,84 75,73
5.60 63,84 75,72
5.63 63,83 75,72
5.67 63,82 75,72
5.70 63,82 75,57
5.73 63,82 75,57
5.77 63,81 75,57
5.80 63,81 75,56
5.83 63,81 75,71
5.87 63,81 75,70
5.90 63,81 75,55
5.93 63,81 75,56
5.97 63,81 75,57
6.00 63,81 75,41
6.03 63,81 75,42
6.07 63,82 75,42
6.10 63,82 75,42
6.13 63,82 75,42
6.17 63,82 75,42
6.20 63,82 75,42
6.23 63,82 75,42
6.27 63,82 75,42
6.30 63,82 75,43
6.33 63,82 75,43
6.37 63,82 75,58
6.40 63,82 75,58
6.43 63,82 75,59
6.47 63,81 75,59
6.50 63,82 75,60
6.53 63,83 75,60
6.57 63,84 75,61
6.60 63,85 75,61
6.63 63,86 75,62
6.67 63,87 75,62
6.70 64,01 75,63
6.73 64,00 75,63
6.77 63,99 75,64
6.80 63,98 75,64
6.83 63,97 75,64
6.87 63,96 75,64
6.90 63,95 75,64
6.93 63,94 75,64
6.97 63,93 75,64
7.00 63,91 75,64
7.03 63,90 75,65
7.07 63,91 75,64
7.10 63,76 75,64
7.13 63,76 75,64
7.17 63,75 75,63
7.20 63,75 75,63
7.23 63,75 75,62
7.27 63,89 75,61
7.30 63,74 75,47
7.33 63,73 75,62
7.37 63,73 75,61
7.40 63,73 75,60
7.43 63,73 75,45
7.47 63,73 75,46
7.50 63,73 75,47
7.53 63,73 75,48
7.57 63,73 75,49
7.60 63,73 75,64
7.63 63,74 75,63
7.67 63,74 75,62
7.70 63,74 75,62
7.73 63,74 75,62
7.77 63,73 75,62
7.80 63,73 75,62
7.83 63,72 75,62
7.87 63,73 75,62
7.90 63,88 75,61
7.93 63,88 75,61
7.97 63,88 75,60
8.00 63,87 75,60
8.03 63,87 75,59
8.07 63,87 75,59
8.10 63,86 75,59
8.13 63,86 75,58
8.17 63,86 75,58
8.20 63,85 75,58
8.23 63,85 75,57
8.27 63,85 75,57
8.30 63,85 75,57
8.33 63,85 75,57
8.37 63,84 75,57
8.40 63,84 75,57
8.43 63,84 75,58
8.47 63,83 75,58
8.50 63,83 75,58
8.53 63,83 75,59
8.57 63,83 75,59
8.60 63,83 75,60
8.63 63,83 75,60
8.67 63,83 75,61
8.70 63,83 75,61
8.73 63,82 75,62
8.77 63,82 75,62
8.80 63,82 75,63
8.83 63,82 75,64
8.87 63,82 75,64
8.90 63,82 75,64
8.93 63,82 75,64
8.97 63,82 75,64
9.00 63,82 75,64
9.03 63,83 75,63
9.07 63,84 75,63
9.10 63,84 75,63
9.13 63,85 75,62
9.17 63,85 75,62
9.20 63,86 75,61
9.23 63,86 75,46
9.27 63,87 75,47
9.30 63,87 75,48
9.33 63,87 75,48
9.37 63,88 75,63
9.40 63,88 75,63
9.43 63,88 75,63
9.47 63,88 75,63
9.50 63,87 75,63
9.53 63,87 75,63
9.57 63,87 75,63
9.60 63,87 75,64
9.63 63,87 75,64
9.67 63,88 75,64
9.70 64,03 75,65
9.73 64,02 75,65
9.77 64,01 75,66
9.80 64,00 75,66
9.83 63,99 75,67
9.87 63,98 75,68
9.90 63,97 75,68
9.93 63,82 75,68
9.97 63,82 75,68
10.00 63,82 75,68
10.03 63,82 75,67
10.07 63,82 75,66
10.10 63,82 75,66
10.13 63,82 75,65
10.17 63,82 75,64
10.20 63,82 75,64
10.23 63,82 75,63
10.27 63,82 75,62
10.30 63,82 75,63
10.33 63,81 75,63
10.37 63,80 75,63
10.40 63,65 75,64
10.43 63,66 75,64
10.47 63,67 75,65
10.50 63,68 75,65
10.53 63,69 75,65
10.57 63,70 75,65
10.60 63,71 75,64
10.63 63,72 75,63
10.67 63,86 75,48
10.70 63,85 75,49
10.73 63,85 75,49
10.77 63,83 75,49
10.80 63,69 75,50
10.83 63,70 75,50
10.87 63,84 75,50
10.90 63,84 75,50
10.93 63,83 75,50
10.97 63,69 75,36
11.00 63,83 75,36
11.03 63,82 75,36
11.07 63,82 75,37
11.10 63,82 75,37
11.13 63,82 75,37
11.17 63,82 75,38
11.20 63,82 75,39
11.23 63,82 75,39
11.27 63,82 75,39
11.30 63,82 75,39
11.33 63,82 75,39
11.37 63,68 75,24
11.40 63,67 75,24
11.43 63,83 75,23
11.47 64,14 75,24
11.50 64,13 75,24
11.53 63,96 75,23
11.57 63,66 75,23
11.60 63,67 75,24
11.63 63,83 75,23
11.67 63,84 75,23
11.70 63,84 75,08
11.73 63,83 74,92
11.77 63,82 74,76
11.80 63,66 74,61
11.83 63,34 74,92
11.87 63,02 75,54
11.90 62,54 76,48
11.93 61,78 77,73
11.97 61,16 78,98
12.00 60,68 79,60
12.03 60,52 79,60
12.07 60,52 78,98
12.10 60,67 78,19
12.13 60,52 77,41
12.17 60,37 76,94
12.20 60,21 76,63
12.23 60,22 76,93
12.27 60,23 77,24
12.30 60,23 77,40
12.33 60,24 77,56
12.37 60,39 77,56
12.40 60,38 77,25
12.43 60,37 77,09
12.47 60,37 76,78
12.50 60,37 76,79
12.53 60,37 77,10
12.57 60,23 77,42
12.60 60,22 77,89
12.63 59,91 78,37
12.67 59,61 78,84
12.70 59,30 79,15
12.73 58,84 79,47
12.77 58,22 79,93
12.80 57,60 80,25
12.83 56,97 80,40
12.87 56,34 80,24
12.90 55,73 80,08
12.93 55,11 79,62
12.97 54,32 79,15
13.00 53,24 78,52
13.03 51,99 77,88
13.07 50,58 77,26
13.10 49,02 76,63
13.13 47,61 76,16
13.17 46,21 75,54
13.20 44,80 75,07
13.23 43,55 74,91
13.27 42,15 74,91
13.30 40,90 75,06
13.33 39,81 75,21
13.37 39,03 75,37
13.40 38,24 75,53
13.43 37,30 75,69
13.47 36,52 75,69
13.50 35,58 75,69
13.53 34,80 75,84
13.57 34,01 75,99
13.60 33,08 76,31
13.63 32,14 76,93
13.67 31,21 77,55
13.70 30,26 78,17
13.73 29,33 78,79
13.77 28,40 79,41
13.80 27,46 79,87
13.83 26,53 80,49
13.87 25,45 81,11
13.90 24,67 81,73
13.93 24,04 82,20
13.97 23,57 82,67
14.00 23,10 82,83
14.03 22,63 82,98
14.07 22,00 82,67
14.10 21,21 82,36
14.13 20,27 81,89
14.17 19,33 81,42
14.20 18,23 80,80
14.23 17,15 80,33
14.27 16,20 79,86
14.30 15,27 79,39
14.33 14,50 79,07
14.37 13,73 78,61
14.40 13,10 78,30
14.43 12,32 78,14
14.47 11,70 77,99
14.50 11,23 77,99
14.53 10,91 77,99
14.57 10,60 77,99
14.60 10,29 78,00
14.63 9,97 78,14
14.67 9,66 78,15
14.70 9,34 78,31
14.73 9,02 78,62
14.77 8,56 78,94
14.80 8,26 79,41
14.83 8,10 79,87
14.87 7,78 80,34
14.90 7,48 80,65
14.93 7,32 80,96
14.97 7,01 81,11
15.00 6,86 81,26
15.03 6,71 81,27
15.07 6,56 81,42
15.10 6,25 81,41
15.13 5,93 81,41
15.17 5,32 81,25
15.20 4,84 81,09
15.23 4,07 80,78
15.27 3,45 80,62
15.30 2,98 80,30
15.33 2,68 79,98
15.37 2,37 79,68
15.40 2,21 79,52
15.43 1,90 79,36
15.47 1,74 79,21
15.50 1,58 79,05
15.53 1,58 78,90
15.57 1,58 78,90
15.60 1,74 78,74
15.63 2,05 78,74
15.67 2,36 78,58
15.70 2,83 78,42
15.73 3,46 78,11
15.77 4,24 77,96
15.80 4,86 77,81
15.83 5,49 77,81
15.87 6,27 77,80
15.90 6,90 77,80
15.93 7,52 77,96
15.97 8,00 78,12
16.00 8,47 78,28
16.03 8,93 78,44
16.07 9,09 78,43
16.10 9,25 78,12
16.13 9,56 77,80
16.17 9,56 77,34
16.20 9,72 77,02
16.23 9,71 76,72
16.27 9,71 76,72
16.30 9,55 76,87
16.33 9,39 77,03
16.37 9,23 77,19
16.40 8,92 77,50
16.43 8,76 77,50
16.47 8,46 77,50
16.50 8,45 77,50
16.53 8,45 77,51
16.57 8,44 77,51
16.60 8,45 77,66
16.63 8,45 77,82
16.67 8,60 78,13
16.70 8,60 78,29
16.73 8,76 78,45
16.77 8,92 78,60
16.80 9,07 78,60
16.83 9,23 78,61
16.87 9,38 78,62
16.90 9,53 78,77
16.93 9,69 78,77
16.97 10,00 78,93
17.00 10,15 79,08
17.03 10,31 79,08
17.07 10,47 79,08
17.10 10,77 78,92
17.13 10,92 78,77
17.17 10,92 78,76
17.20 11,07 78,60
17.23 11,07 78,60
17.27 11,06 78,59
17.30 10,90 78,59
17.33 10,75 78,58
17.37 10,60 78,58
17.40 10,45 78,58
17.43 10,30 78,41
17.47 10,14 78,25
17.50 9,98 77,94
17.53 9,82 77,78
17.57 9,52 77,62
17.60 9,37 77,48
17.63 9,21 77,49
17.67 9,05 77,64
17.70 8,75 77,64
17.73 8,74 77,65
17.77 8,59 77,65
17.80 8,59 77,66
17.83 8,59 77,65
17.87 8,60 77,50
17.90 8,60 77,50
17.93 8,61 77,49
17.97 8,76 77,48
18.00 8,76 77,48
18.03 8,76 77,49
18.07 8,76 77,63
18.10 8,76 77,63
18.13 8,77 77,63
18.17 8,92 77,62
18.20 8,92 77,47
18.23 8,91 77,48
18.27 8,91 77,48
18.30 8,90 77,48
18.33 8,89 77,49
18.37 8,89 77,64
18.40 8,88 77,64
18.43 8,87 77,64
18.47 8,72 77,64
18.50 8,72 77,65
18.53 8,72 77,80
18.57 8,57 77,80
18.60 8,57 77,80
18.63 8,42 77,95
18.67 8,42 77,96
18.70 8,42 77,96
18.73 8,43 78,12
18.77 8,43 78,11
18.80 8,58 78,10
18.83 8,58 78,10
18.87 8,74 77,95
18.90 8,89 77,96
18.93 8,89 77,96
18.97 9,04 77,97
19.00 9,04 77,98
19.03 9,19 77,97
19.07 9,20 77,81
19.10 9,36 77,50
19.13 9,52 77,18
19.17 9,68 76,86
19.20 9,68 76,71
19.23 9,68 76,71
19.27 9,69 76,71
19.30 9,69 76,88
19.33 9,70 77,04
19.37 9,85 77,19
19.40 9,84 77,19
19.43 9,83 77,18
19.47 9,69 77,03
19.50 9,69 76,88
19.53 9,53 76,87
19.57 9,38 76,71
19.60 9,23 76,55
19.63 8,92 76,25
19.67 8,61 76,09
19.70 8,30 75,93
19.73 7,99 75,61
19.77 7,68 75,15
19.80 7,22 74,69
19.83 6,91 74,22
19.87 6,59 73,59
19.90 6,28 72,97
19.93 5,97 72,34
19.97 5,81 71,57
20.00 5,65 70,79
20.03 5,49 70,00
20.07 5,34 69,07
20.10 5,34 68,13
20.13 5,34 67,03
20.17 5,35 65,94
20.20 5,49 64,69
20.23 5,50 63,45
20.27 5,66 62,20
20.30 5,80 60,96
20.33 5,81 59,71
20.37 5,96 58,46
20.40 5,95 57,21
20.43 6,10 55,82
20.47 6,11 54,57
20.50 6,11 53,32
20.53 6,27 51,91
20.57 6,26 50,66
20.60 6,26 49,26
20.63 6,25 48,01
20.67 6,10 46,76
20.70 6,09 45,50
20.73 5,93 44,10
20.77 5,77 42,85
20.80 5,61 41,61
20.83 5,45 40,52
20.87 5,29 39,27
20.90 4,98 38,02
20.93 4,82 36,77
20.97 4,51 35,68
21.00 4,35 34,43
21.03 4,04 33,33
21.07 3,89 32,24
21.10 3,73 31,15
21.13 3,42 30,21
21.17 3,27 29,27
21.20 3,12 28,33
21.23 2,96 27,55
21.27 2,81 26,77
21.30 2,80 26,15
21.33 2,65 25,53
21.37 2,65 25,06
21.40 2,50 24,59
21.43 2,50 24,13
21.47 2,49 23,82
21.50 2,34 23,51
21.53 2,34 23,36
21.57 2,35 23,21
21.60 2,35 23,06
21.63 2,35 23,05
21.67 2,35 22,90
21.70 2,36 22,91
21.73 2,36 22,90
21.77 2,36 22,75
21.80 2,37 22,75
21.83 2,37 22,75
21.87 2,37 22,91
21.90 2,37 23,07
21.93 2,37 23,54
21.97 2,37 24,16
22.00 2,36 24,79
22.03 2,36 25,73
22.07 2,36 26,67
22.10 2,37 27,92
22.13 2,37 29,17
22.17 2,53 30,73
22.20 2,53 32,29
22.23 2,69 34,01
22.27 2,84 35,88
22.30 2,84 37,76
22.33 2,99 39,94
22.37 3,14 42,13
22.40 3,15 44,47
22.43 3,30 46,81
22.47 3,46 49,31
22.50 3,61 51,81
22.53 3,77 54,46
22.57 4,08 57,11
22.60 4,25 59,76
22.63 4,56 62,26
22.67 4,87 64,91
22.70 5,18 67,26
22.73 5,50 69,60
22.77 5,81 71,63
22.80 6,12 73,35
22.83 6,44 74,75
22.87 6,74 75,84
22.90 6,90 76,31
22.93 7,37 76,46
22.97 7,84 76,15
23.00 8,16 75,99
23.03 8,47 75,83
23.07 8,46 75,83
23.10 8,31 75,83
23.13 8,15 76,14
23.17 7,99 76,45
23.20 7,83 76,61
23.23 7,68 76,61
23.27 7,69 76,60
23.30 7,68 76,29
23.33 7,68 76,14
23.37 7,52 75,82
23.40 7,21 75,51
23.43 6,90 75,19
23.47 6,59 74,88
23.50 6,12 74,41
23.53 5,65 73,78
23.57 5,17 73,15
23.60 4,55 72,22
23.63 4,08 71,28
23.67 3,45 70,19
23.70 2,98 69,10
23.73 2,52 68,01
23.77 2,20 66,92
23.80 1,74 65,67
23.83 1,43 64,41
23.87 1,27 63,01
23.90 0,96 61,61
23.93 0,81 60,05
23.97 0,81 58,65
24.00 0,80 57,24
24.03 0,80 55,83
24.07 0,80 54,27
24.10 0,80 52,71
24.13 0,95 51,14
24.17 0,95 49,58
24.20 1,10 47,87
24.23 1,25 46,46
24.27 1,26 44,90
24.30 1,41 43,35
24.33 1,56 41,79
24.37 1,56 40,38
24.40 1,72 39,13
24.43 1,72 37,88
24.47 1,73 36,63
24.50 1,88 35,54
24.53 1,87 34,44
24.57 1,87 33,35
24.60 1,87 32,26
24.63 1,86 31,17
24.67 1,71 30,39
24.70 1,72 29,60
24.73 1,71 28,67
24.77 1,56 27,89
24.80 1,56 27,27
24.83 1,41 26,65
24.87 1,26 26,03
24.90 1,25 25,57
24.93 1,10 25,26
24.97 0,95 24,95
25.00 0,95 24,79
25.03 0,79 24,48
25.07 0,79 24,47
25.10 0,79 24,32
25.13 0,63 24,17
25.17 0,63 24,02
25.20 0,63 24,01
25.23 0,62 23,86
25.27 0,61 23,70
25.30 0,47 23,71
25.33 0,62 24,02
25.37 0,62 24,48
25.40 0,62 24,96
25.43 0,77 25,89
25.47 0,77 26,83
25.50 0,92 28,08
25.53 0,93 29,33
25.57 1,09 30,74
25.60 1,26 32,45
25.63 1,56 34,17
25.67 1,72 36,04
25.70 2,02 37,92
25.73 2,19 40,10
25.77 2,50 42,29
25.80 2,81 44,63
25.83 3,12 46,98
25.87 3,44 49,47
25.90 3,75 51,97
25.93 4,22 54,62
25.97 4,53 57,11
26.00 4,85 59,77
26.03 5,32 62,42
26.07 5,63 64,76
26.10 6,10 67,26
26.13 6,41 69,59
26.17 6,72 71,62
26.20 7,03 73,50
26.23 7,19 75,06
26.27 7,50 76,15
26.30 7,65 76,78
26.33 7,97 76,93
26.37 8,59 76,61
26.40 9,06 76,14
26.43 9,37 75,83
26.47 9,37 75,67
26.50 9,37 75,82
26.53 9,06 76,13
26.57 8,90 76,44
26.60 8,74 76,60
26.63 8,58 76,75
26.67 8,57 76,59
26.70 8,42 76,44
26.73 8,41 76,12
26.77 8,11 75,80
26.80 7,95 75,34
26.83 7,48 75,03
26.87 7,02 74,71
26.90 6,55 74,24
26.93 5,92 73,62
26.97 5,30 72,84
27.00 4,67 72,06
27.03 4,05 71,12
27.07 3,42 70,02
27.10 2,79 68,78
27.13 2,32 67,68
27.17 1,85 66,43
27.20 0,92 63,62
27.23 0,61 62,22
27.27 0,30 60,81
27.30 0,15 59,25
27.33 -0,01 57,69
27.37 -0,01 56,12
27.40 -0,01 54,41
27.43 -0,01 52,85
27.47 0,14 51,28
27.50 0,15 49,57
27.53 0,31 48,01
27.57 0,47 46,45
27.60 0,78 44,89
27.63 0,94 43,33
27.67 1,25 41,77
27.70 1,41 40,05
27.73 1,72 38,49
27.77 1,88 36,94
27.80 2,18 35,54
27.83 2,33 34,28
27.87 2,48 33,03
27.90 2,49 31,78
27.93 2,64 30,69
27.97 2,65 29,59
28.00 2,65 28,65
28.03 2,65 27,72
28.07 2,65 26,93
28.10 2,50 26,14
28.13 2,50 25,51
28.17 2,35 24,74
28.20 2,35 24,27
28.23 2,19 23,80
28.27 2,04 23,48
28.30 2,03 23,17
28.33 1,87 22,86
28.37 1,72 22,70
28.40 1,57 22,55
28.43 1,56 22,54
28.47 1,40 22,39
28.50 1,25 22,23
28.53 1,24 22,24
28.57 1,09 22,24
28.60 1,08 22,55
28.63 0,93 22,86
28.67 0,93 23,49
28.70 0,93 24,26
28.73 0,92 25,05
28.77 0,91 26,29
28.80 0,91 27,54
28.83 0,91 28,94
28.87 0,91 30,50
28.90 1,06 32,22
28.93 1,22 34,10
28.97 1,37 36,13
29.00 1,52 38,16
29.03 1,68 40,34
29.07 1,84 42,53
29.10 2,00 44,71
29.13 2,31 47,06
29.17 2,63 49,55
29.20 2,93 52,04
29.23 3,09 54,38
29.27 3,41 56,88
29.30 3,72 59,22
29.33 4,02 61,56
29.37 4,18 63,91
29.40 4,50 66,09
29.43 4,81 68,28
29.47 4,97 70,15
29.50 5,28 71,87
29.53 5,44 73,43
29.57 5,60 74,83
29.60 5,77 75,93
29.63 5,92 76,71
29.67 5,92 77,18
29.70 6,23 77,49
29.73 6,55 77,49
29.77 7,01 77,33
29.80 7,31 77,03
29.83 7,47 76,87
29.87 7,47 76,86
29.90 7,48 76,86
29.93 7,47 76,86
29.97 7,17 77,02
30.00 7,01 77,02
30.03 6,86 77,02
30.07 6,70 76,86
30.10 6,55 76,70
30.13 6,54 76,40
30.17 6,39 76,24
30.20 6,38 76,08
30.23 6,23 75,93
30.27 6,07 75,77
30.30 5,92 75,61
30.33 5,76 75,30
30.37 5,46 74,98
30.40 5,30 74,36
30.43 4,98 73,74
30.47 4,51 73,11
30.50 4,19 72,18
30.53 3,73 71,24
30.57 3,26 70,30
30.60 2,94 69,22
30.63 2,48 68,28
30.67 2,01 67,03
30.70 1,70 65,78
30.73 1,39 64,54
30.77 1,09 63,29
30.80 0,93 61,88
30.83 0,77 60,48
30.87 0,61 59,08
30.90 0,45 57,68
30.93 0,45 56,28
30.97 0,30 54,72
31.00 0,30 53,31
31.03 0,30 51,75
31.07 0,45 50,20
31.10 0,45 48,64
31.13 0,61 47,23
31.17 0,76 45,67
31.20 0,91 44,12
31.23 0,92 42,71
31.27 1,08 41,15
31.30 1,23 39,74
31.33 1,23 38,18
31.37 1,23 36,78
31.40 1,23 35,53
31.43 1,24 34,28
31.47 1,23 33,04
31.50 1,23 31,80
31.53 1,07 30,71
31.57 0,92 29,77
31.60 0,77 28,83
31.63 0,61 27,89
31.67 0,45 27,11
31.70 0,29 26,33
31.73 -0,01 25,55
31.77 -0,16 24,93
31.80 -0,32 24,30
31.83 -0,63 23,68
31.87 -0,78 23,21
31.90 -0,94 22,73
31.93 -1,09 22,42
31.97 -1,25 22,10
32.00 -1,41 21,80
32.03 -1,56 21,64
32.07 -1,71 21,49
32.10 -1,72 21,49
32.13 -1,87 21,49
32.17 -2,02 21,49
32.20 -2,02 21,81
32.23 -2,03 22,27
32.27 -2,17 22,74
32.30 -2,17 23,37
32.33 -2,17 24,30
32.37 -2,18 25,24
32.40 -2,18 26,33
32.43 -2,17 27,57
32.47 -2,03 28,98
32.50 -2,02 30,53
32.53 -1,87 32,09
32.57 -1,72 33,80
32.60 -1,56 35,52
32.63 -1,41 37,40
32.67 -1,25 39,42
32.70 -0,94 41,45
32.73 -0,79 43,48
32.77 -0,48 45,67
32.80 -0,32 47,85
32.83 -0,00 50,04
32.87 0,31 52,38
32.90 0,62 54,72
32.93 0,93 56,91
32.97 1,24 59,25
33.00 1,40 61,59
33.03 1,71 63,78
33.07 2,02 65,96
33.10 2,32 67,99
33.13 2,48 69,86
33.17 2,64 71,42
33.20 2,80 72,83
33.23 2,95 74,07
33.27 3,11 75,01
33.30 3,27 75,63
33.33 3,58 75,93
33.37 4,05 75,78
33.40 4,52 75,47
33.43 4,99 75,16
33.47 5,46 75,00
33.50 5,62 74,99
33.53 5,78 75,00
33.57 5,78 75,31
33.60 5,78 75,61
33.63 5,78 75,77
33.67 5,62 75,77
33.70 5,62 75,77
33.73 5,62 75,61
33.77 5,47 75,30
33.80 5,46 74,98
33.83 5,30 74,67
33.87 4,99 74,21
33.90 4,68 73,89
33.93 4,37 73,42
33.97 3,90 72,79
34.00 3,59 72,02
34.03 3,12 71,24
34.07 2,65 70,46
34.10 2,34 69,52
34.13 1,87 68,43
34.17 1,56 67,34
34.20 1,25 66,09
34.23 0,94 64,83
34.27 0,79 63,43
34.30 0,63 61,87
34.33 0,47 60,31
34.37 0,32 58,75
34.40 0,32 57,19
34.43 0,33 55,63
34.47 0,33 53,91
34.50 0,33 52,20
34.53 0,33 50,64
34.57 0,34 49,07
34.60 0,49 47,51
34.63 0,49 45,79
34.67 0,64 44,08
34.70 0,65 42,52
34.73 0,80 40,96
34.77 0,81 39,40
34.80 0,96 37,99
34.83 0,96 36,58
34.87 0,97 35,02
34.90 0,97 33,77
34.93 0,98 32,52
34.97 0,98 31,43
35.00 0,99 30,18
35.03 0,99 29,09
35.07 0,99 28,16
35.10 0,99 27,38
35.13 0,84 26,44
35.17 0,69 25,51
35.20 0,68 24,88
35.23 0,53 24,26
35.27 0,38 23,79
35.30 0,23 23,32
35.33 0,22 23,00
35.37 0,07 22,69
35.40 0,07 22,54
35.43 -0,08 22,39
35.47 -0,09 22,24
35.50 -0,10 22,24
35.53 -0,09 22,08
35.57 -0,25 21,93
35.60 -0,25 21,93
35.63 -0,25 21,93
35.67 -0,25 21,93
35.70 -0,10 22,09
35.73 -0,10 22,55
35.77 -0,10 23,03
35.80 -0,10 23,81
35.83 0,05 24,75
35.87 0,05 25,84
35.90 0,20 27,09
35.93 0,20 28,34
35.97 0,36 29,74
36.00 0,52 31,14
36.03 0,67 32,55
36.07 0,84 34,10
36.10 1,14 35,66
36.13 1,30 37,22
36.17 1,61 38,78
36.20 1,91 40,34
36.23 2,07 42,06
36.27 2,38 43,77
36.30 2,69 45,48
36.33 2,85 47,20
36.37 3,16 49,23
36.40 3,47 51,10
36.43 3,63 53,13
36.47 3,94 55,17
36.50 4,11 57,20
36.53 4,42 59,38
36.57 4,73 61,56
36.60 4,89 63,59
36.63 5,20 65,47
36.67 5,36 67,34
36.70 5,66 69,06
36.73 5,83 70,62
36.77 6,14 72,18
36.80 6,29 73,58
36.83 6,45 74,67
36.87 6,60 75,60
36.90 6,60 76,38
36.93 6,76 76,85
36.97 7,06 77,16
37.00 7,38 77,16
37.03 7,69 77,16
37.07 8,01 77,01
37.10 8,17 77,01
37.13 8,32 77,02
37.17 8,32 77,18
37.20 8,17 77,34
37.23 8,16 77,50
37.27 8,01 77,51
37.30 8,00 77,51
37.33 7,85 77,36
37.37 7,84 77,20
37.40 7,68 77,03
37.43 7,68 76,87
37.47 7,53 76,72
37.50 7,53 76,71
37.53 7,38 76,71
37.57 7,38 76,56
37.60 7,22 76,41
37.63 7,07 76,25
37.67 6,92 75,95
37.70 6,76 75,65
37.73 6,60 75,33
37.77 6,29 74,87
37.80 5,98 74,40
37.83 5,52 73,78
37.87 5,20 73,16
37.90 4,58 72,53
37.93 4,11 71,75
37.97 3,49 70,97
38.00 3,02 70,03
38.03 2,39 68,94
38.07 1,92 67,85
38.10 1,46 66,76
38.13 0,99 65,67
38.17 0,67 64,42
38.20 0,21 63,17
38.23 -0,10 61,77
38.27 -0,26 60,52
38.30 -0,57 59,12
38.33 -0,73 57,72
38.37 -0,88 56,31
38.40 -0,88 54,91
38.43 -0,88 53,35
38.47 -0,88 51,94
38.50 -0,88 50,38
38.53 -0,88 48,97
38.57 -0,73 47,41
38.60 -0,72 46,01
38.63 -0,57 44,45
38.67 -0,41 43,05
38.70 -0,41 41,80
38.73 -0,25 40,40
38.77 -0,10 39,15
38.80 -0,09 37,89
38.83 0,06 36,65
38.87 0,21 35,55
38.90 0,21 34,46
38.93 0,22 33,37
38.97 0,22 32,44
39.00 0,07 31,50
39.03 0,07 30,56
39.07 0,07 29,79
39.10 -0,08 29,16
39.13 -0,08 28,38
39.17 -0,23 27,75
39.20 -0,23 27,13
39.23 -0,38 26,51
39.27 -0,39 26,04
39.30 -0,55 25,57
39.33 -0,55 25,25
39.37 -0,71 24,95
39.40 -0,71 24,79
39.43 -0,87 24,63
39.47 -0,87 24,48
39.50 -0,87 24,33
39.53 -0,88 24,33
39.57 -0,88 24,17
39.60 -0,87 24,18
39.63 -0,88 24,34
39.67 -0,72 24,49
39.70 -0,72 24,80
39.73 -0,57 25,27
39.77 -0,56 25,74
39.80 -0,41 26,52
39.83 -0,26 27,45
39.87 -0,10 28,39
39.90 0,05 29,48
39.93 0,20 30,58
39.97 0,36 31,98
40.00 0,67 33,24
40.03 0,83 34,79
40.07 1,15 36,20
40.10 1,45 37,77
40.13 1,76 39,34
40.17 1,92 41,05
40.20 2,23 42,77
40.23 2,55 44,64
40.27 2,86 46,51
40.30 3,17 48,39
40.33 3,48 50,26
40.37 3,78 52,29
40.40 4,10 54,16
40.43 4,41 56,04
40.47 4,72 58,07
40.50 5,03 60,10
40.53 5,35 61,98
40.57 5,67 63,85
40.60 5,98 65,57
40.63 6,29 67,28
40.67 6,61 68,69
40.70 6,92 70,24
40.73 7,24 71,49
40.77 7,40 72,58
40.80 7,71 73,52
40.83 7,86 74,30
40.87 7,87 74,77
40.90 7,87 75,23
40.93 7,71 75,38
40.97 7,72 75,38
41.00 7,88 75,22
41.03 8,04 75,06
41.07 8,20 74,75
41.10 8,35 74,59
41.13 8,35 74,44
41.17 8,20 74,45
41.20 8,05 74,45
41.23 7,90 74,45
41.27 7,89 74,45
41.30 7,73 74,29
41.33 7,57 74,14
41.37 7,42 73,83
41.40 7,26 73,68
41.43 7,11 73,52
41.47 6,96 73,52
41.50 6,81 73,52
41.53 6,65 73,52
41.57 6,50 73,51
41.60 6,34 73,51
41.63 6,19 73,52
41.67 6,03 73,51
41.70 5,88 73,36
41.73 5,72 73,21
41.77 5,41 73,05
41.80 5,25 72,89
41.83 4,93 72,43
41.87 4,47 72,12
41.90 4,15 71,65
41.93 3,68 71,02
41.97 3,21 70,40
42.00 2,74 69,62
42.03 2,28 68,84
42.07 1,96 67,91
42.10 1,49 66,97
42.13 1,18 65,88
42.17 0,86 64,79
42.20 0,55 63,70
42.23 0,39 62,45
42.27 0,23 61,20
42.30 0,07 59,95
42.33 -0,09 58,55
42.37 -0,09 56,99
42.40 -0,24 55,58
42.43 -0,25 54,18
42.47 -0,25 52,78
42.50 -0,25 51,38
42.53 -0,24 49,97
42.57 -0,09 48,57
42.60 -0,08 47,17
42.63 0,07 45,92
42.67 0,07 44,52
42.70 0,23 43,11
42.73 0,23 41,86
42.77 0,23 40,46
42.80 0,39 39,05
42.83 0,39 37,80
42.87 0,39 36,56
42.90 0,39 35,31
42.93 0,39 34,22
42.97 0,39 32,97
43.00 0,38 31,88
43.03 0,23 30,94
43.07 0,23 30,00
43.10 0,08 29,06
43.13 0,09 28,13
43.17 0,08 27,35
43.20 0,07 26,72
43.23 -0,08 26,09
43.27 -0,09 25,47
43.30 -0,09 25,00
43.33 0,05 24,53
43.37 -0,10 24,07
43.40 -0,09 23,76
43.43 -0,24 23,45
43.47 -0,23 23,14
43.50 -0,08 22,98
43.53 -0,07 22,68
43.57 0,09 22,36
43.60 0,24 22,21
43.63 0,39 22,05
43.67 0,54 22,04
43.70 0,69 22,04
43.73 0,84 22,19
43.77 1,00 22,50
43.80 1,16 22,98
43.83 1,16 23,75
43.87 1,32 24,53
43.90 1,47 25,46
43.93 1,63 26,55
43.97 1,78 27,79
44.00 1,94 29,20
44.03 2,10 30,60
44.07 2,26 32,01
44.10 2,42 33,42
44.13 2,58 34,97
44.17 2,89 36,54
44.20 3,05 38,10
44.23 3,35 39,67
44.27 3,51 41,38
44.30 3,67 43,10
44.33 3,98 44,82
44.37 4,29 46,69
44.40 4,45 48,41
44.43 4,75 50,44
44.47 5,06 52,31
44.50 5,37 54,34
44.53 5,53 56,36
44.57 5,69 58,24
44.60 5,99 60,27
44.63 6,31 62,30
44.67 6,46 64,16
44.70 6,78 66,19
44.73 7,09 67,91
44.77 7,25 69,63
44.80 7,55 71,19
44.83 7,87 72,59
44.87 8,03 73,69
44.90 8,18 74,62
44.93 8,33 75,25
44.97 8,48 75,87
45.00 8,48 76,03
45.03 8,63 76,18
45.07 8,64 76,18
45.10 8,94 76,19
45.13 9,09 76,18
45.17 9,24 76,18
45.20 9,24 76,17
45.23 9,23 76,17
45.27 9,07 76,16
45.30 8,91 76,16
45.33 8,60 76,00
45.37 8,44 75,85
45.40 8,13 75,69
45.43 7,82 75,54
45.47 7,66 75,39
45.50 7,50 75,24
45.53 7,19 75,24
45.57 7,04 75,08
45.60 6,89 74,92
45.63 6,74 74,77
45.67 6,74 74,77
45.70 6,58 74,61
45.73 6,42 74,61
45.77 6,26 74,45
45.80 6,10 74,30
45.83 5,94 74,30
45.87 5,64 74,14
45.90 5,33 73,98
45.93 5,02 73,66
45.97 4,71 73,35
46.00 4,40 72,88
46.03 3,93 72,41
46.07 3,46 71,94
46.10 2,99 71,32
46.13 2,52 70,70
46.17 1,89 69,92
46.20 1,43 69,14
46.23 0,96 68,20
46.27 0,49 67,11
46.30 0,02 66,02
46.33 -0,30 64,92
46.37 -0,61 63,67
46.40 -0,92 62,26
46.43 -1,23 60,86
46.47 -1,39 59,46
46.50 -1,54 58,05
46.53 -1,70 56,65
46.57 -1,69 55,09
46.60 -1,70 53,53
46.63 -1,70 51,97
46.67 -1,70 50,40
46.70 -1,70 48,84
46.73 -1,69 47,44
46.77 -1,54 46,03
46.80 -1,39 44,47
46.83 -1,38 43,07
46.87 -1,23 41,67
46.90 -1,08 40,27
46.93 -1,07 39,02
46.97 -0,91 37,61
47.00 -0,76 36,21
47.03 -0,61 34,96
47.07 -0,61 33,87
47.10 -0,46 32,62
47.13 -0,46 31,53
47.17 -0,45 30,44
47.20 -0,45 29,50
47.23 -0,30 28,56
47.27 -0,30 27,48
47.30 -0,29 26,69
47.33 -0,28 25,91
47.37 -0,13 24,98
47.40 -0,13 24,20
47.43 -0,13 23,57
47.47 -0,12 22,94
47.50 -0,12 22,31
47.53 -0,11 21,70
47.57 -0,10 21,38
47.60 0,04 21,06
47.63 0,04 20,75
47.67 0,04 20,59
47.70 0,04 20,43
47.73 0,04 20,28
47.77 0,19 20,28
47.80 0,20 20,13
47.83 0,35 20,13
47.87 0,35 20,13
47.90 0,50 20,13
47.93 0,50 20,13
47.97 0,66 20,29
48.00 0,81 20,75
48.03 0,82 21,22
48.07 0,98 21,85
48.10 1,12 22,64
48.13 1,12 23,58
48.17 1,28 24,67
48.20 1,43 25,91
48.23 1,58 27,16
48.27 1,73 28,56
48.30 1,89 29,97
48.33 2,05 31,52
48.37 2,21 32,93
48.40 2,51 34,50
48.43 2,68 36,21
48.47 2,99 37,93
48.50 3,30 39,64
48.53 3,46 41,36
48.57 3,78 43,23
48.60 4,09 45,10
48.63 4,40 46,98
48.67 4,71 48,85
48.70 4,87 50,73
48.73 5,17 52,75
48.77 5,33 54,78
48.80 5,49 56,65
48.83 5,65 58,53
48.87 5,81 60,40
48.90 5,97 62,27
48.93 6,13 64,14
48.97 6,28 65,86
49.00 6,28 67,58
49.03 6,44 69,29
49.07 6,44 70,85
49.10 6,44 72,25
49.13 6,43 73,50
49.17 6,27 74,75
49.20 6,12 75,84
49.23 5,96 76,78
49.27 5,80 77,40
49.30 5,65 77,72
49.33 5,65 77,73
49.37 5,96 77,58
49.40 6,26 77,42
49.43 6,42 77,11
49.47 6,57 76,95
49.50 6,57 76,80
49.53 6,57 76,80
49.57 6,41 76,81
49.60 6,10 76,82
49.63 5,95 76,66
49.67 5,80 76,35
49.70 5,65 76,04
49.73 5,65 75,73
49.77 5,65 75,42
49.80 5,50 75,10
49.83 5,50 74,79
49.87 5,34 74,63
49.90 5,19 74,33
49.93 5,04 74,32
49.97 4,89 74,31
50.00 4,89 74,31
50.03 4,73 74,15
50.07 4,73 74,16
50.10 4,57 74,01
50.13 4,57 74,01
50.17 4,41 74,01
50.20 4,26 74,01
50.23 4,25 74,00
50.27 4,09 74,00
50.30 3,93 73,85
50.33 3,62 73,54
50.37 3,47 73,38
50.40 3,16 73,07
50.43 2,85 72,76
50.47 2,54 72,29
50.50 2,23 71,82
50.53 1,92 71,20
50.57 1,61 70,42
50.60 1,30 69,64
50.63 0,99 68,71
50.67 0,68 67,78
50.70 0,52 66,84
50.73 0,21 65,75
50.77 0,05 64,81
50.80 -0,11 63,57
50.83 -0,26 62,47
50.87 -0,41 61,23
50.90 -0,42 59,98
50.93 -0,57 58,73
50.97 -0,57 57,33
51.00 -0,57 55,92
51.03 -0,57 54,52
51.07 -0,57 53,27
51.10 -0,57 51,71
51.13 -0,57 50,30
51.17 -0,42 48,75
51.20 -0,42 47,34
51.23 -0,41 46,09
51.27 -0,41 44,69
51.30 -0,41 43,44
51.33 -0,26 42,19
51.37 -0,26 40,94
51.40 -0,26 39,69
51.43 -0,26 38,45
51.47 -0,25 37,20
51.50 -0,25 36,11
51.53 -0,25 34,86
51.57 -0,25 33,77
51.60 -0,25 32,68
51.63 -0,26 31,75
51.67 -0,26 30,81
51.70 -0,41 29,87
51.73 -0,42 29,08
51.77 -0,42 28,30
51.80 -0,58 27,52
51.83 -0,58 26,89
51.87 -0,58 26,11
51.90 -0,59 25,49
51.93 -0,59 24,87
51.97 -0,59 24,39
52.00 -0,59 23,77
52.03 -0,44 23,31
52.07 -0,44 23,00
52.10 -0,44 22,53
52.13 -0,29 22,21
52.17 -0,29 21,75
52.20 -0,14 21,59
52.23 -0,14 21,28
52.27 0,01 20,97
52.30 0,01 20,67
52.33 0,15 20,51
52.37 0,16 20,34
52.40 0,31 20,18
52.43 0,31 19,87
52.47 0,45 19,87
52.50 0,45 19,71
52.53 0,45 19,57
52.57 0,46 19,58
52.60 0,60 19,74
52.63 0,46 19,90
52.67 0,47 20,21
52.70 0,47 20,69
52.73 0,47 21,32
52.77 0,46 22,09
52.80 0,31 22,87
52.83 0,31 23,81
52.87 0,31 24,89
52.90 0,30 25,83
52.93 0,29 27,08
52.97 0,29 28,17
53.00 0,28 29,42
53.03 0,28 30,66
53.07 0,29 31,90
53.10 0,44 33,15
53.13 0,45 34,39
53.17 0,60 35,64
53.20 0,75 36,89
53.23 0,76 38,29
53.27 0,92 39,69
53.30 1,07 40,94
53.33 1,23 42,35
53.37 1,23 43,75
53.40 1,38 45,01
53.43 1,53 46,41
53.47 1,54 47,65
53.50 1,69 49,05
53.53 1,70 50,30
53.57 1,71 51,55
53.60 1,86 52,79
53.63 1,86 54,04
53.67 2,01 55,29
53.70 2,01 56,53
53.73 2,01 57,93
53.77 2,01 59,19
53.80 2,02 60,59
53.83 2,02 62,00
53.87 2,17 63,55
53.90 2,17 64,96
53.93 2,18 66,36
53.97 2,18 67,92
54.00 2,18 69,33
54.03 2,18 70,73
54.07 2,17 72,29
54.10 2,02 73,85
54.13 2,01 75,25
54.17 1,86 76,50
54.20 1,86 77,60
54.23 1,85 78,38
54.27 1,85 78,84
54.30 2,01 78,85
54.33 2,48 78,69
54.37 2,78 78,54
54.40 2,94 78,38
54.43 3,09 78,38
54.47 2,94 78,37
54.50 2,78 78,53
54.53 2,47 78,52
54.57 2,16 78,37
54.60 1,84 78,21
54.63 1,69 77,90
54.67 1,53 77,58
54.70 1,37 77,27
54.73 1,22 76,95
54.77 1,22 76,64
54.80 1,06 76,49
54.83 0,90 76,33
54.87 0,74 76,18
54.90 0,59 76,18
54.93 0,43 76,18
54.97 0,27 76,02
55.00 0,11 76,02
55.03 -0,05 75,86
55.07 -0,21 75,71
55.10 -0,36 75,71
55.13 -0,51 75,71
55.17 -0,51 75,71
55.20 -0,67 75,70
55.23 -0,67 75,70
55.27 -0,67 75,70
55.30 -0,82 75,69
55.33 -0,82 75,54
55.37 -0,82 75,54
55.40 -0,97 75,38
55.43 -0,97 75,07
55.47 -1,13 74,76
55.50 -1,13 74,29
55.53 -1,28 73,66
55.57 -1,44 73,04
55.60 -1,59 72,26
55.63 -1,75 71,48
55.67 -1,91 70,70
55.70 -2,06 69,76
55.73 -2,22 68,82
55.77 -2,38 67,73
55.80 -2,38 66,80
55.83 -2,53 65,55
55.87 -2,54 64,46
55.90 -2,54 63,36
55.93 -2,54 62,11
55.97 -2,54 60,87
56.00 -2,55 59,77
56.03 -2,55 58,53
56.07 -2,54 57,43
56.10 -2,54 56,34
56.13 -2,39 55,09
56.17 -2,39 53,84
56.20 -2,23 52,44
56.23 -2,23 51,66
56.27 -2,23 50,41
56.30 -2,07 49,16
56.33 -2,07 47,75
56.37 -1,92 46,97
56.40 -1,91 45,73
56.43 -1,76 44,64
56.47 -1,77 43,54
56.50 -1,77 42,30
56.53 -1,77 41,21
56.57 -1,77 40,12
56.60 -1,77 39,03
56.63 -1,78 37,94
56.67 -1,78 36,85
56.70 -1,93 35,91
56.73 -1,93 34,82
56.77 -1,93 33,88
56.80 -1,94 32,95
56.83 -1,95 32,02
56.87 -2,09 31,08
56.90 -2,09 30,30
56.93 -2,09 29,66
56.97 -2,09 29,05
57.00 -2,09 28,58
57.03 -2,09 28,10
57.07 -2,08 27,63
57.10 -1,93 27,16
57.13 -1,92 26,85
57.17 -1,76 26,55
57.20 -1,61 26,40
57.23 -1,47 26,09
57.27 -1,46 26,09
57.30 -1,30 25,94
57.33 -1,15 25,94
57.37 -1,14 25,94
57.40 -0,99 25,94
57.43 -0,83 25,93
57.47 -0,83 25,78
57.50 -0,67 25,79
57.53 -0,52 25,79
57.57 -0,52 25,78
57.60 -0,37 25,78
57.63 -0,37 25,77
57.67 -0,36 25,77
57.70 -0,21 25,78
57.73 -0,22 26,24
57.77 -0,22 26,56
57.80 -0,22 27,03
57.83 -0,21 27,66
57.87 -0,20 28,29
57.90 -0,06 29,08
57.93 -0,06 30,01
57.97 -0,05 30,94
58.00 -0,05 31,88
58.03 0,11 32,97
58.07 0,11 33,90
58.10 0,27 34,99
58.13 0,27 36,08
58.17 0,42 37,17
58.20 0,42 38,11
58.23 0,57 39,21
58.27 0,58 40,30
58.30 0,73 41,39
58.33 0,88 42,47
58.37 0,89 43,42
58.40 1,04 44,50
58.43 1,05 45,44
58.47 1,20 46,37
58.50 1,20 47,31
58.53 1,20 48,24
58.57 1,20 49,03
58.60 1,20 49,80
58.63 1,21 50,74
58.67 1,22 51,67
58.70 1,37 52,45
58.73 1,36 53,54
58.77 1,35 54,64
58.80 1,35 55,89
58.83 1,36 57,29
58.87 1,36 58,85
58.90 1,51 60,72
58.93 1,51 62,59
58.97 1,52 64,62
59.00 1,67 66,81
59.03 1,68 68,84
59.07 1,83 71,18
59.10 1,83 73,36
59.13 1,84 75,23
59.17 1,84 76,95
59.20 1,85 78,04
59.23 2,00 78,51
59.27 2,16 78,51
59.30 2,63 78,20
59.33 3,10 77,88
59.37 3,41 77,42
59.40 3,57 77,26
59.43 3,57 77,11
59.47 3,72 77,26
59.50 3,72 77,41
59.53 3,88 77,42
59.57 4,35 77,43
59.60 4,81 77,27
59.63 5,44 76,96
59.67 6,06 76,65
59.70 6,84 76,18
59.73 7,62 75,87
59.77 8,40 75,57
59.80 9,33 75,41
59.83 10,12 75,40
59.87 11,20 75,40
59.90 13,23 74,63
59.93 14,32 74,16
59.97 15,25 73,85
60.00 16,19 73,38
60.03 17,44 73,22
60.07 19,00 73,06
60.10 20,72 73,21
60.13 22,60 73,36
60.17 24,48 73,67
60.20 26,35 74,14
60.23 28,06 74,75
60.27 29,78 75,38
60.30 31,35 76,31
60.33 33,07 77,09
60.37 34,79 77,72
60.40 36,34 78,18
60.43 37,59 78,49
60.47 38,67 78,64
60.50 39,45 78,33
60.53 40,08 77,87
60.57 40,55 77,40
60.60 41,34 76,78
60.63 42,42 76,15
60.67 43,36 75,37
60.70 44,31 74,59
60.73 45,40 73,97
60.77 46,33 73,51
60.80 47,10 73,20
60.83 47,89 72,88
60.87 48,83 72,72
60.90 49,76 72,56
60.93 50,55 72,57
60.97 51,33 72,57
61.00 52,11 72,57
61.03 52,90 72,42
61.07 53,83 72,41
61.10 54,60 72,26
61.13 55,22 72,26
61.17 55,84 72,11
61.20 56,46 71,95
61.23 56,93 71,80
61.27 57,40 71,64
61.30 57,72 71,64
61.33 57,89 71,49
61.37 57,73 71,34
61.40 57,10 70,87
61.43 56,49 70,41
61.47 56,02 70,09
61.50 55,39 69,77
61.53 54,76 69,62
61.57 53,99 69,46
61.60 53,22 69,31
61.63 52,44 69,31
61.67 51,65 69,62
61.70 50,72 69,78
61.73 49,93 69,94
61.77 48,99 70,24
61.80 48,05 70,55
61.83 47,11 70,87
61.87 46,33 71,33
61.90 45,55 71,80
61.93 45,08 72,27
61.97 44,61 72,90
62.00 44,14 73,68
62.03 43,83 73,99
62.07 43,52 74,31
62.10 43,36 74,46
62.13 43,05 74,62
62.17 42,90 74,46
62.20 42,74 74,30
62.23 42,75 74,15
62.27 42,90 74,00
62.30 43,06 74,00
62.33 43,21 74,15
62.37 43,53 74,31
62.40 44,00 74,78
62.43 44,62 75,40
62.47 45,24 76,18
62.50 46,18 77,27
62.53 46,96 78,67
62.57 47,73 80,24
62.60 48,51 81,96
62.63 49,29 83,52
62.67 50,22 84,93
62.70 51,16 86,33
62.73 52,24 87,26
62.77 53,33 87,89
62.80 54,42 88,21
62.83 55,51 88,21
62.87 56,60 88,05
62.90 57,70 87,43
62.93 58,79 86,65
62.97 59,89 85,56
63.00 60,82 84,31
63.03 61,76 83,07
63.07 62,54 81,82
63.10 63,31 80,41
63.13 63,93 78,86
63.17 64,70 77,30
63.20 63,61 77,29
63.23 62,67 77,45
63.27 62,50 77,61
63.30 62,50 77,61
63.33 62,96 77,61
63.37 63,58 77,46
63.40 63,74 77,77
63.43 63,74 77,62
63.47 63,59 77,77
63.50 63,74 77,77
63.53 63,73 77,77
63.57 63,57 77,77
63.60 63,58 77,77
63.63 63,73 77,78
63.67 63,57 77,93
63.70 63,57 77,93
63.73 63,58 77,92
63.77 63,58 77,92
63.80 63,57 77,93
63.83 63,56 77,93
63.87 63,56 77,94
63.90 63,55 77,94
63.93 63,54 77,94
63.97 63,54 77,95
64.00 63,53 77,95
64.03 63,52 77,96
64.07 63,52 77,96
64.10 63,52 77,96
64.13 63,51 77,96
64.17 63,51 77,96
64.20 63,52 77,95
64.23 63,52 77,80
64.27 63,53 77,80
64.30 63,54 77,80
64.33 63,55 77,80
64.37 63,56 77,80
64.40 63,57 77,80
64.43 63,58 77,80
64.47 63,58 77,80
64.50 63,59 77,80
64.53 63,59 77,80
64.57 63,60 77,80
64.60 63,45 77,80
64.63 63,46 77,80
64.67 63,46 77,80
64.70 63,47 77,80
64.73 63,48 77,81
64.77 63,48 77,81
64.80 63,49 77,81
64.83 63,50 77,81
64.87 63,50 77,81
64.90 63,51 77,81
64.93 63,51 77,81
64.97 63,52 77,81
65.00 63,52 77,82
