#Kinovea Trajectory data export
#T X Y

# Trajectory 1
8.17 70,53 76,74
8.20 70,41 76,85
8.23 70,29 76,86
8.27 70,06 76,86
8.30 69,81 77,09
8.33 69,46 77,33
8.37 68,98 77,69
8.40 68,50 78,05
8.43 67,91 78,52
8.47 67,31 79,00
8.50 66,59 79,48
8.53 65,76 79,83
8.57 65,04 79,95
8.60 64,45 79,95
8.63 63,85 79,95
8.67 63,37 79,60
8.70 62,78 79,36
8.73 61,94 78,88
8.77 60,99 78,52
8.80 59,92 78,16
8.83 58,60 77,80
8.87 57,05 77,44
8.90 55,38 77,08
8.93 53,83 76,96
8.97 52,16 76,73
9.00 50,73 76,73
9.03 49,53 76,85
9.07 48,34 77,09
9.10 47,51 77,45
9.13 46,79 77,81
9.17 46,07 78,16
9.20 45,35 78,52
9.23 44,52 78,87
9.27 43,56 79,11
9.30 42,61 79,34
9.33 41,66 79,58
9.37 40,58 79,83
9.40 39,27 80,30
9.43 37,84 80,77
9.47 36,41 81,25
9.50 35,10 81,96
9.53 33,66 82,56
9.57 32,35 83,16
9.60 31,16 83,75
9.63 30,08 84,34
9.67 29,37 85,05
9.70 28,65 85,53
9.73 28,05 85,89
9.77 27,34 86,01
9.80 26,74 86,00
9.83 26,03 85,65
9.87 25,07 85,29
9.90 24,12 84,93
9.93 23,17 84,34
9.97 22,21 83,87
10.00 21,14 83,51
10.03 20,07 83,03
10.07 18,87 82,55
10.10 17,80 82,07
10.13 16,73 81,60
10.17 15,77 81,24
10.20 14,82 81,00
10.23 13,99 81,01
10.27 13,27 81,13
10.30 12,55 81,37
10.33 12,08 81,61
10.37 11,60 81,85
10.40 11,12 82,09
10.43 10,52 82,32
10.47 9,93 82,45
10.50 9,33 82,68
10.53 8,73 82,80
10.57 8,37 83,04
10.60 8,02 83,52
10.63 7,78 84,12
10.67 7,66 84,59
10.70 7,54 85,07
10.73 7,42 85,43
10.77 7,42 85,78
10.80 7,42 85,91
10.83 7,54 86,14
10.87 7,54 86,13
10.90 7,54 86,13
10.93 7,54 86,01
10.97 7,54 85,88
11.00 7,42 85,65
11.03 7,42 85,41
11.07 7,42 85,18
11.10 7,53 84,94
11.13 7,65 84,71
11.17 7,89 84,47
11.20 8,01 84,23
11.23 8,25 84,00
11.27 8,49 83,88
11.30 8,73 83,64
11.33 8,97 83,51
11.37 9,09 83,28
11.40 9,21 82,92
11.43 9,32 82,56
11.47 9,21 82,20
11.50 9,21 81,85
11.53 9,21 81,61
11.57 9,32 81,38
11.60 9,44 81,38
11.63 9,56 81,38
11.67 9,68 81,26
11.70 9,92 81,14
11.73 10,15 80,90
11.77 10,39 80,67
11.80 10,63 80,43
11.83 10,99 80,20
11.87 11,47 80,08
11.90 12,06 79,96
11.93 12,66 79,95
11.97 13,25 79,96
12.00 13,73 80,08
12.03 14,21 80,31
12.07 14,57 80,31
12.10 14,81 80,08
12.13 15,04 79,72
12.17 15,16 79,25
12.20 15,28 78,88
12.23 15,40 78,52
12.27 15,53 78,40
12.30 15,65 78,40
12.33 15,77 78,63
12.37 16,01 78,75
12.40 16,13 78,88
12.43 16,37 78,88
12.47 16,61 78,76
12.50 16,85 78,64
12.53 17,09 78,40
12.57 17,33 78,16
12.60 17,57 78,16
12.63 17,81 78,16
12.67 18,17 78,16
12.70 18,41 78,28
12.73 18,77 78,40
12.77 19,13 78,39
12.80 19,49 78,27
12.83 19,84 78,27
12.87 20,32 78,15
12.90 20,68 78,15
12.93 20,91 78,15
12.97 21,16 78,26
13.00 21,40 78,27
13.03 21,63 78,38
13.07 21,75 78,39
13.10 21,88 78,40
13.13 21,99 78,40
13.17 22,12 78,52
13.20 22,35 78,63
13.23 22,47 78,76
13.27 22,47 79,11
13.30 22,35 79,36
13.33 22,23 79,48
13.37 21,88 79,36
13.40 21,64 79,12
13.43 21,40 79,00
13.47 21,04 78,76
13.50 20,68 78,77
13.53 20,33 79,00
13.57 20,09 79,24
13.60 19,85 79,48
13.63 19,62 79,72
13.67 19,49 79,84
13.70 19,26 79,85
13.73 19,14 79,96
13.77 18,90 79,84
13.80 18,78 79,73
13.83 18,66 79,73
13.87 18,54 79,85
13.90 18,31 79,84
13.93 18,19 79,85
13.97 17,95 79,85
14.00 17,83 79,85
14.03 17,59 79,74
14.07 17,35 79,62
14.10 17,12 79,51
14.13 16,99 79,27
14.17 16,76 79,27
14.20 16,52 79,16
14.23 16,40 79,16
14.27 16,28 79,28
14.30 16,04 79,28
14.33 15,92 79,29
14.37 15,80 79,41
14.40 15,68 79,41
14.43 15,68 79,53
14.47 15,56 79,52
14.50 15,45 79,53
14.53 15,45 79,64
14.57 15,45 79,53
14.60 15,44 79,52
14.63 15,44 79,40
14.67 15,32 79,40
14.70 15,32 79,52
14.73 15,20 79,64
14.77 15,08 79,76
14.80 15,08 79,99
14.83 14,96 80,11
14.87 14,84 80,10
14.90 14,84 80,11
14.93 14,61 80,11
14.97 14,49 79,99
15.00 14,25 79,88
15.03 14,02 79,76
15.07 13,78 79,64
15.10 13,42 79,40
15.13 13,06 79,15
15.17 12,70 78,80
15.20 12,23 78,44
15.23 11,87 78,08
15.27 11,39 77,49
15.30 11,03 77,01
15.33 10,67 76,29
15.37 10,32 75,69
15.40 10,08 74,86
15.43 9,83 74,02
15.47 9,60 73,19
15.50 9,47 72,24
15.53 9,35 70,44
15.57 9,35 69,49
15.60 9,35 68,41
15.63 9,46 67,34
15.67 9,58 66,14
15.70 9,82 64,95
15.73 9,94 63,76
15.77 10,17 62,56
15.80 10,29 61,37
15.83 10,53 60,18
15.87 10,65 58,98
15.90 10,77 57,67
15.93 10,89 56,47
15.97 11,01 55,16
16.00 11,13 53,85
16.03 11,25 52,54
16.07 11,25 51,35
16.10 11,25 50,04
16.13 11,37 48,84
16.17 11,37 47,53
16.20 11,37 46,34
16.23 11,25 45,15
16.27 11,13 43,95
16.30 10,90 42,76
16.33 10,66 41,57
16.37 10,54 40,49
16.40 10,30 39,30
16.43 10,17 38,23
16.47 9,82 37,28
16.50 9,58 36,44
16.53 9,34 35,48
16.57 9,09 34,53
16.60 8,74 33,81
16.63 8,50 32,98
16.67 8,27 32,26
16.70 8,03 31,54
16.73 7,68 30,83
16.77 7,56 30,35
16.80 7,44 29,64
16.83 7,31 29,16
16.87 7,31 28,68
16.90 7,19 28,21
16.93 7,19 27,85
16.97 7,18 27,61
17.00 7,18 27,37
17.03 7,30 27,24
17.07 7,30 27,01
17.10 7,41 26,89
17.13 7,41 26,77
17.17 7,53 26,76
17.20 7,65 26,75
17.23 7,76 26,87
17.27 7,77 26,88
17.30 7,89 26,88
17.33 8,02 26,99
17.37 8,14 27,11
17.40 8,26 27,34
17.43 8,39 27,59
17.47 8,51 28,07
17.50 8,63 28,67
17.53 8,75 29,51
17.57 8,98 30,59
17.60 9,10 31,79
17.63 9,22 33,22
17.67 9,46 34,78
17.70 9,70 36,56
17.73 10,05 38,47
17.77 10,29 40,50
17.80 10,52 42,65
17.83 10,76 44,91
17.87 11,00 47,30
17.90 11,24 49,81
17.93 11,60 52,44
17.97 11,84 55,18
18.00 12,08 57,93
18.03 12,44 60,67
18.07 12,80 63,54
18.10 13,15 66,28
18.13 13,51 68,91
18.17 13,98 71,53
18.20 14,34 73,80
18.23 14,82 75,95
18.27 15,30 77,74
18.30 15,65 79,17
18.33 16,01 80,13
18.37 16,25 80,60
18.40 16,49 80,61
18.43 16,96 80,25
18.47 17,44 79,53
18.50 17,91 78,94
18.53 18,03 78,58
18.57 17,91 78,34
18.60 17,67 78,22
18.63 17,31 78,21
18.67 17,07 78,21
18.70 16,84 78,09
18.73 16,72 77,97
18.77 16,72 77,85
18.80 16,61 77,74
18.83 16,60 77,73
18.87 16,48 77,73
18.90 16,24 77,72
18.93 16,13 77,72
18.97 16,01 77,84
19.00 15,89 77,84
19.03 15,77 77,96
19.07 15,53 77,95
19.10 15,28 78,07
19.13 14,93 77,95
19.17 14,69 77,83
19.20 14,32 77,60
19.23 13,85 77,36
19.27 13,49 77,12
19.30 13,01 76,77
19.33 12,53 76,29
19.37 12,05 75,81
19.40 11,57 75,22
19.43 11,09 74,63
19.47 10,73 74,03
19.50 10,25 73,43
19.53 9,90 72,71
19.57 9,66 71,87
19.60 9,42 70,91
19.63 9,18 69,84
19.67 8,94 68,53
19.70 8,71 67,22
19.73 8,59 65,91
19.77 8,47 64,59
19.80 8,35 63,16
19.83 8,23 61,60
19.87 8,11 60,17
19.90 7,99 58,73
19.93 7,87 57,06
19.97 7,75 55,39
20.00 7,63 53,84
20.03 7,51 52,28
20.07 7,39 50,61
20.10 7,26 48,94
20.13 7,03 47,39
20.17 6,90 45,83
20.20 6,66 44,17
20.23 6,42 42,73
20.27 6,19 41,42
20.30 5,95 39,98
20.33 5,72 38,55
20.37 5,48 37,24
20.40 5,23 36,16
20.43 4,88 34,97
20.47 4,52 33,78
20.50 4,28 32,70
20.53 3,92 31,87
20.57 3,57 30,91
20.60 3,33 30,08
20.63 2,97 29,36
20.67 2,73 28,64
20.70 2,37 28,05
20.73 2,02 27,33
20.77 1,78 26,85
20.80 1,42 26,37
20.83 1,19 26,02
20.87 0,96 25,66
20.90 0,83 25,54
20.93 0,60 25,42
20.97 0,48 25,42
21.00 0,36 25,31
21.03 0,24 25,42
21.07 0,11 25,43
21.10 -0,00 25,55
21.13 -0,00 25,79
21.17 -0,01 26,02
21.20 -0,01 26,38
21.23 -0,01 26,97
21.27 -0,01 27,69
21.30 0,11 28,65
21.33 0,23 29,84
21.37 0,35 31,03
21.40 0,59 32,58
21.43 0,83 34,25
21.47 1,07 36,04
21.50 1,42 37,95
21.53 1,78 39,98
21.57 2,14 42,13
21.60 2,50 44,28
21.63 2,97 46,54
21.67 3,33 48,93
21.70 3,93 51,44
21.73 4,40 53,82
21.77 4,88 56,45
21.80 5,48 58,96
21.83 6,07 61,58
21.87 6,67 64,21
21.90 7,26 66,83
21.93 7,98 69,34
21.97 8,58 71,72
22.00 9,29 73,87
22.03 9,89 75,90
22.07 10,49 77,45
22.10 11,09 78,89
22.13 11,57 79,72
22.17 12,04 80,20
22.20 12,41 80,21
22.23 13,00 79,96
22.27 13,48 79,48
22.30 14,08 78,89
22.33 14,44 78,53
22.37 14,68 78,30
22.40 14,79 78,30
22.43 14,68 78,31
22.47 14,68 78,43
22.50 14,68 78,43
22.53 14,80 78,32
22.57 14,80 78,20
22.60 14,92 78,09
22.63 15,03 77,96
22.67 14,92 77,73
22.70 14,80 77,62
22.73 14,57 77,50
22.77 14,33 77,26
22.80 13,97 77,02
22.83 13,62 76,54
22.87 13,14 76,06
22.90 12,66 75,34
22.93 12,06 74,63
22.97 11,46 73,79
23.00 10,87 72,83
23.03 10,27 71,88
23.07 9,67 70,92
23.10 9,19 69,85
23.13 8,71 68,66
23.17 8,23 67,47
23.20 7,75 66,16
23.23 7,51 64,84
23.27 7,16 63,29
23.30 7,03 61,87
23.33 6,91 60,44
23.37 6,79 59,00
23.40 6,79 57,45
23.43 6,79 55,90
23.47 6,91 54,35
23.50 7,03 52,93
23.53 7,27 51,49
23.57 7,39 49,94
23.60 7,62 48,51
23.63 7,86 47,08
23.67 8,09 45,65
23.70 8,22 44,21
23.73 8,45 42,78
23.77 8,57 41,35
23.80 8,70 40,04
23.83 8,82 38,72
23.87 8,82 37,42
23.90 8,93 36,34
23.93 8,82 35,15
23.97 8,82 33,96
24.00 8,70 32,89
24.03 8,58 32,05
24.07 8,34 31,10
24.10 8,11 30,26
24.13 7,88 29,43
24.17 7,64 28,71
24.20 7,40 28,00
24.23 7,16 27,40
24.27 6,91 26,81
24.30 6,56 26,33
24.33 6,32 25,86
24.37 6,08 25,51
24.40 5,84 25,27
24.43 5,60 25,03
24.47 5,36 24,92
24.50 5,12 24,80
24.53 5,00 24,80
24.57 4,77 24,68
24.60 4,65 24,69
24.63 4,54 24,80
24.67 4,53 24,80
24.70 4,41 24,81
24.73 4,41 25,04
24.77 4,41 25,28
24.80 4,40 25,88
24.83 4,40 26,59
24.87 4,41 27,54
24.90 4,53 28,61
24.93 4,65 29,81
24.97 4,77 31,25
25.00 4,89 32,92
25.03 5,13 34,71
25.07 5,37 36,62
25.10 5,62 38,64
25.13 5,86 40,79
25.17 6,22 42,94
25.20 6,57 45,32
25.23 6,93 47,71
25.27 7,28 50,09
25.30 7,64 52,60
25.33 8,12 55,10
25.37 8,48 57,61
25.40 8,95 60,23
25.43 9,43 62,74
25.47 9,91 65,25
25.50 10,39 67,75
25.53 10,86 70,02
25.57 11,22 72,17
25.60 11,70 74,08
25.63 12,06 75,63
25.67 12,42 76,82
25.70 12,78 77,89
25.73 12,90 78,49
25.77 13,14 78,73
25.80 13,50 78,61
25.83 14,09 78,25
25.87 14,57 77,77
25.90 14,92 77,42
25.93 15,03 77,30
25.97 14,92 77,42
26.00 14,92 77,66
26.03 14,80 77,90
26.07 14,79 78,13
26.10 14,80 78,14
26.13 14,92 78,14
26.17 15,03 78,02
26.20 15,03 77,91
26.23 14,91 77,91
26.27 14,80 77,91
26.30 14,68 77,91
26.33 14,56 78,02
26.37 14,21 78,02
26.40 13,97 77,91
26.43 13,61 77,79
26.47 13,26 77,43
26.50 12,89 77,07
26.53 12,41 76,59
26.57 11,93 76,11
26.60 11,34 75,51
26.63 10,86 74,79
26.67 10,38 74,07
26.70 9,90 73,11
26.73 9,42 72,16
26.77 9,07 71,09
26.80 8,71 69,90
26.83 8,47 68,82
26.87 8,24 67,51
26.90 8,11 66,20
26.93 7,99 64,89
26.97 7,87 63,57
27.00 7,87 62,02
27.03 7,87 60,59
27.07 7,86 59,15
27.10 7,86 57,48
27.13 7,86 55,81
27.17 7,98 54,27
27.20 8,10 52,83
27.23 8,10 51,28
27.27 8,22 49,72
27.30 8,22 48,05
27.33 8,34 46,51
27.37 8,34 45,07
27.40 8,34 43,51
27.43 8,35 41,96
27.47 8,34 40,53
27.50 8,23 39,10
27.53 8,23 37,67
27.57 8,11 36,36
27.60 7,98 35,16
27.63 7,75 33,86
27.67 7,63 32,66
27.70 7,39 31,59
27.73 7,16 30,51
27.77 6,92 29,44
27.80 6,68 28,37
27.83 6,44 27,53
27.87 6,20 26,70
27.90 5,96 25,75
27.93 5,71 24,91
27.97 5,36 24,20
28.00 5,13 23,61
28.03 4,90 23,02
28.07 4,66 22,55
28.10 4,43 22,30
28.13 4,19 22,06
28.17 4,07 21,94
28.20 3,84 21,82
28.23 3,73 21,82
28.27 3,61 21,94
28.30 3,49 21,94
28.33 3,37 22,06
28.37 3,25 22,06
28.40 3,14 22,06
28.43 3,02 22,30
28.47 2,90 22,54
28.50 2,78 23,13
28.53 2,78 23,85
28.57 2,78 24,80
28.60 2,67 25,99
28.63 2,66 27,30
28.67 2,66 28,86
28.70 2,66 30,53
28.73 2,66 32,43
28.77 2,66 34,46
28.80 2,78 36,49
28.83 2,90 38,64
28.87 3,02 40,90
28.90 3,14 43,17
28.93 3,38 45,68
28.97 3,61 48,07
29.00 3,85 50,57
29.03 4,09 53,08
29.07 4,33 55,58
29.10 4,69 58,09
29.13 4,93 60,48
29.17 5,28 62,98
29.20 5,64 65,25
29.23 6,00 67,40
29.27 6,35 69,43
29.30 6,71 71,22
29.33 6,95 72,77
29.37 7,31 74,20
29.40 7,55 75,28
29.43 7,79 75,99
29.47 8,03 76,59
29.50 8,26 76,95
29.53 8,50 76,95
29.57 8,85 76,71
29.60 9,21 76,36
29.63 9,80 76,00
29.67 10,17 75,76
29.70 10,64 75,52
29.73 10,88 75,52
29.77 10,99 75,40
29.80 11,11 75,40
29.83 11,10 75,28
29.87 11,10 75,15
29.90 11,09 74,92
29.93 11,09 74,68
29.97 11,10 74,55
30.00 11,22 74,32
30.03 11,22 74,21
30.07 11,22 74,21
30.10 11,33 74,33
30.13 11,33 74,44
30.17 11,45 74,56
30.20 11,45 74,67
30.23 11,45 74,78
30.27 11,46 74,79
30.30 11,46 74,79
30.33 11,46 74,79
30.37 11,34 74,67
30.40 11,21 74,56
30.43 10,97 74,32
30.47 10,73 74,08
30.50 10,37 73,73
30.53 9,89 73,25
30.57 9,53 72,77
30.60 8,94 72,05
30.63 8,46 71,34
30.67 7,99 70,51
30.70 7,52 69,67
30.73 7,16 68,84
30.77 6,69 67,89
30.80 6,44 66,93
30.83 6,08 65,85
30.87 5,84 64,77
30.90 5,60 63,47
30.93 5,36 62,28
30.97 5,24 60,97
31.00 5,12 59,65
31.03 5,12 58,34
31.07 5,12 57,03
31.10 5,12 55,60
31.13 5,24 54,28
31.17 5,24 52,97
31.20 5,36 51,53
31.23 5,36 50,10
31.27 5,36 48,79
31.30 5,48 47,47
31.33 5,49 46,28
31.37 5,60 44,96
31.40 5,60 43,77
31.43 5,61 42,57
31.47 5,61 41,38
31.50 5,61 40,19
31.53 5,61 39,00
31.57 5,61 37,92
31.60 5,49 36,84
31.63 5,37 35,65
31.67 5,25 34,46
31.70 5,13 33,50
31.73 4,89 32,43
31.77 4,77 31,47
31.80 4,65 30,40
31.83 4,41 29,45
31.87 4,29 28,49
31.90 3,93 26,70
31.93 3,82 25,87
31.97 3,70 25,16
32.00 3,58 24,44
32.03 3,46 23,85
32.07 3,45 23,37
32.10 3,34 22,90
32.13 3,34 22,66
32.17 3,34 22,42
32.20 3,34 22,19
32.23 3,33 22,07
32.27 3,33 21,95
32.30 3,33 21,95
32.33 3,33 21,95
32.37 3,33 21,84
32.40 3,34 21,96
32.43 3,45 22,32
32.47 3,45 22,81
32.50 3,46 23,53
32.53 3,58 24,48
32.57 3,70 25,55
32.60 3,81 26,86
32.63 3,93 28,29
32.67 4,05 29,85
32.70 4,17 31,63
32.73 4,29 33,42
32.77 4,41 35,33
32.80 4,65 37,36
32.83 4,77 39,39
32.87 5,01 41,53
32.90 5,25 43,68
32.93 5,37 45,95
32.97 5,61 48,34
33.00 5,85 50,72
33.03 6,08 53,11
33.07 6,32 55,50
33.10 6,56 57,88
33.13 6,92 60,27
33.17 7,16 62,66
33.20 7,52 64,93
33.23 7,76 67,20
33.27 8,12 69,22
33.30 8,47 71,13
33.33 8,71 72,81
33.37 9,07 74,24
33.40 9,30 75,43
33.43 9,54 76,15
33.47 9,90 76,51
33.50 10,25 76,40
33.53 10,85 76,04
33.57 11,33 75,68
33.60 11,92 75,20
33.63 12,39 75,08
33.67 12,75 75,08
33.70 12,87 75,32
33.73 13,11 75,56
33.77 13,23 75,92
33.80 13,35 76,04
33.83 13,47 76,03
33.87 13,71 75,91
33.90 13,94 75,68
33.93 14,06 75,56
33.97 14,18 75,56
34.00 14,18 75,68
34.03 14,18 75,91
34.07 14,18 76,14
34.10 14,06 76,27
34.13 14,07 76,39
34.17 14,18 76,52
34.20 14,18 76,63
34.23 14,19 76,51
34.27 14,30 76,51
34.30 14,30 76,51
34.33 14,30 76,52
34.37 14,18 76,52
34.40 14,18 76,51
34.43 14,06 76,39
34.47 13,94 76,15
34.50 13,71 75,90
34.53 13,59 75,43
34.57 13,23 74,95
34.60 12,99 74,36
34.63 12,63 73,76
34.67 12,27 72,93
34.70 11,91 72,10
34.73 11,55 71,26
34.77 11,31 70,19
34.80 10,95 69,12
34.83 10,71 68,04
34.87 10,47 66,73
34.90 10,23 65,54
34.93 10,11 64,35
34.97 9,99 63,03
35.00 9,87 61,72
35.03 9,75 60,41
35.07 9,74 59,10
35.10 9,62 57,67
35.13 9,62 56,36
35.17 9,62 54,93
35.20 9,50 53,50
35.23 9,50 52,07
35.27 9,50 50,52
35.30 9,50 48,97
35.33 9,38 47,53
35.37 9,27 45,98
35.40 9,27 44,55
35.43 9,15 43,24
35.47 9,03 41,80
35.50 8,91 40,37
35.53 8,79 39,05
35.57 8,55 37,86
35.60 8,31 36,55
35.63 8,06 35,35
35.67 7,71 34,04
35.70 7,46 32,97
35.73 7,10 31,90
35.77 6,74 30,82
35.80 6,39 29,86
35.83 6,03 29,02
35.87 5,67 28,07
35.90 5,30 27,12
35.93 4,94 26,41
35.97 4,58 25,81
36.00 4,22 25,21
36.03 3,98 24,61
36.07 3,62 24,13
36.10 3,39 23,54
36.13 3,27 23,18
36.17 3,03 22,70
36.20 2,92 22,46
36.23 2,80 22,34
36.27 2,80 22,10
36.30 2,69 21,98
36.33 2,69 21,99
36.37 2,70 22,11
36.40 2,81 22,24
36.43 2,82 22,35
36.47 2,94 22,36
36.50 3,05 22,48
36.53 3,06 22,59
36.57 3,18 22,71
36.60 3,42 23,07
36.63 3,54 23,66
36.67 3,77 24,37
36.70 3,90 25,20
36.73 4,13 26,28
36.77 4,37 27,47
36.80 4,61 28,90
36.83 4,85 30,34
36.87 5,21 32,00
36.90 5,45 33,79
36.93 5,81 35,58
36.97 6,28 37,49
37.00 6,64 39,52
37.03 7,12 41,55
37.07 7,59 43,58
37.10 8,06 45,61
37.13 8,54 47,76
37.17 9,02 50,02
37.20 9,50 52,17
37.23 10,09 54,32
37.27 10,57 56,58
37.30 11,17 58,73
37.33 11,76 60,76
37.37 12,36 62,79
37.40 12,83 64,82
37.43 13,43 66,73
37.47 13,91 68,40
37.50 14,50 69,96
37.53 14,98 71,39
37.57 15,46 72,58
37.60 15,82 73,66
37.63 16,18 74,49
37.67 16,53 75,09
37.70 16,65 75,45
37.73 16,77 75,45
37.77 16,89 75,33
37.80 16,90 74,98
37.83 17,13 74,73
37.87 17,25 74,38
37.90 17,49 74,26
37.93 17,61 74,26
37.97 17,72 74,37
38.00 17,72 74,50
38.03 17,71 74,63
38.07 17,59 74,74
38.10 17,59 74,74
38.13 17,47 74,51
38.17 17,47 74,38
38.20 17,47 74,14
38.23 17,36 74,02
38.27 17,36 74,02
38.30 17,24 74,02
38.33 17,13 74,14
38.37 17,01 74,26
38.40 16,89 74,39
38.43 16,78 74,50
38.47 16,66 74,50
38.50 16,66 74,49
38.53 16,54 74,38
38.57 16,42 74,38
38.60 16,30 74,38
38.63 16,17 74,26
38.67 15,93 74,26
38.70 15,81 74,15
38.73 15,57 74,03
38.77 15,33 73,92
38.80 15,09 73,81
38.83 14,73 73,69
38.87 14,49 73,57
38.90 14,01 73,22
38.93 13,65 72,97
38.97 13,06 72,49
39.00 12,58 71,89
39.03 11,99 71,17
39.07 11,39 70,34
39.10 10,79 69,50
39.13 10,20 68,55
39.17 9,60 67,48
39.20 9,12 66,41
39.23 8,64 65,21
39.27 8,17 64,02
39.30 7,81 62,71
39.33 7,45 61,40
39.37 7,09 59,97
39.40 6,86 58,65
39.43 6,74 57,10
39.47 6,62 55,55
39.50 6,49 54,00
39.53 6,37 52,45
39.57 6,26 50,78
39.60 6,26 49,23
39.63 6,26 47,56
39.67 6,25 46,02
39.70 6,25 44,46
39.73 6,25 42,91
39.77 6,25 41,47
39.80 6,25 40,04
39.83 6,13 38,61
39.87 6,13 37,06
39.90 6,02 35,74
39.93 5,90 34,43
39.97 5,90 33,23
40.00 5,77 32,04
40.03 5,54 30,96
40.07 5,43 30,01
40.10 5,31 29,17
40.13 5,19 28,21
40.17 5,07 27,50
40.20 4,96 26,78
40.23 4,95 26,07
40.27 4,83 25,47
40.30 4,72 24,88
40.33 4,72 24,52
40.37 4,60 24,05
40.40 4,60 23,80
40.43 4,48 23,45
40.47 4,48 23,33
40.50 4,36 23,33
40.53 4,36 23,22
40.57 4,36 23,33
40.60 4,24 23,33
40.63 4,23 23,34
40.67 4,12 23,45
40.70 4,12 23,46
40.73 4,11 23,46
40.77 4,00 23,46
40.80 4,00 23,33
40.83 4,00 23,22
40.87 4,00 23,21
40.90 4,00 23,21
40.93 4,00 23,45
40.97 4,11 23,92
41.00 4,11 24,52
41.03 4,22 25,24
41.07 4,23 26,20
41.10 4,46 27,39
41.13 4,58 28,70
41.17 4,82 30,13
41.20 5,06 31,68
41.23 5,30 33,23
41.27 5,55 34,90
41.30 5,91 36,57
41.33 6,27 38,37
41.37 6,74 40,28
41.40 7,10 42,18
41.43 7,57 43,98
41.47 7,93 45,89
41.50 8,42 47,92
41.53 8,90 49,95
41.57 9,38 51,97
41.60 9,97 54,01
41.63 10,45 56,15
41.67 11,04 58,18
41.70 11,52 60,21
41.73 12,11 62,24
41.77 12,71 64,27
41.80 13,30 66,30
41.83 13,78 68,09
41.87 14,37 69,88
41.90 14,97 71,31
41.93 15,45 72,62
41.97 16,04 73,70
42.00 16,51 74,65
42.03 16,87 75,36
42.07 17,23 75,84
42.10 17,58 76,07
42.13 17,82 75,95
42.17 18,29 75,72
42.20 18,65 75,48
42.23 19,01 75,24
42.27 19,37 75,12
42.30 19,60 75,11
42.33 19,84 75,12
42.37 19,96 75,23
42.40 19,96 75,24
42.43 20,07 75,35
42.47 20,07 75,23
42.50 20,07 75,23
42.53 20,07 75,11
42.57 19,95 74,99
42.60 19,84 74,87
42.63 19,72 74,87
42.67 19,60 74,87
42.70 19,49 74,88
42.73 19,37 75,00
42.77 19,14 75,11
42.80 19,02 75,23
42.83 18,91 75,36
42.87 18,79 75,59
42.90 18,67 75,71
42.93 18,55 75,71
42.97 18,43 75,83
43.00 18,32 75,83
43.03 18,32 75,95
43.07 18,19 75,94
43.10 17,96 75,82
43.13 17,84 75,71
43.17 17,59 75,59
43.20 17,35 75,46
43.23 17,00 75,22
43.27 16,64 74,87
43.30 16,29 74,63
43.33 15,81 74,27
43.37 15,21 73,79
43.40 14,62 73,31
43.43 14,02 72,60
43.47 13,30 71,88
43.50 12,59 71,04
43.53 11,87 70,09
43.57 11,16 69,13
43.60 10,56 68,05
43.63 9,96 66,86
43.67 9,37 65,78
43.70 8,77 64,59
43.73 8,41 63,27
43.77 7,94 62,08
43.80 7,58 60,65
43.83 7,35 59,33
43.87 7,11 57,91
43.90 6,99 56,36
43.93 6,87 54,92
43.97 6,76 53,37
44.00 6,75 51,94
44.03 6,63 50,38
44.07 6,63 48,95
44.10 6,63 47,40
44.13 6,64 45,86
44.17 6,64 44,42
44.20 6,76 42,99
44.23 6,75 41,68
44.27 6,75 40,24
44.30 6,75 38,93
44.33 6,63 37,73
44.37 6,63 36,54
44.40 6,51 35,24
44.43 6,39 34,16
44.47 6,28 32,97
44.50 6,16 32,01
44.53 6,04 30,94
44.57 5,92 29,99
44.60 5,80 29,04
44.63 5,67 28,20
44.67 5,44 27,25
44.70 5,32 26,29
44.73 5,21 25,45
44.77 5,09 24,62
44.80 4,98 23,78
44.83 4,86 23,06
44.87 4,85 22,35
44.90 4,73 21,75
44.93 4,73 21,15
44.97 4,62 20,67
45.00 4,62 20,20
45.03 4,61 19,96
45.07 4,61 19,60
45.10 4,61 19,24
45.13 4,61 19,12
45.17 4,73 19,00
45.20 4,73 18,77
45.23 4,84 18,65
45.27 4,84 18,66
45.30 4,96 18,66
45.33 4,96 18,78
45.37 5,08 19,13
45.40 5,20 19,61
45.43 5,31 20,21
45.47 5,43 21,05
45.50 5,54 22,13
45.53 5,66 23,32
45.57 5,78 24,63
45.60 5,90 26,06
45.63 6,14 27,61
45.67 6,37 29,28
45.70 6,61 30,95
45.73 6,84 32,74
45.77 7,07 34,53
45.80 7,43 36,32
45.83 7,78 38,23
45.87 8,02 40,02
45.90 8,27 41,92
45.93 8,62 43,72
45.97 8,86 45,75
46.00 9,11 47,77
46.03 9,34 49,80
46.07 9,59 51,83
46.10 9,94 53,86
46.13 10,30 55,89
46.17 10,65 58,04
46.20 11,01 60,18
46.23 11,25 62,21
46.27 11,61 64,24
46.30 11,85 66,15
46.33 12,21 67,94
46.37 12,57 69,73
46.40 12,93 71,17
46.43 13,29 72,48
46.47 13,53 73,55
46.50 13,89 74,39
46.53 14,12 74,99
46.57 14,24 75,23
46.60 14,48 75,23
46.63 14,72 74,99
46.67 14,97 74,63
46.70 15,32 74,39
46.73 15,56 74,15
46.77 15,68 74,03
46.80 15,80 74,03
46.83 15,80 74,03
46.87 15,81 74,15
46.90 15,81 74,15
46.93 15,81 74,03
46.97 15,70 73,91
47.00 15,70 73,68
47.03 15,57 73,55
47.07 15,34 73,32
47.10 15,22 73,32
47.13 14,99 73,20
47.17 14,86 73,20
47.20 14,63 73,21
47.23 14,51 73,21
47.27 14,39 73,33
47.30 14,15 73,33
47.33 14,03 73,33
47.37 13,91 73,45
47.40 13,67 73,57
47.43 13,55 73,57
47.47 13,43 73,69
47.50 13,30 73,69
47.53 13,18 73,81
47.57 13,06 73,81
47.60 12,94 73,81
47.63 12,82 73,69
47.67 12,69 73,57
47.70 12,46 73,45
47.73 12,33 73,21
47.77 12,09 73,10
47.80 11,86 72,98
47.83 11,62 72,86
47.87 11,38 72,62
47.90 11,03 72,38
47.93 10,67 72,02
47.97 10,31 71,55
48.00 9,83 70,95
48.03 9,35 70,23
48.07 8,87 69,39
48.10 8,28 68,44
48.13 7,80 67,60
48.17 7,32 66,53
48.20 6,96 65,57
48.23 6,49 64,49
48.27 5,89 62,22
48.30 5,65 61,03
48.33 5,41 59,83
48.37 5,30 58,52
48.40 5,18 57,09
48.43 5,06 55,77
48.47 5,06 54,23
48.50 5,06 52,79
48.53 5,06 51,24
48.57 5,05 49,69
48.60 5,06 48,26
48.63 5,06 46,71
48.67 5,18 45,27
48.70 5,18 43,84
48.73 5,17 42,41
48.77 5,17 41,09
48.80 5,17 39,67
48.83 5,17 38,36
48.87 5,17 37,16
48.90 5,17 35,85
48.93 5,05 34,66
48.97 4,93 33,59
49.00 4,93 32,40
49.03 4,81 31,32
49.07 4,81 30,25
49.10 4,69 29,18
49.13 4,57 28,11
49.17 4,46 27,15
49.20 4,45 26,19
49.23 4,34 25,23
49.27 4,34 24,28
49.30 4,33 23,44
49.33 4,33 22,72
49.37 4,33 22,00
49.40 4,34 21,29
49.43 4,45 20,70
49.47 4,46 20,22
49.50 4,57 19,87
49.53 4,69 19,63
49.57 4,80 19,39
49.60 4,92 19,15
49.63 5,03 19,04
49.67 5,15 18,92
49.70 5,26 18,81
49.73 5,38 18,82
49.77 5,50 18,82
49.80 5,62 18,94
49.83 5,74 19,18
49.87 5,86 19,65
49.90 5,97 20,26
49.93 6,09 21,09
49.97 6,21 22,04
50.00 6,33 23,12
50.03 6,45 24,43
50.07 6,68 25,74
50.10 6,81 27,18
50.13 7,05 28,73
50.17 7,29 30,40
50.20 7,53 32,07
50.23 7,89 33,74
50.27 8,13 35,41
50.30 8,48 37,20
50.33 8,84 39,00
50.37 9,19 40,91
50.40 9,55 42,93
50.43 9,91 44,84
50.47 10,38 46,88
50.50 10,74 49,02
50.53 11,21 51,17
50.57 11,57 53,20
50.60 11,93 55,35
50.63 12,29 57,49
50.67 12,77 59,64
50.70 13,12 61,67
50.73 13,48 63,70
50.77 13,84 65,61
50.80 14,20 67,40
50.83 14,56 69,07
50.87 14,80 70,62
50.90 15,15 71,93
50.93 15,39 73,01
50.97 15,51 73,97
51.00 15,63 74,69
51.03 15,63 75,16
51.07 15,75 75,28
51.10 15,98 75,15
51.13 16,34 74,80
51.17 16,70 74,55
51.20 17,05 74,31
51.23 17,29 74,31
51.27 17,29 74,43
51.30 17,30 74,66
51.33 17,41 74,90
51.37 17,42 75,02
51.40 17,54 75,01
51.43 17,66 74,89
51.47 17,90 74,65
51.50 18,02 74,40
51.53 18,02 74,17
51.57 18,14 74,05
51.60 18,26 74,05
51.63 18,26 74,06
51.67 18,26 74,06
51.70 18,27 74,06
51.73 18,27 73,94
51.77 18,27 73,82
51.80 18,27 73,58
51.83 18,15 73,35
51.87 18,14 73,23
51.90 18,03 73,11
51.93 17,91 72,99
51.97 17,80 72,99
52.00 17,79 72,99
52.03 17,56 72,88
52.07 17,44 72,87
52.10 17,31 72,75
52.13 17,08 72,64
52.17 16,96 72,64
52.20 16,72 72,63
52.23 16,60 72,64
52.27 16,48 72,76
52.30 16,36 72,88
52.33 16,24 73,00
52.37 16,13 73,12
52.40 16,13 73,23
52.43 16,13 73,35
52.47 16,12 73,47
52.50 16,01 73,46
52.53 16,01 73,46
52.57 15,90 73,46
52.60 15,78 73,46
52.63 15,67 73,46
52.67 15,54 73,46
52.70 15,31 73,46
52.73 15,08 73,35
52.77 14,83 73,23
52.80 14,60 73,11
52.83 14,24 72,99
52.87 13,89 72,76
52.90 13,53 72,64
52.93 13,17 72,40
52.97 12,70 72,15
53.00 12,23 71,68
53.03 11,75 71,21
53.07 11,27 70,61
53.10 10,67 69,90
53.13 10,08 69,07
53.17 9,60 68,23
53.20 9,01 67,40
53.23 8,53 66,44
53.27 8,05 65,37
53.30 7,69 64,41
53.33 7,33 63,34
53.37 6,98 62,26
53.40 6,74 61,19
53.43 6,61 60,11
53.47 6,38 58,92
53.50 6,38 57,84
53.53 6,26 56,53
53.57 6,26 55,21
53.60 6,26 53,78
53.63 6,26 52,35
53.67 6,38 51,04
53.70 6,49 49,60
53.73 6,50 48,29
53.77 6,62 46,97
53.80 6,74 45,66
53.83 6,87 44,47
53.87 7,10 43,27
53.90 7,22 42,08
53.93 7,34 41,01
53.97 7,46 39,93
54.00 7,58 38,86
54.03 7,70 37,67
54.07 7,82 36,59
54.10 7,82 35,52
54.13 7,82 34,56
54.17 7,82 33,49
54.20 7,81 32,53
54.23 7,69 31,70
54.27 7,57 30,86
54.30 7,46 29,91
54.33 7,45 29,07
54.37 7,33 28,24
54.40 7,20 27,41
54.43 7,08 26,69
54.47 6,95 25,85
54.50 6,84 25,13
54.53 6,72 24,42
54.57 6,60 23,70
54.60 6,48 23,10
54.63 6,48 22,51
54.67 6,36 22,04
54.70 6,24 21,68
54.73 6,24 21,21
54.77 6,23 20,97
54.80 6,11 20,62
54.83 6,12 20,49
54.87 6,12 20,26
54.90 6,12 20,25
54.93 6,12 20,14
54.97 6,12 20,14
55.00 6,23 20,15
55.03 6,24 20,27
55.07 6,35 20,27
55.10 6,35 20,38
55.13 6,47 20,61
55.17 6,47 20,86
55.20 6,59 21,45
55.23 6,70 22,05
55.27 6,71 22,88
55.30 6,83 23,84
55.33 6,96 24,91
55.37 7,19 26,10
55.40 7,30 27,30
55.43 7,43 28,73
55.47 7,67 30,15
55.50 7,90 31,59
55.53 8,14 33,14
55.57 8,38 34,69
55.60 8,62 36,36
55.63 8,97 37,92
55.67 9,22 39,58
55.70 9,57 41,14
55.73 9,81 42,81
55.77 10,17 44,47
55.80 10,42 46,03
55.83 10,77 47,70
55.87 11,01 49,25
55.90 11,26 50,92
55.93 11,49 52,47
55.97 11,84 54,15
56.00 11,97 55,82
56.03 12,21 57,49
56.07 12,33 59,04
56.10 12,57 60,71
56.13 12,68 62,25
56.17 12,80 63,80
56.20 12,92 65,23
56.23 12,93 66,67
56.27 13,04 68,10
56.30 13,16 69,29
56.33 13,28 70,36
56.37 13,28 71,32
56.40 13,27 72,16
56.43 13,15 72,76
56.47 12,91 73,12
56.50 12,79 73,24
56.53 12,79 73,00
56.57 12,91 72,64
56.60 13,15 72,29
56.63 13,50 72,05
56.67 13,62 71,93
56.70 13,73 71,93
56.73 13,73 72,05
56.77 13,61 72,17
56.80 13,50 72,28
56.83 13,49 72,29
56.87 13,38 72,29
56.90 13,38 72,17
56.93 13,38 72,05
56.97 13,38 72,05
57.00 13,38 71,93
57.03 13,26 72,05
57.07 13,14 72,05
57.10 13,14 72,17
57.13 13,02 72,29
57.17 12,91 72,29
57.20 12,91 72,29
57.23 12,79 72,40
57.27 12,79 72,40
57.30 12,67 72,39
57.33 12,55 72,39
57.37 12,43 72,39
57.40 12,31 72,38
57.43 12,19 72,27
57.47 12,07 72,27
57.50 11,95 72,26
57.53 11,83 72,15
57.57 11,71 72,15
57.60 11,71 72,26
57.63 11,59 72,26
57.67 11,48 72,27
57.70 11,48 72,38
57.73 11,48 72,38
57.77 11,48 72,38
57.80 11,60 72,38
57.83 11,60 72,38
57.87 11,72 72,50
57.90 11,83 72,50
57.93 11,83 72,50
57.97 11,95 72,50
58.00 11,95 72,50
58.03 11,95 72,39
58.07 11,95 72,27
58.10 11,95 72,15
58.13 11,94 72,04
58.17 11,82 72,03
58.20 11,70 71,91
58.23 11,59 71,79
58.27 11,47 71,67
58.30 11,23 71,43
58.33 11,11 71,07
58.37 10,87 70,60
58.40 10,63 70,12
58.43 10,39 69,40
58.47 10,03 68,80
58.50 9,79 68,09
58.53 9,44 67,49
58.57 9,20 66,89
58.60 8,96 66,18
58.63 8,72 65,58
58.67 8,49 64,74
58.70 8,38 63,91
58.73 8,26 63,19
58.77 8,26 62,24
58.80 8,14 61,40
58.83 8,14 60,33
58.87 8,15 59,37
58.90 8,15 58,29
58.93 8,15 57,21
58.97 8,15 56,02
59.00 8,27 54,83
59.03 8,27 53,75
59.07 8,27 52,56
59.10 8,16 51,36
59.13 8,15 50,17
59.17 8,15 48,98
59.20 8,15 47,90
59.23 7,92 46,71
59.27 7,91 45,63
59.30 7,79 44,44
59.33 7,67 43,25
59.37 7,55 42,17
59.40 7,20 40,98
59.43 7,08 39,79
59.47 6,84 38,71
59.50 6,71 37,52
59.53 6,47 36,33
59.57 6,11 35,25
59.60 5,88 34,06
59.63 5,63 32,99
59.67 5,28 31,92
59.70 5,04 30,96
59.73 4,80 29,89
59.77 4,56 29,05
59.80 4,32 28,10
59.83 4,20 27,26
59.87 3,96 26,42
59.90 3,84 25,59
59.93 3,72 24,87
59.97 3,59 24,14
60.00 3,48 23,43
60.03 3,36 22,84
60.07 3,36 22,23
60.10 3,36 21,63
60.13 3,36 21,15
60.17 3,36 20,67
60.20 3,48 20,31
60.23 3,48 19,96
60.27 3,60 19,73
60.30 3,71 19,60
60.33 3,72 19,48
60.37 3,83 19,48
60.40 3,84 19,48
60.43 3,96 19,36
60.47 3,96 19,35
60.50 3,96 19,46
60.53 3,97 19,46
60.57 4,08 19,57
60.60 4,07 19,80
60.63 4,07 20,17
60.67 4,06 20,65
60.70 4,06 21,36
60.73 4,07 22,19
60.77 4,18 23,14
60.80 4,30 24,10
60.83 4,30 25,29
60.87 4,43 26,48
60.90 4,55 27,68
60.93 4,78 28,99
60.97 4,90 30,30
61.00 5,13 31,73
61.03 5,26 33,04
61.07 5,50 34,48
61.10 5,74 35,91
61.13 5,98 37,46
61.17 6,22 38,89
61.20 6,47 40,32
61.23 6,82 41,87
61.27 7,06 43,31
61.30 7,30 44,86
61.33 7,54 46,41
61.37 7,78 47,96
61.40 8,02 49,51
61.43 8,26 50,94
61.47 8,51 52,49
61.50 8,86 53,93
61.53 9,10 55,47
61.57 9,34 56,90
61.60 9,70 58,34
61.63 9,94 59,77
61.67 10,18 61,32
61.70 10,54 62,99
61.73 10,90 64,54
61.77 11,26 66,09
61.80 11,73 67,64
61.83 12,21 69,07
61.87 12,57 70,39
61.90 12,81 71,58
61.93 13,16 72,53
61.97 13,40 73,25
62.00 13,52 73,61
62.03 13,64 73,61
62.07 13,99 73,38
62.10 14,47 73,02
62.13 14,83 72,67
62.17 15,18 72,43
62.20 15,31 72,32
62.23 15,43 72,32
62.27 15,54 72,44
62.30 15,66 72,56
62.33 15,90 72,56
62.37 16,38 72,44
62.40 16,85 72,31
62.43 17,33 72,07
62.47 17,92 71,84
62.50 18,52 71,60
62.53 19,35 71,36
62.57 20,18 71,25
62.60 21,26 71,24
62.63 22,45 71,01
62.67 23,77 70,89
62.70 25,08 70,65
62.73 26,15 70,41
62.77 27,11 70,17
62.80 27,95 69,93
62.83 29,02 69,70
62.87 30,33 69,46
62.90 31,89 69,22
62.93 33,67 68,98
62.97 35,34 69,10
63.00 37,01 69,45
63.03 38,56 69,81
63.07 40,00 70,29
63.10 41,31 70,77
63.13 42,63 71,48
63.17 44,06 72,19
63.20 45,37 72,67
63.23 46,44 73,03
63.27 47,40 73,14
63.30 48,12 73,02
63.33 48,71 72,67
63.37 49,18 72,18
63.40 49,78 71,59
63.43 50,50 70,99
63.47 51,33 70,28
63.50 52,05 69,33
63.53 52,88 68,49
63.57 53,84 67,78
63.60 54,79 67,06
63.63 55,51 66,59
63.67 56,34 66,35
63.70 57,05 66,23
63.73 57,77 66,11
63.77 58,60 66,00
63.80 59,55 66,00
63.83 60,50 66,12
63.87 61,34 66,24
63.90 62,42 66,36
63.93 63,49 66,48
63.97 64,33 66,36
64.00 64,92 66,36
64.03 65,28 66,36
64.07 65,40 66,24
64.10 65,52 66,00
64.13 65,52 65,88
64.17 65,40 65,99
64.20 65,40 66,23
64.23 65,40 66,35
64.27 65,41 66,47
64.30 65,41 66,58
64.33 65,41 66,58
64.37 65,29 66,58
64.40 65,17 66,46
64.43 64,94 66,23
64.47 64,70 66,11
64.50 64,46 65,87
64.53 64,10 65,63
64.57 63,75 65,40
64.60 62,91 65,15
64.63 62,55 65,15
64.67 62,07 65,26
64.70 61,95 65,38
64.73 61,60 65,61
64.77 61,60 65,85
64.80 61,71 66,10
64.83 61,83 66,22
64.87 61,95 66,23
64.90 62,31 66,35
64.93 62,55 66,34
64.97 62,91 66,23
65.00 63,39 66,11
65.03 63,87 65,86
65.07 64,34 65,74
65.10 63,99 65,86
65.13 63,87 65,98
65.17 63,88 66,10
65.20 63,88 66,34
65.23 63,88 66,69
65.27 63,88 67,06
65.30 64,00 67,65
65.33 64,23 68,13
65.37 64,47 68,61
65.40 64,94 69,09
65.43 65,42 69,69
65.47 66,01 70,41
65.50 66,49 71,24
65.53 67,08 71,96
65.57 67,68 72,68
65.60 68,40 73,39
65.63 69,12 73,98
65.67 69,95 74,45
65.70 70,66 74,57
