#Kinovea Trajectory data export
#T X Y

# Trajectory 1
1.63 54,53 65,21
1.67 54,53 65,21
1.70 54,53 65,21
1.73 54,53 65,21
1.77 54,53 65,21
1.80 54,53 65,21
1.83 54,53 65,21
1.87 54,53 65,21
1.90 54,54 65,21
1.93 54,54 65,21
1.97 54,54 65,21
2.00 54,55 65,21
2.03 54,55 65,21
2.07 54,55 65,21
2.10 54,55 65,21
2.13 54,56 65,21
2.17 54,56 65,21
2.20 54,56 65,21
2.23 54,57 65,21
2.27 54,57 65,21
2.30 54,57 65,21
2.33 54,57 65,21
2.37 54,57 65,21
2.40 54,58 65,21
2.43 54,58 65,21
2.47 54,58 65,21
2.50 54,58 65,22
2.53 54,59 65,22
2.57 54,59 65,22
2.60 54,59 65,22
2.63 54,59 65,22
2.67 54,59 65,22
2.70 54,59 65,22
2.73 54,59 65,22
2.77 54,43 65,23
2.80 54,43 65,23
2.83 54,43 65,23
2.87 54,43 65,24
2.90 54,43 65,24
2.93 54,43 65,24
2.97 54,43 65,25
3.00 54,59 65,25
3.03 54,59 65,25
3.07 54,59 65,25
3.10 54,59 65,25
3.13 54,59 65,26
3.17 54,58 65,26
3.20 54,58 65,26
3.23 54,58 65,26
3.27 54,58 65,26
3.30 54,58 65,27
3.33 54,58 65,27
3.37 54,57 65,27
3.40 54,57 65,27
3.43 54,57 65,28
3.47 54,57 65,28
3.50 54,57 65,28
3.53 54,57 65,28
3.57 54,57 65,29
3.60 54,56 65,29
3.63 54,56 65,29
3.67 54,56 65,29
3.70 54,56 65,30
3.73 54,56 65,30
3.77 54,56 65,30
3.80 54,56 65,14
3.83 54,56 65,14
3.87 54,55 65,15
3.90 54,55 65,15
3.93 54,55 65,15
3.97 54,55 65,16
4.00 54,55 65,16
4.03 54,55 65,16
4.07 54,55 65,16
4.10 54,55 65,16
4.13 54,55 65,17
4.17 54,55 65,17
4.20 54,54 65,17
4.23 54,54 65,17
4.27 54,54 65,18
4.30 54,54 65,18
4.33 54,54 65,18
4.37 54,54 65,18
4.40 54,54 65,19
4.43 54,53 65,19
4.47 54,53 65,19
4.50 54,53 65,20
4.53 54,53 65,20
4.57 54,53 65,21
4.60 54,53 65,21
4.63 54,52 65,21
4.67 54,52 65,22
4.70 54,52 65,22
4.73 54,52 65,23
4.77 54,52 65,23
4.80 54,52 65,24
4.83 54,51 65,24
4.87 54,51 65,24
4.90 54,51 65,25
4.93 54,51 65,25
4.97 54,51 65,26
5.00 54,51 65,26
5.03 54,50 65,27
5.07 54,50 65,27
5.10 54,50 65,27
5.13 54,50 65,28
5.17 54,50 65,28
5.20 54,49 65,29
5.23 54,49 65,29
5.27 54,49 65,29
5.30 54,49 65,30
5.33 54,49 65,30
5.37 54,48 65,14
5.40 54,48 65,14
5.43 54,48 65,15
5.47 54,48 65,15
5.50 54,47 65,15
5.53 54,47 65,15
5.57 54,47 65,16
5.60 54,47 65,16
5.63 54,46 65,16
5.67 54,46 65,17
5.70 54,46 65,17
5.73 54,45 65,17
5.77 54,45 65,18
5.80 54,45 65,18
5.83 54,45 65,18
5.87 54,44 65,18
5.90 54,60 65,19
5.93 54,60 65,19
5.97 54,60 65,19
6.00 54,59 65,20
6.03 54,59 65,20
6.07 54,59 65,20
6.10 54,58 65,21
6.13 54,58 65,21
6.17 54,58 65,21
6.20 54,58 65,22
6.23 54,58 65,22
6.27 54,57 65,22
6.30 54,57 65,22
6.33 54,57 65,23
6.37 54,57 65,23
6.40 54,56 65,23
6.43 54,56 65,24
6.47 54,56 65,24
6.50 54,55 65,24
6.53 54,55 65,25
6.57 54,55 65,25
6.60 54,55 65,26
6.63 54,54 65,26
6.67 54,54 65,26
6.70 54,54 65,27
6.73 54,54 65,27
6.77 54,53 65,27
6.80 54,53 65,28
6.83 54,53 65,28
6.87 54,52 65,28
6.90 54,52 65,29
6.93 54,52 65,29
6.97 54,52 65,29
7.00 54,51 65,30
7.03 54,51 65,30
7.07 54,51 65,14
7.10 54,51 65,14
7.13 54,51 65,15
7.17 54,50 65,15
7.20 54,50 65,15
7.23 54,50 65,16
7.27 54,50 65,16
7.30 54,50 65,16
7.33 54,50 65,16
7.37 54,50 65,16
7.40 54,49 65,17
7.43 54,49 65,17
7.47 54,49 65,17
7.50 54,49 65,17
7.53 54,49 65,18
7.57 54,33 65,18
7.60 54,33 65,19
7.63 54,32 65,19
7.67 54,33 65,19
7.70 54,33 65,20
7.73 54,33 65,20
7.77 54,33 65,21
7.80 54,33 65,21
7.83 54,49 65,37
7.87 54,49 65,36
7.90 54,49 65,36
7.93 54,49 65,36
7.97 54,48 65,35
8.00 54,48 65,35
8.03 54,48 65,35
8.07 54,48 65,34
8.10 54,48 65,34
8.13 54,47 65,34
8.17 54,47 65,34
8.20 54,47 65,33
8.23 54,47 65,33
8.27 54,46 65,33
8.30 54,46 65,33
8.33 54,46 65,32
8.37 54,46 65,32
8.40 54,46 65,32
8.43 54,46 65,31
8.47 54,45 65,31
8.50 54,45 65,31
8.53 54,45 65,30
8.57 54,45 65,14
8.60 54,45 65,15
8.63 54,44 65,15
8.67 54,60 65,16
8.70 54,60 65,16
8.73 54,44 65,16
8.77 54,44 65,17
8.80 54,44 65,17
8.83 54,44 65,17
8.87 54,44 65,18
8.90 54,44 65,18
8.93 54,45 65,18
8.97 54,29 65,18
9.00 54,44 65,19
9.03 54,60 65,19
9.07 54,60 65,19
9.10 54,59 65,19
9.13 54,59 65,20
9.17 54,59 65,20
9.20 54,58 65,20
9.23 54,58 65,21
9.27 54,58 65,21
9.30 54,57 65,21
9.33 54,57 65,37
9.37 54,57 65,21
9.40 54,57 65,37
9.43 54,57 65,37
9.47 54,57 65,36
9.50 54,56 65,21
9.53 54,56 65,21
9.57 54,56 65,21
9.60 54,56 65,22
9.63 54,56 65,22
9.67 54,56 65,23
9.70 54,56 65,23
9.73 54,56 65,23
9.77 54,56 65,24
9.80 54,57 65,24
9.83 54,57 65,24
9.87 54,57 65,25
9.90 54,57 65,25
9.93 54,57 65,26
9.97 54,57 65,26
10.00 54,57 65,26
10.03 54,57 65,27
10.07 54,57 65,27
10.10 54,57 65,27
10.13 54,57 65,28
10.17 54,58 65,28
10.20 54,58 65,29
10.23 54,58 65,29
10.27 54,58 65,29
10.30 54,58 65,30
10.33 54,58 65,30
10.37 54,58 65,14
10.40 54,58 65,15
10.43 54,58 65,15
10.47 54,58 65,15
10.50 54,58 65,16
10.53 54,58 65,16
10.57 54,58 65,16
10.60 54,59 65,17
10.63 54,59 65,17
10.67 54,59 65,17
10.70 54,59 65,17
10.73 54,59 65,18
10.77 54,59 65,18
10.80 54,59 65,18
10.83 54,59 65,18
10.87 54,59 65,19
10.90 54,59 65,19
10.93 54,59 65,19
10.97 54,59 65,19
11.00 54,59 65,20
11.03 54,59 65,20
11.07 54,59 65,20
11.10 54,59 65,20
11.13 54,59 65,20
11.17 54,59 65,20
11.20 54,59 65,20
11.23 54,59 65,21
11.27 54,60 65,21
11.30 54,60 65,21
11.33 54,60 65,21
11.37 54,60 65,21
11.40 54,60 65,21
11.43 54,60 65,21
11.47 54,60 65,22
11.50 54,60 65,22
11.53 54,60 65,22
11.57 54,60 65,22
11.60 54,60 65,22
11.63 54,60 65,23
11.67 54,61 65,23
11.70 54,61 65,23
11.73 54,61 65,23
11.77 54,61 65,23
11.80 54,45 65,24
11.83 54,45 65,24
11.87 54,45 65,24
11.90 54,45 65,24
11.93 54,45 65,24
11.97 54,45 65,24
12.00 54,45 65,25
12.03 54,46 65,25
12.07 54,46 65,25
12.10 54,46 65,25
12.13 54,46 65,25
12.17 54,47 65,25
12.20 54,47 65,26
12.23 54,47 65,26
12.27 54,47 65,26
12.30 54,47 65,26
12.33 54,47 65,26
12.37 54,48 65,27
12.40 54,48 65,27
12.43 54,48 65,27
12.47 54,48 65,27
12.50 54,48 65,28
12.53 54,49 65,28
12.57 54,49 65,28
12.60 54,49 65,28
12.63 54,49 65,29
12.67 54,49 65,29
12.70 54,49 65,29
12.73 54,48 65,30
12.77 54,48 65,30
12.80 54,48 65,14
12.83 54,48 65,15
12.87 54,48 65,15
12.90 54,48 65,15
12.93 54,48 65,16
12.97 54,48 65,16
13.00 54,48 65,16
13.03 54,47 65,17
13.07 54,47 65,17
13.10 54,47 65,18
13.13 54,47 65,18
13.17 54,47 65,18
13.20 54,46 65,19
13.23 54,46 65,19
13.27 54,46 65,19
13.30 54,46 65,20
13.33 54,46 65,20
13.37 54,46 65,21
13.40 54,46 65,21
13.43 54,46 65,21
13.47 54,46 65,21
13.50 54,46 65,22
13.53 54,46 65,22
13.57 54,46 65,22
13.60 54,46 65,22
13.63 54,47 65,23
13.67 54,47 65,23
13.70 54,47 65,23
13.73 54,47 65,23
13.77 54,47 65,24
13.80 54,47 65,24
13.83 54,47 65,24
13.87 54,47 65,24
13.90 54,47 65,25
13.93 54,47 65,25
13.97 54,48 65,25
14.00 54,48 65,26
14.03 54,48 65,26
14.07 54,48 65,26
14.10 54,48 65,27
14.13 54,48 65,27
14.17 54,48 65,27
14.20 54,48 65,28
14.23 54,48 65,28
14.27 54,48 65,28
14.30 54,48 65,29
14.33 54,48 65,29
14.37 54,48 65,29
14.40 54,49 65,29
14.43 54,49 65,29
14.47 54,49 65,29
14.50 54,49 65,30
14.53 54,49 65,30
14.57 54,49 65,30
14.60 54,49 65,30
14.63 54,49 65,14
14.67 54,49 65,14
14.70 54,49 65,14
14.73 54,49 65,15
14.77 54,49 65,15
14.80 54,49 65,15
14.83 54,49 65,15
14.87 54,49 65,15
14.90 54,48 65,16
14.93 54,48 65,16
14.97 54,48 65,16
15.00 54,48 65,16
15.03 54,48 65,16
15.07 54,48 65,16
15.10 54,48 65,16
15.13 54,48 65,16
15.17 54,48 65,16
15.20 54,48 65,16
15.23 54,49 65,16
15.27 54,49 65,16
15.30 54,49 65,15
15.33 54,50 65,15
15.37 54,50 65,15
15.40 54,50 65,15
15.43 54,51 65,15
15.47 54,51 65,15
15.50 54,51 65,15
15.53 54,51 65,15
15.57 54,52 65,14
15.60 54,52 65,14
15.63 54,53 65,14
15.67 54,53 65,14
15.70 54,53 65,14
15.73 54,54 65,30
15.77 54,54 65,29
15.80 54,54 65,29
15.83 54,55 65,29
15.87 54,55 65,29
15.90 54,56 65,29
15.93 54,56 65,29
15.97 54,56 65,28
16.00 54,57 65,28
16.03 54,57 65,28
16.07 54,57 65,27
16.10 54,57 65,11
16.13 54,58 65,12
16.17 54,58 65,12
16.20 54,74 65,12
16.23 54,74 65,13
16.27 54,74 65,13
16.30 54,57 65,13
16.33 54,41 65,13
16.37 54,58 65,13
16.40 54,58 65,13
16.43 54,58 65,14
16.47 54,58 65,14
16.50 54,58 65,13
16.53 54,58 64,97
16.57 54,58 64,97
16.60 54,41 64,97
16.63 54,09 65,30
16.67 53,76 65,95
16.70 53,27 66,60
16.73 52,79 67,57
16.77 52,14 68,22
16.80 51,65 68,71
16.83 51,33 68,71
16.87 51,33 68,55
16.90 51,33 68,06
16.93 51,33 67,57
16.97 51,17 67,25
17.00 51,01 67,57
17.03 50,85 67,89
17.07 50,69 68,22
17.10 50,69 68,54
17.13 50,52 68,71
17.17 50,36 68,71
17.20 50,36 68,87
17.23 50,20 68,87
17.27 50,04 68,87
17.30 49,88 68,87
17.33 49,72 68,87
17.37 49,56 68,87
17.40 49,40 69,03
17.43 49,07 69,03
17.47 48,75 69,03
17.50 48,59 69,19
17.53 48,10 69,19
17.57 47,78 69,51
17.60 47,29 69,67
17.63 46,64 69,84
17.67 46,15 70,00
17.70 45,67 70,00
17.73 45,51 70,00
17.77 45,18 69,84
17.80 44,69 69,51
17.83 44,20 69,19
17.87 43,55 68,86
17.90 42,58 68,38
17.93 41,77 68,05
17.97 40,96 67,73
18.00 40,15 67,57
18.03 39,50 67,57
18.07 38,85 67,73
18.10 38,20 68,06
18.13 37,55 68,39
18.17 37,06 68,71
18.20 36,57 69,20
18.23 35,93 69,36
18.27 35,44 69,85
18.30 34,79 70,17
18.33 34,14 70,50
18.37 33,33 70,82
18.40 32,52 71,31
18.43 31,71 71,64
18.47 30,74 72,28
18.50 29,60 72,77
18.53 28,63 73,58
18.57 27,50 74,23
18.60 26,36 74,88
18.63 25,22 75,53
18.67 24,25 76,02
18.70 23,28 76,67
18.73 22,63 77,32
18.77 21,98 77,64
18.80 21,49 77,97
18.83 21,00 78,13
18.87 20,67 77,97
18.90 20,35 77,80
18.93 19,86 77,48
18.97 19,37 76,99
19.00 18,88 76,50
19.03 18,39 75,85
19.07 17,75 75,20
19.10 17,26 74,55
19.13 16,61 73,74
19.17 16,12 73,25
19.20 15,64 72,76
19.23 15,15 72,12
19.27 14,66 71,79
19.30 14,17 71,30
19.33 13,69 70,98
19.37 13,36 70,65
19.40 12,87 70,49
19.43 12,71 70,33
19.47 12,39 70,17
19.50 12,22 70,00
19.53 11,90 70,00
19.57 11,58 70,00
19.60 11,25 70,00
19.63 10,93 70,00
19.67 10,60 70,33
19.70 10,28 70,49
19.73 9,95 70,81
19.77 9,63 71,14
19.80 9,63 71,46
19.83 9,46 71,79
19.87 9,46 71,95
19.90 9,46 72,11
19.93 9,46 72,28
19.97 9,62 72,44
20.00 9,78 72,44
20.03 9,94 72,60
20.07 9,95 72,60
20.10 10,11 72,76
20.13 10,11 72,60
20.17 9,95 72,44
20.20 9,79 72,12
20.23 9,63 71,79
20.27 9,46 71,47
20.30 9,30 71,15
20.33 9,14 70,98
20.37 9,14 70,98
20.40 8,98 70,82
20.43 8,81 70,82
20.47 8,65 70,66
20.50 8,33 70,66
20.53 8,16 70,66
20.57 7,84 70,66
20.60 7,51 70,66
20.63 7,19 70,50
20.67 7,19 70,50
20.70 7,19 70,34
20.73 7,19 70,18
20.77 7,19 70,18
20.80 7,35 70,17
20.83 7,52 70,17
20.87 7,68 70,17
20.90 8,00 70,17
20.93 8,33 70,17
20.97 8,49 70,17
21.00 8,82 70,34
21.03 8,98 70,33
21.07 8,98 70,33
21.10 8,98 70,33
21.13 8,98 70,17
21.17 8,98 70,01
21.20 9,14 70,01
21.23 9,15 69,85
21.27 9,31 69,68
21.30 9,63 69,68
21.33 9,80 69,85
21.37 10,12 70,01
21.40 10,28 70,17
21.43 10,45 70,33
21.47 10,45 70,66
21.50 10,45 70,66
21.53 10,45 70,66
21.57 10,45 70,33
21.60 10,29 70,01
21.63 9,96 69,85
21.67 9,80 69,68
21.70 9,64 69,52
21.73 9,48 69,68
21.77 9,48 69,68
21.80 9,32 69,85
21.83 9,32 69,85
21.87 9,32 69,85
21.90 9,31 69,68
21.93 9,31 69,52
21.97 9,32 69,36
22.00 9,48 69,20
22.03 9,48 69,04
22.07 9,64 69,04
22.10 9,64 69,04
22.13 9,64 69,03
22.17 9,80 69,03
22.20 9,96 68,87
22.23 10,13 68,87
22.27 10,45 68,87
22.30 10,61 68,71
22.33 10,78 68,71
22.37 11,10 68,87
22.40 11,26 69,03
22.43 11,43 69,36
22.47 11,59 69,52
22.50 11,76 69,84
22.53 11,76 70,01
22.57 11,76 70,17
22.60 11,76 70,01
22.63 11,60 70,01
22.67 11,43 69,85
22.70 11,11 69,68
22.73 10,94 69,68
22.77 10,78 69,68
22.80 10,46 69,84
22.83 10,30 70,01
22.87 10,29 70,17
22.90 10,13 70,33
22.93 10,13 70,33
22.97 10,13 70,33
23.00 10,13 70,33
23.03 10,13 70,16
23.07 10,13 70,16
23.10 10,13 70,16
23.13 10,13 70,16
23.17 10,13 70,16
23.20 10,14 70,16
23.23 10,30 70,16
23.27 10,29 70,16
23.30 10,29 70,16
23.33 10,45 70,00
23.37 10,45 69,83
23.40 10,45 69,83
23.43 10,46 69,67
23.47 10,46 69,67
23.50 10,46 69,67
23.53 10,47 69,67
23.57 10,47 69,67
23.60 10,47 69,67
23.63 10,47 69,67
23.67 10,31 69,51
23.70 10,31 69,51
23.73 10,31 69,34
23.77 10,15 69,34
23.80 10,15 69,34
23.83 10,15 69,34
23.87 10,15 69,34
23.90 10,15 69,34
23.93 10,15 69,34
23.97 10,15 69,34
24.00 10,15 69,34
24.03 10,15 69,34
24.07 10,15 69,51
24.10 10,15 69,50
24.13 10,15 69,50
24.17 10,15 69,50
24.20 10,14 69,50
24.23 10,14 69,50
24.27 10,15 69,50
24.30 10,15 69,50
24.33 10,31 69,66
24.37 10,31 69,66
24.40 10,31 69,82
24.43 10,47 69,98
24.47 10,48 69,98
24.50 10,64 70,14
24.53 10,64 70,14
24.57 10,80 70,14
24.60 10,80 70,31
24.63 10,81 70,30
24.67 10,97 70,30
24.70 10,97 70,30
24.73 10,97 70,31
24.77 11,13 70,47
24.80 11,13 70,47
24.83 11,14 70,46
24.87 11,30 70,30
24.90 11,30 70,14
24.93 11,30 69,98
24.97 11,30 69,98
25.00 11,31 69,97
25.03 11,31 69,98
25.07 11,31 70,14
25.10 11,31 70,46
25.13 11,32 70,46
25.17 11,31 70,63
25.20 11,31 70,63
25.23 11,15 70,63
25.27 11,15 70,63
25.30 11,15 70,62
25.33 11,15 70,62
25.37 10,99 70,62
25.40 10,83 70,46
25.43 10,67 70,46
25.47 10,51 70,46
25.50 10,34 70,30
25.53 10,02 70,14
25.57 9,70 69,97
25.60 9,53 69,65
25.63 9,21 69,33
25.67 9,05 69,16
25.70 8,72 68,68
25.73 8,56 68,35
25.77 8,23 67,86
25.80 7,91 67,22
25.83 7,75 66,73
25.87 7,59 66,08
25.90 7,42 65,27
25.93 7,26 64,46
25.97 7,10 63,65
26.00 6,94 62,83
26.03 6,78 61,86
26.07 6,78 61,05
26.10 6,62 60,07
26.13 6,62 59,10
26.17 6,45 57,96
26.20 6,45 56,99
26.23 6,29 55,85
26.27 6,29 54,88
26.30 6,29 53,74
26.33 6,13 52,60
26.37 6,13 51,46
26.40 6,13 50,33
26.43 6,13 49,19
26.47 5,97 48,05
26.50 5,97 46,92
26.53 5,97 45,78
26.57 5,97 44,64
26.60 5,97 43,51
26.63 5,97 42,37
26.67 5,97 41,23
26.70 5,97 40,10
26.73 5,97 39,12
26.77 5,96 37,99
26.80 5,80 36,85
26.83 5,81 35,88
26.87 5,81 34,90
26.90 5,81 33,93
26.93 5,81 32,95
26.97 5,81 31,98
27.00 5,81 31,17
27.03 5,81 30,19
27.07 5,80 29,38
27.10 5,64 28,57
27.13 5,65 27,92
27.17 5,65 27,11
27.20 5,66 26,62
27.23 5,66 25,97
27.27 5,66 25,64
27.30 5,66 25,16
27.33 5,66 24,67
27.37 5,66 24,51
27.40 5,65 24,18
27.43 5,65 24,02
27.47 5,49 23,86
27.50 5,49 23,86
27.53 5,50 23,86
27.57 5,50 23,86
27.60 5,50 23,86
27.63 5,50 23,86
27.67 5,34 23,85
27.70 5,35 23,86
27.73 5,35 24,02
27.77 5,35 24,18
27.80 5,19 24,18
27.83 5,19 24,34
27.87 5,18 24,67
27.90 5,03 24,99
27.93 5,02 25,48
27.97 4,87 25,80
28.00 4,87 26,45
28.03 4,87 27,10
28.07 4,71 27,92
28.10 4,71 28,89
28.13 4,71 29,87
28.17 4,71 31,01
28.20 4,70 32,30
28.23 4,55 33,60
28.27 4,55 34,90
28.30 4,54 36,36
28.33 4,39 37,82
28.37 4,39 39,44
28.40 4,39 41,06
28.43 4,23 42,52
28.47 4,23 44,31
28.50 4,23 46,09
28.53 4,07 47,88
28.57 4,07 49,66
28.60 4,07 51,61
28.63 3,91 53,56
28.67 3,91 55,51
28.70 3,91 57,46
28.73 3,91 59,41
28.77 3,91 61,52
28.80 4,07 63,46
28.83 4,07 65,09
28.87 4,24 66,88
28.90 4,40 68,34
28.93 4,73 70,61
28.97 5,05 71,42
29.00 5,38 71,75
29.03 5,70 71,58
29.07 6,19 71,42
29.10 6,51 71,26
29.13 6,67 70,93
29.17 6,67 70,93
29.20 6,66 70,93
29.23 6,50 71,09
29.27 6,34 71,09
29.30 6,34 71,26
29.33 6,33 71,25
29.37 6,33 71,25
29.40 6,33 70,93
29.43 6,33 70,77
29.47 6,32 70,60
29.50 6,16 70,44
29.53 6,00 70,12
29.57 5,83 69,95
29.60 5,51 69,63
29.63 5,18 69,14
29.67 4,86 68,66
29.70 4,54 68,01
29.73 4,22 67,36
29.77 3,89 66,54
29.80 3,57 65,73
29.83 3,25 64,60
29.87 3,08 63,78
29.90 2,76 62,65
29.93 2,60 61,51
29.97 2,43 60,54
30.00 2,27 59,40
30.03 2,11 58,26
30.07 1,95 57,12
30.10 1,95 55,99
30.13 1,95 54,85
30.17 1,95 53,71
30.20 1,95 52,41
30.23 1,94 51,28
30.27 1,95 50,14
30.30 1,95 48,84
30.33 2,11 47,87
30.37 2,11 46,57
30.40 2,11 45,43
30.43 2,11 44,30
30.47 2,27 43,32
30.50 2,27 42,19
30.53 2,28 41,05
30.57 2,28 40,08
30.60 2,28 38,94
30.63 2,29 37,97
30.67 2,29 36,83
30.70 2,28 35,86
30.73 2,12 34,72
30.77 2,12 33,91
30.80 1,96 32,77
30.83 1,80 31,80
30.87 1,80 30,99
30.90 1,63 30,18
30.93 1,47 29,36
30.97 1,31 28,55
31.00 1,15 27,74
31.03 1,15 27,25
31.07 0,99 26,60
31.10 0,83 25,95
31.13 0,83 25,46
31.17 0,83 25,13
31.20 0,67 24,65
31.23 0,67 24,32
31.27 0,66 24,00
31.30 0,66 23,84
31.33 0,66 23,68
31.37 0,66 23,52
31.40 0,65 23,52
31.43 0,65 23,52
31.47 0,66 23,51
31.50 0,66 23,52
31.53 0,83 23,84
31.57 0,99 24,33
31.60 0,99 24,98
31.63 1,15 25,79
31.67 1,31 26,60
31.70 1,47 27,74
31.73 1,47 28,87
31.77 1,64 30,17
31.80 1,80 31,64
31.83 2,12 33,26
31.87 2,28 34,88
31.90 2,45 36,67
31.93 2,61 38,29
31.97 2,77 40,24
32.00 3,10 42,35
32.03 3,26 44,30
32.07 3,43 46,25
32.10 3,75 48,36
32.13 3,91 50,47
32.17 4,23 52,74
32.20 4,40 54,85
32.23 4,72 57,13
32.27 4,88 59,24
32.30 5,21 61,35
32.33 5,53 63,29
32.37 5,86 65,08
32.40 6,18 66,87
32.43 6,50 68,33
32.47 6,66 69,63
32.50 6,99 70,76
32.53 7,15 71,57
32.57 7,47 72,06
32.60 7,63 72,06
32.63 7,96 71,90
32.67 8,28 71,57
32.70 8,44 71,25
32.73 8,60 71,08
32.77 8,60 71,08
32.80 8,60 71,08
32.83 8,44 71,24
32.87 8,44 71,41
32.90 8,43 71,57
32.93 8,43 71,57
32.97 8,43 71,57
33.00 8,43 71,24
33.03 8,43 71,08
33.07 8,26 70,59
33.10 8,10 70,27
33.13 7,77 69,78
33.17 7,45 69,29
33.20 7,13 68,64
33.23 6,80 67,99
33.27 6,48 67,34
33.30 5,99 66,53
33.33 5,67 65,56
33.37 5,34 64,58
33.40 5,01 63,77
33.43 4,69 62,63
33.47 4,36 61,50
33.50 4,20 60,52
33.53 3,88 59,22
33.57 3,72 58,09
33.60 3,71 56,95
33.63 3,55 55,65
33.67 3,55 54,52
33.70 3,39 53,22
33.73 3,39 51,92
33.77 3,40 50,62
33.80 3,56 49,48
33.83 3,56 48,18
33.87 3,72 46,88
33.90 3,72 45,59
33.93 3,88 44,29
33.97 3,89 42,99
34.00 4,05 41,85
34.03 4,21 40,55
34.07 4,21 39,42
34.10 4,37 38,28
34.13 4,37 37,14
34.17 4,53 36,01
34.20 4,53 35,03
34.23 4,53 34,05
34.27 4,53 33,08
34.30 4,53 32,10
34.33 4,54 31,29
34.37 4,54 30,31
34.40 4,55 29,50
34.43 4,55 28,69
34.47 4,54 28,04
34.50 4,54 27,39
34.53 4,38 26,58
34.57 4,38 26,10
34.60 4,38 25,61
34.63 4,38 25,12
34.67 4,22 24,63
34.70 4,22 24,31
34.73 4,22 23,98
34.77 4,22 23,82
34.80 4,06 23,66
34.83 4,06 23,66
34.87 4,07 23,66
34.90 4,07 23,65
34.93 4,08 23,65
34.97 4,08 23,81
35.00 4,08 23,82
35.03 4,09 23,98
35.07 4,25 24,30
35.10 4,24 24,63
35.13 4,24 25,11
35.17 4,24 25,76
35.20 4,24 26,41
35.23 4,24 27,38
35.27 4,25 28,36
35.30 4,41 29,66
35.33 4,41 30,96
35.37 4,41 32,42
35.40 4,41 34,04
35.43 4,57 35,67
35.47 4,57 37,29
35.50 4,57 39,08
35.53 4,57 41,03
35.57 4,73 42,98
35.60 4,73 44,92
35.63 4,73 46,87
35.67 4,89 48,98
35.70 4,89 50,93
35.73 5,05 53,04
35.77 5,06 54,99
35.80 5,22 57,10
35.83 5,38 59,05
35.87 5,54 60,99
35.90 5,70 62,62
35.93 5,70 64,24
35.97 5,87 65,70
36.00 6,03 66,84
36.03 6,19 67,98
36.07 6,35 68,95
36.10 6,36 69,60
36.13 6,52 70,25
36.17 6,52 70,41
36.20 6,52 70,41
36.23 6,84 70,25
36.27 7,01 69,92
36.30 7,33 69,60
36.33 7,50 69,43
36.37 7,50 69,27
36.40 7,50 69,27
36.43 7,50 69,27
36.47 7,51 69,27
36.50 7,50 69,27
36.53 7,34 69,11
36.57 7,34 69,11
36.60 7,17 68,95
36.63 7,01 68,78
36.67 7,01 68,95
36.70 6,85 68,94
36.73 6,52 68,78
36.77 6,36 68,78
36.80 6,20 68,78
36.83 6,04 68,78
36.87 5,71 68,62
36.90 5,55 68,46
36.93 5,22 68,29
36.97 4,90 67,97
37.00 4,58 67,48
37.03 4,25 67,15
37.07 3,93 66,51
37.10 3,61 66,02
37.13 3,28 65,21
37.17 3,12 64,72
37.20 2,79 63,91
37.23 2,63 63,09
37.27 2,46 62,28
37.30 2,30 61,31
37.33 2,13 60,33
37.37 2,13 59,36
37.40 1,97 58,39
37.43 1,97 57,41
37.47 1,97 56,27
37.50 1,97 55,30
37.53 2,13 54,33
37.57 2,13 53,19
37.60 2,13 52,05
37.63 2,29 51,08
37.67 2,29 49,94
37.70 2,30 48,64
37.73 2,46 47,51
37.77 2,46 46,37
37.80 2,62 45,23
37.83 2,62 43,93
37.87 2,62 42,63
37.90 2,78 41,50
37.93 2,78 40,20
37.97 2,78 39,06
38.00 2,94 37,93
38.03 2,95 36,63
38.07 2,95 35,49
38.10 2,95 34,19
38.13 3,11 33,22
38.17 3,11 32,08
38.20 3,10 31,11
38.23 2,95 29,97
38.27 2,95 29,00
38.30 2,95 28,19
38.33 2,95 27,38
38.37 2,95 26,56
38.40 2,95 25,75
38.43 2,95 25,10
38.47 2,79 24,29
38.50 2,79 23,64
38.53 2,80 23,15
38.57 2,80 22,66
38.60 2,80 22,34
38.63 2,80 22,01
38.67 2,81 21,85
38.70 2,81 21,69
38.73 2,81 21,68
38.77 2,81 21,52
38.80 2,81 21,53
38.83 2,97 21,69
38.87 2,97 21,69
38.90 2,97 21,69
38.93 3,13 21,85
38.97 3,13 22,18
39.00 3,29 22,50
39.03 3,29 22,99
39.07 3,45 23,80
39.10 3,45 24,61
39.13 3,61 25,58
39.17 3,62 26,72
39.20 3,78 28,02
39.23 3,94 29,31
39.27 4,10 30,78
39.30 4,26 32,40
39.33 4,43 34,02
39.37 4,59 35,81
39.40 4,75 37,59
39.43 4,92 39,37
39.47 5,24 41,32
39.50 5,41 43,27
39.53 5,73 45,22
39.57 5,89 47,17
39.60 6,21 49,28
39.63 6,38 51,39
39.67 6,71 53,50
39.70 7,03 55,61
39.73 7,19 57,56
39.77 7,52 59,67
39.80 7,84 61,62
39.83 8,00 63,24
39.87 8,33 64,86
39.90 8,65 66,49
39.93 8,81 67,62
39.97 8,98 68,43
40.00 9,14 69,08
40.03 9,31 69,57
40.07 9,47 69,73
40.10 9,47 69,57
40.13 9,79 69,25
40.17 9,95 69,08
40.20 10,12 68,76
40.23 10,28 68,76
40.27 10,28 68,76
40.30 10,28 68,92
40.33 10,13 68,92
40.37 10,13 69,08
40.40 10,12 69,08
40.43 9,96 68,92
40.47 9,96 68,92
40.50 9,96 68,60
40.53 9,80 68,60
40.57 9,80 68,43
40.60 9,79 68,27
40.63 9,63 68,11
40.67 9,47 67,95
40.70 9,14 67,62
40.73 8,82 67,13
40.77 8,66 66,81
40.80 8,33 66,16
40.83 8,00 65,51
40.87 7,67 64,70
40.90 7,34 63,88
40.93 7,02 63,07
40.97 6,70 62,10
41.00 6,53 61,12
41.03 6,21 60,15
41.07 6,05 59,18
41.10 5,89 58,04
41.13 5,89 57,23
41.17 5,73 56,09
41.20 5,73 54,95
41.23 5,57 53,65
41.27 5,57 52,52
41.30 5,58 51,38
41.33 5,58 50,24
41.37 5,42 49,11
41.40 5,42 47,81
41.43 5,42 46,67
41.47 5,42 45,54
41.50 5,42 44,40
41.53 5,42 43,27
41.57 5,42 42,29
41.60 5,42 41,16
41.63 5,42 40,18
41.67 5,26 39,04
41.70 5,26 38,07
41.73 5,26 37,09
41.77 5,26 36,12
41.80 5,26 35,14
41.83 5,10 34,17
41.87 5,10 33,20
41.90 5,10 32,38
41.93 4,95 31,41
41.97 4,95 30,59
42.00 4,94 29,78
42.03 4,78 28,97
42.07 4,77 28,32
42.10 4,61 27,67
42.13 4,61 27,02
42.17 4,45 26,53
42.20 4,44 26,05
42.23 4,28 25,72
42.27 4,28 25,40
42.30 4,28 25,39
42.33 4,28 25,23
42.37 4,44 25,23
42.40 4,43 25,23
42.43 4,43 25,07
42.47 4,43 25,07
42.50 4,42 25,06
42.53 4,43 25,06
42.57 4,43 25,06
42.60 4,59 25,22
42.63 4,60 25,39
42.67 4,75 25,71
42.70 4,75 26,20
42.73 4,75 26,85
42.77 4,76 27,66
42.80 4,92 28,64
42.83 4,92 29,77
42.87 4,92 30,91
42.90 5,08 32,37
42.93 5,08 33,83
42.97 5,24 35,45
43.00 5,25 37,07
43.03 5,41 38,85
43.07 5,57 40,64
43.10 5,73 42,43
43.13 5,89 44,37
43.17 6,05 46,16
43.20 6,21 48,11
43.23 6,38 49,90
43.27 6,70 51,84
43.30 6,87 53,63
43.33 7,19 55,42
43.37 7,51 57,20
43.40 7,68 58,82
43.43 8,01 60,45
43.47 8,33 62,07
43.50 8,66 63,53
43.53 8,82 64,67
43.57 9,14 65,97
43.60 9,31 66,94
43.63 9,47 67,75
43.67 9,79 68,40
43.70 9,79 68,89
43.73 9,79 69,05
43.77 9,79 69,21
43.80 9,80 69,22
43.83 9,64 69,05
43.87 9,64 68,73
43.90 9,65 68,57
43.93 9,65 68,40
43.97 9,65 68,40
44.00 9,65 68,40
44.03 9,48 68,40
44.07 9,32 68,56
44.10 9,15 68,57
44.13 8,99 68,73
44.17 8,83 68,56
44.20 8,51 68,56
44.23 8,35 68,56
44.27 8,19 68,56
44.30 8,03 68,56
44.33 7,87 68,56
44.37 7,87 68,56
44.40 7,71 68,72
44.43 7,70 68,72
44.47 7,54 68,72
44.50 7,38 68,72
44.53 7,38 68,72
44.57 7,21 68,40
44.60 7,05 68,23
44.63 6,72 67,91
44.67 6,56 67,59
44.70 6,23 67,26
44.73 5,90 66,61
44.77 5,42 65,96
44.80 5,09 65,31
44.83 4,61 64,50
44.87 4,28 63,69
44.90 3,80 62,55
44.93 3,47 61,74
44.97 3,14 60,77
45.00 2,82 59,79
45.03 2,49 58,82
45.07 2,33 57,68
45.10 2,16 56,54
45.13 2,00 55,40
45.17 1,83 54,27
45.20 1,67 52,97
45.23 1,67 51,83
45.27 1,51 50,53
45.30 1,51 47,93
45.33 1,67 46,63
45.37 1,67 45,33
45.40 1,83 44,03
45.43 1,83 42,73
45.47 2,00 41,60
45.50 2,16 40,30
45.53 2,33 39,16
45.57 2,49 38,02
45.60 2,65 36,89
45.63 2,66 35,75
45.67 2,82 34,62
45.70 2,99 33,64
45.73 3,15 32,67
45.77 3,32 31,53
45.80 3,48 30,56
45.83 3,64 29,59
45.87 3,80 28,77
45.90 3,80 27,80
45.93 3,96 26,98
45.97 3,96 26,01
46.00 4,12 25,36
46.03 4,12 24,55
46.07 4,13 23,73
46.10 4,29 23,08
46.13 4,28 22,43
46.17 4,28 21,95
46.20 4,29 21,62
46.23 4,29 21,30
46.27 4,29 20,97
46.30 4,29 20,97
46.33 4,30 20,81
46.37 4,30 20,81
46.40 4,30 20,81
46.43 4,31 20,65
46.47 4,47 20,81
46.50 4,46 20,81
46.53 4,46 20,81
46.57 4,47 21,13
46.60 4,63 21,62
46.63 4,63 22,11
46.67 4,63 22,75
46.70 4,79 23,73
46.73 4,79 24,54
46.77 4,79 25,67
46.80 4,95 26,97
46.83 4,95 28,27
46.87 5,11 29,73
46.90 5,12 31,03
46.93 5,28 32,49
46.97 5,44 34,11
47.00 5,60 35,74
47.03 5,76 37,36
47.07 5,92 38,98
47.10 6,08 40,60
47.13 6,23 42,39
47.17 6,39 44,01
47.20 6,56 45,64
47.23 6,72 47,42
47.27 6,89 49,21
47.30 7,21 50,99
47.33 7,37 52,78
47.37 7,69 54,57
47.40 7,86 56,19
47.43 8,18 57,98
47.47 8,34 59,44
47.50 8,66 61,06
47.53 8,83 62,36
47.57 9,15 63,66
47.60 9,31 64,79
47.63 9,63 65,77
47.67 9,96 66,74
47.70 10,12 67,39
47.73 10,28 68,04
47.77 10,44 68,52
47.80 10,44 68,53
47.83 10,60 68,69
47.87 10,92 68,85
47.90 11,09 68,69
47.93 11,24 68,52
47.97 11,25 68,36
48.00 11,25 68,36
48.03 11,26 68,36
48.07 11,26 68,36
48.10 11,26 68,52
48.13 11,10 68,52
48.17 11,09 68,52
48.20 10,94 68,52
48.23 10,78 68,52
48.27 10,77 68,36
48.30 10,61 68,36
48.33 10,61 68,36
48.37 10,45 68,20
48.40 10,29 68,20
48.43 10,12 68,20
48.47 9,96 68,20
48.50 9,80 68,04
48.53 9,64 68,04
48.57 9,48 68,04
48.60 9,48 68,04
48.63 9,32 68,04
48.67 9,16 68,04
48.70 9,16 68,20
48.73 9,00 68,20
48.77 9,00 68,20
48.80 8,84 68,20
48.83 8,84 68,20
48.87 8,84 68,36
48.90 8,68 68,19
48.93 8,52 68,03
48.97 8,51 67,87
49.00 8,35 67,54
49.03 8,03 67,06
49.07 7,86 66,57
49.10 7,54 65,92
49.13 7,21 65,27
49.17 6,89 64,30
49.20 6,56 63,32
49.23 6,40 62,35
49.27 6,07 61,21
49.30 5,75 59,92
49.33 5,59 58,78
49.37 5,42 57,48
49.40 5,26 56,18
49.43 5,26 55,05
49.47 5,10 53,75
49.50 5,10 52,61
49.53 5,09 51,31
49.57 5,09 50,01
49.60 5,09 48,71
49.63 5,25 47,41
49.67 5,24 46,11
49.70 5,24 44,81
49.73 5,25 43,51
49.77 5,40 42,37
49.80 5,40 41,07
49.83 5,40 39,94
49.87 5,40 38,80
49.90 5,40 37,83
49.93 5,40 36,69
49.97 5,40 35,56
50.00 5,40 34,58
50.03 5,39 33,61
50.07 5,23 32,47
50.10 5,23 31,50
50.13 5,07 30,52
50.17 5,07 29,55
50.20 5,07 28,74
50.23 4,91 27,93
50.27 4,91 27,12
50.30 4,91 26,47
50.33 4,75 25,66
50.37 4,75 25,01
50.40 4,75 24,36
50.43 4,74 23,87
50.47 4,58 23,38
50.50 4,58 22,90
50.53 4,58 22,74
50.57 4,58 22,57
50.60 4,59 22,41
50.63 4,59 22,41
50.67 4,58 22,25
50.70 4,59 22,25
50.73 4,59 22,25
50.77 4,75 22,41
50.80 4,75 22,41
50.83 4,91 22,57
50.87 4,91 22,57
50.90 5,07 22,57
50.93 5,07 22,57
50.97 5,08 22,57
51.00 5,24 22,73
51.03 5,40 23,06
51.07 5,40 23,38
51.10 5,55 24,03
51.13 5,56 24,68
51.17 5,71 25,49
51.20 5,71 26,30
51.23 5,87 27,28
51.27 5,88 28,41
51.30 6,04 29,55
51.33 6,20 30,84
51.37 6,21 31,98
51.40 6,37 33,28
51.43 6,53 34,74
51.47 6,69 36,04
51.50 6,69 37,34
51.53 6,86 38,80
51.57 7,02 40,26
51.60 7,18 41,72
51.63 7,34 43,02
51.67 7,34 44,48
51.70 7,50 45,94
51.73 7,66 47,41
51.77 7,67 48,87
51.80 7,83 50,33
51.83 7,99 51,95
51.87 7,99 53,41
51.90 8,15 55,04
51.93 8,15 56,66
51.97 8,31 58,12
52.00 8,48 59,74
52.03 8,63 61,04
52.07 8,64 62,34
52.10 8,80 63,48
52.13 8,96 64,61
52.17 9,12 65,59
52.20 9,28 66,56
52.23 9,29 67,21
52.27 9,29 67,70
52.30 9,29 68,18
52.33 9,29 68,51
52.37 9,14 68,50
52.40 9,14 68,50
52.43 9,13 68,50
52.47 9,13 68,34
52.50 9,13 68,18
52.53 9,13 68,18
52.57 9,12 68,18
52.60 9,12 68,34
52.63 8,96 68,34
52.67 8,96 68,50
52.70 8,79 68,50
52.73 8,79 68,66
52.77 8,63 68,50
52.80 8,47 68,50
52.83 8,46 68,50
52.87 8,30 68,34
52.90 8,14 68,18
52.93 8,14 68,34
52.97 7,97 68,34
53.00 7,81 68,34
53.03 7,81 68,50
53.07 7,65 68,50
53.10 7,65 68,50
53.13 7,64 68,66
53.17 7,64 68,66
53.20 7,48 68,50
53.23 7,48 68,50
53.27 7,48 68,50
53.30 7,48 68,50
53.33 7,32 68,34
53.37 7,31 68,34
53.40 7,15 68,18
53.43 6,98 67,86
53.47 6,82 67,69
53.50 6,50 67,21
53.53 6,33 66,88
53.57 6,01 66,39
53.60 5,85 65,91
53.63 5,52 65,26
53.67 5,20 64,44
53.70 4,88 63,47
53.73 4,71 62,49
53.77 4,39 61,52
53.80 4,07 60,55
53.83 3,91 59,57
53.87 3,74 58,59
53.90 3,58 57,46
53.93 3,42 56,32
53.97 3,26 55,35
54.00 3,26 54,21
54.03 3,26 53,24
54.07 3,26 52,10
54.10 3,26 50,97
54.13 3,26 49,83
54.17 3,42 48,69
54.20 3,42 47,39
54.23 3,58 46,26
54.27 3,59 44,96
54.30 3,75 43,66
54.33 3,91 42,52
54.37 4,07 41,22
54.40 4,07 40,09
54.43 4,24 38,95
54.47 4,39 37,81
54.50 4,39 36,67
54.53 4,40 35,53
54.57 4,56 34,56
54.60 4,56 33,42
54.63 4,57 32,45
54.67 4,73 31,64
54.70 4,73 30,66
54.73 4,73 29,85
54.77 4,72 29,03
54.80 4,72 28,22
54.83 4,56 27,41
54.87 4,56 26,76
54.90 4,56 26,27
54.93 4,56 25,62
54.97 4,40 25,14
55.00 4,40 24,65
55.03 4,39 24,32
55.07 4,23 23,83
55.10 4,23 23,51
55.13 4,23 23,35
55.17 4,07 23,18
55.20 4,07 23,02
55.23 4,07 23,02
55.27 4,07 22,86
55.30 4,07 22,86
55.33 4,07 22,86
55.37 4,07 22,86
55.40 4,06 22,86
55.43 4,06 22,86
55.47 4,06 22,85
55.50 4,06 22,85
55.53 4,07 23,02
55.57 4,22 23,50
55.60 4,22 23,83
55.63 4,22 24,48
55.67 4,22 24,96
55.70 4,23 25,78
55.73 4,39 26,75
55.77 4,40 27,72
55.80 4,56 28,86
55.83 4,56 30,00
55.87 4,72 31,30
55.90 4,73 32,60
55.93 4,89 34,06
55.97 5,05 35,52
56.00 5,21 36,98
56.03 5,37 38,60
56.07 5,53 40,06
56.10 5,69 41,69
56.13 5,85 43,31
56.17 6,00 44,93
56.20 6,16 46,56
56.23 6,32 48,18
56.27 6,48 49,97
56.30 6,64 51,75
56.33 6,80 53,54
56.37 6,96 55,32
56.40 7,12 57,11
56.43 7,28 58,73
56.47 7,44 60,36
56.50 7,61 61,98
56.53 7,77 63,44
56.57 7,94 64,74
56.60 8,10 66,04
56.63 8,26 67,17
56.67 8,42 68,15
56.70 8,42 68,80
56.73 8,42 69,29
56.77 8,42 69,61
56.80 8,26 69,61
56.83 8,26 69,61
56.87 8,10 69,45
56.90 7,94 69,29
56.93 7,94 69,29
56.97 7,78 69,12
57.00 7,78 69,29
57.03 7,62 69,29
57.07 7,61 69,45
57.10 7,45 69,45
57.13 7,45 69,45
57.17 7,29 69,45
57.20 7,29 69,29
57.23 7,13 69,12
57.27 6,97 68,96
57.30 6,81 68,80
57.33 6,65 68,64
57.37 6,65 68,80
57.40 6,48 68,64
57.43 6,32 68,64
57.47 6,32 68,64
57.50 6,16 68,47
57.53 6,16 68,47
57.57 6,00 68,31
57.60 6,00 68,31
57.63 5,85 68,31
57.67 5,84 68,31
57.70 5,84 68,47
57.73 5,68 68,47
57.77 5,68 68,47
57.80 5,68 68,47
57.83 5,52 68,15
57.87 5,52 67,98
57.90 5,36 67,50
57.93 5,19 67,01
57.97 5,03 66,52
58.00 4,87 65,87
58.03 4,54 65,06
58.07 4,22 64,09
58.10 4,05 63,27
58.13 3,73 62,30
58.17 3,57 61,16
58.20 3,40 60,03
58.23 3,24 58,89
58.27 3,08 57,59
58.30 3,08 56,46
58.33 2,92 55,00
58.37 2,92 53,70
58.40 2,92 52,40
58.43 2,92 51,10
58.47 2,93 49,80
58.50 3,09 48,67
58.53 3,08 47,37
58.57 3,09 46,23
58.60 3,24 45,09
58.63 3,24 43,80
58.67 3,24 42,82
58.70 3,25 41,68
58.73 3,41 40,55
58.77 3,41 39,57
58.80 3,41 38,43
58.83 3,57 37,46
58.87 3,57 36,33
58.90 3,57 35,35
58.93 3,57 34,54
58.97 3,57 33,57
59.00 3,58 32,75
59.03 3,58 31,94
59.07 3,74 31,30
59.10 3,74 30,64
59.13 3,74 29,83
59.17 3,74 29,19
59.20 3,74 28,54
59.23 3,90 28,05
59.27 3,90 27,40
59.30 3,90 26,91
59.33 4,06 26,42
59.37 4,07 25,94
59.40 4,23 25,45
59.43 4,38 25,12
59.47 4,39 24,80
59.50 4,54 24,48
59.53 4,55 24,31
59.57 4,71 24,15
59.60 4,71 24,15
59.63 4,87 23,99
59.67 4,88 23,99
59.70 5,04 23,99
59.73 5,20 23,99
59.77 5,20 23,83
59.80 5,36 23,99
59.83 5,36 23,83
59.87 5,36 23,83
59.90 5,52 23,83
59.93 5,52 23,99
59.97 5,52 24,15
60.00 5,52 24,64
60.03 5,53 25,12
60.07 5,53 25,77
60.10 5,54 26,58
60.13 5,54 27,40
60.17 5,55 28,37
60.20 5,55 29,34
60.23 5,56 30,48
60.27 5,72 31,62
60.30 5,71 32,76
60.33 5,71 33,89
60.37 5,72 35,03
60.40 5,88 36,33
60.43 5,88 37,47
60.47 6,04 38,60
60.50 6,04 39,74
60.53 6,20 40,88
60.57 6,21 42,02
60.60 6,37 43,15
60.63 6,53 44,29
60.67 6,53 45,26
60.70 6,70 46,39
60.73 6,70 47,37
60.77 6,86 48,50
60.80 6,86 49,48
60.83 6,87 50,61
60.87 7,03 51,75
60.90 7,03 53,05
60.93 7,02 54,19
60.97 7,02 55,49
61.00 7,02 56,95
61.03 7,02 58,41
61.07 7,02 59,87
61.10 7,02 61,33
61.13 7,03 62,95
61.17 7,03 64,42
61.20 7,19 65,88
61.23 7,03 67,18
61.27 7,03 68,31
61.30 7,03 69,29
61.33 7,04 69,94
61.37 7,04 70,10
61.40 7,04 70,10
61.43 7,36 69,94
61.47 7,69 69,45
61.50 7,85 69,12
61.53 7,85 68,96
61.57 7,84 68,96
61.60 7,68 68,96
61.63 7,51 69,12
61.67 7,19 69,12
61.70 7,19 69,12
61.73 7,03 68,80
61.77 7,03 68,63
61.80 7,03 68,47
61.83 7,02 68,31
61.87 6,86 68,15
61.90 6,86 68,15
61.93 6,70 68,15
61.97 6,70 68,15
62.00 6,70 68,31
62.03 6,54 68,14
62.07 6,54 68,14
62.10 6,37 67,82
62.13 6,37 67,82
62.17 6,21 67,66
62.20 6,21 67,65
62.23 6,05 67,49
62.27 6,05 67,65
62.30 5,89 67,49
62.33 5,88 67,65
62.37 5,72 67,65
62.40 5,72 67,65
62.43 5,72 67,65
62.47 5,72 67,65
62.50 5,71 67,65
62.53 5,71 67,65
62.57 5,71 67,65
62.60 5,55 67,49
62.63 5,55 67,49
62.67 5,55 67,49
62.70 5,55 67,49
62.73 5,55 67,49
62.77 5,55 67,17
62.80 5,39 66,68
62.83 5,23 66,19
62.87 5,07 65,71
62.90 4,91 65,05
62.93 4,59 64,08
62.97 4,42 63,27
63.00 4,10 62,29
63.03 3,94 61,32
63.07 3,62 60,18
63.10 3,46 59,20
63.13 3,14 58,07
63.17 2,98 56,93
63.20 2,66 55,79
63.23 2,50 54,66
63.27 2,50 53,52
63.30 2,34 52,38
63.33 2,34 51,25
63.37 2,34 50,11
63.40 2,18 48,81
63.43 2,18 47,68
63.47 2,34 46,54
63.50 2,34 45,40
63.53 2,34 44,27
63.57 2,50 43,13
63.60 2,50 41,83
63.63 2,51 40,70
63.67 2,67 39,72
63.70 2,67 38,59
63.73 2,83 37,77
63.77 2,83 36,80
63.80 2,83 35,82
63.83 2,83 35,01
63.87 2,99 34,36
63.90 2,83 33,55
63.93 2,84 32,90
63.97 2,84 32,09
64.00 2,85 31,44
64.03 2,85 30,79
64.07 2,85 29,98
64.10 2,86 29,34
64.13 2,86 28,69
64.17 2,87 28,04
64.20 3,03 27,55
64.23 3,02 26,90
64.27 3,02 26,42
64.30 3,02 25,93
64.33 3,02 25,44
64.37 3,02 25,12
64.40 3,18 24,96
64.43 3,18 24,63
64.47 3,18 24,47
64.50 3,34 24,47
64.53 3,34 24,31
64.57 3,35 24,15
64.60 3,51 24,15
64.63 3,51 23,99
64.67 3,67 23,99
64.70 3,67 23,82
64.73 3,83 23,82
64.77 3,84 23,66
64.80 4,00 23,66
64.83 4,01 23,50
64.87 4,16 23,50
64.90 4,16 23,50
64.93 4,32 23,83
64.97 4,32 24,15
65.00 4,32 24,64
65.03 4,32 25,29
65.07 4,31 25,94
65.10 4,31 26,91
65.13 4,31 27,73
65.17 4,31 28,86
65.20 4,30 30,00
65.23 4,30 31,14
65.27 4,30 32,44
65.30 4,30 33,74
65.33 4,30 35,20
65.37 4,46 36,66
65.40 4,46 38,12
65.43 4,62 39,58
65.47 4,62 41,04
65.50 4,78 42,50
65.53 4,78 43,97
65.57 4,94 45,43
65.60 4,95 46,89
65.63 5,11 48,35
65.67 5,27 49,97
65.70 5,27 51,27
65.73 5,44 52,74
65.77 5,60 54,20
65.80 5,75 55,66
65.83 5,76 56,96
65.87 5,92 58,42
65.90 6,08 59,72
65.93 6,25 61,02
65.97 6,42 62,32
66.00 6,74 63,62
66.03 6,90 64,76
66.07 7,06 65,89
66.10 7,22 66,87
66.13 7,37 67,68
66.17 7,37 68,49
66.20 7,37 68,82
66.23 7,37 69,14
66.27 7,37 69,14
66.30 7,37 68,98
66.33 7,53 68,65
66.37 7,54 68,17
66.40 7,70 68,00
66.43 7,70 67,84
66.47 7,70 67,84
66.50 7,54 67,84
66.53 7,54 68,00
66.57 7,54 68,17
66.60 7,54 68,16
66.63 7,54 68,16
66.67 7,54 68,16
66.70 7,53 68,00
66.73 7,37 67,84
66.77 7,37 67,84
66.80 7,37 67,84
66.83 7,21 67,84
66.87 7,20 68,00
66.90 7,20 68,00
66.93 7,20 68,00
66.97 7,04 68,01
67.00 7,04 68,01
67.03 7,04 68,01
67.07 7,04 68,01
67.10 7,20 68,01
67.13 7,19 68,01
67.17 7,19 68,01
67.20 7,03 68,01
67.23 7,03 68,01
67.27 7,03 68,01
67.30 7,03 68,17
67.33 7,02 68,17
67.37 6,87 68,17
67.40 6,87 68,33
67.43 6,87 68,49
67.47 6,87 68,49
67.50 6,87 68,65
67.53 6,87 68,66
67.57 6,87 68,66
67.60 6,87 68,66
67.63 6,86 68,66
67.67 6,86 68,66
67.70 6,86 68,66
67.73 6,70 68,49
67.77 6,69 68,49
67.80 6,53 68,33
67.83 6,36 68,17
67.87 6,20 68,01
67.90 6,04 67,68
67.93 5,88 67,36
67.97 5,72 66,87
68.00 5,55 66,39
68.03 5,23 65,74
68.07 5,07 65,09
68.10 4,74 64,11
68.13 4,42 63,30
68.17 4,26 62,49
68.20 3,94 61,35
68.23 3,78 60,54
68.27 3,62 59,40
68.30 3,46 58,27
68.33 3,30 57,13
68.37 3,14 55,99
68.40 3,14 55,02
68.43 3,30 53,88
68.47 3,30 52,74
68.50 3,29 51,61
68.53 3,29 50,63
68.57 3,30 49,50
68.60 3,46 48,36
68.63 3,46 47,22
68.67 3,62 46,09
68.70 3,62 45,11
68.73 3,78 43,98
68.77 3,78 43,00
68.80 3,79 42,03
68.83 3,95 40,73
68.87 3,95 39,92
68.90 4,11 38,95
68.93 4,11 38,14
68.97 4,11 37,16
69.00 4,11 36,19
69.03 4,12 35,21
69.07 4,11 34,40
69.10 4,27 33,59
69.13 4,27 32,78
69.17 4,11 31,80
69.20 4,11 30,99
69.23 4,11 30,18
69.27 3,95 29,37
69.30 3,79 28,56
69.33 3,79 27,91
69.37 3,79 27,26
69.40 3,63 26,61
69.43 3,63 26,28
69.47 3,63 25,63
69.50 3,47 25,31
69.53 3,31 24,82
69.57 3,31 24,50
69.60 3,31 24,17
69.63 3,31 24,01
69.67 3,15 23,68
69.70 3,16 23,36
69.73 3,16 23,20
69.77 3,17 23,04
69.80 3,17 23,04
69.83 3,17 22,88
69.87 3,33 23,04
69.90 3,33 23,04
69.93 3,33 22,88
69.97 3,34 22,88
70.00 3,49 22,88
70.03 3,49 22,88
70.07 3,50 22,72
70.10 3,65 22,72
70.13 3,65 22,71
70.17 3,66 22,55
70.20 3,82 22,55
70.23 3,82 22,55
70.27 3,82 22,39
70.30 3,98 22,55
70.33 3,98 22,72
70.37 3,98 23,04
70.40 3,98 23,53
70.43 3,98 24,02
70.47 3,98 24,67
70.50 3,98 25,48
70.53 3,98 26,45
70.57 3,98 27,43
70.60 3,98 28,40
70.63 3,97 29,54
70.67 3,97 30,68
70.70 3,97 31,82
70.73 3,96 33,11
70.77 3,96 34,25
70.80 3,96 35,38
70.83 3,97 36,52
70.87 4,13 37,82
70.90 4,12 38,96
70.93 4,13 40,25
70.97 4,29 41,39
71.00 4,29 42,69
71.03 4,29 43,99
71.07 4,46 45,29
71.10 4,46 46,59
71.13 4,62 48,05
71.17 4,62 49,35
71.20 4,62 50,65
71.23 4,62 52,11
71.27 4,78 53,74
71.30 4,77 55,36
71.33 4,77 56,98
71.37 4,77 58,45
71.40 4,78 60,23
71.43 4,78 61,85
71.47 4,78 63,48
71.50 4,79 65,10
71.53 4,79 66,56
71.57 4,80 67,70
71.60 4,80 68,51
71.63 4,96 69,00
71.67 5,12 68,84
71.70 5,61 68,51
71.73 6,09 68,02
71.77 6,42 67,37
71.80 6,75 66,89
71.83 7,08 66,56
71.87 7,24 66,56
71.90 7,24 66,40
71.93 7,56 66,56
71.97 7,89 66,40
72.00 8,38 66,40
72.03 9,03 66,08
72.07 9,84 65,92
72.10 10,66 65,59
72.13 11,63 65,43
72.17 12,60 65,43
72.20 13,58 65,27
72.23 14,71 65,10
72.27 15,68 64,78
72.30 16,49 64,46
72.33 17,46 64,29
72.37 18,27 64,13
72.40 19,25 63,97
72.43 20,39 63,80
72.47 21,69 63,80
72.50 23,15 63,97
72.53 24,44 64,29
72.57 25,58 64,78
72.60 26,88 65,59
72.63 28,01 66,24
72.67 28,99 66,73
72.70 30,13 67,37
72.73 31,26 67,70
72.77 32,40 68,02
72.80 33,37 68,18
72.83 34,18 68,18
72.87 34,83 68,02
72.90 35,32 67,69
72.93 35,64 67,04
72.97 35,97 66,56
73.00 36,30 65,91
73.03 36,94 65,42
73.07 37,43 64,77
73.10 38,08 64,44
73.13 38,41 64,12
73.17 38,73 63,79
73.20 39,21 63,79
73.23 39,54 63,79
73.27 39,86 63,79
73.30 40,19 63,79
73.33 40,35 63,95
73.37 40,67 63,96
73.40 40,83 63,95
73.43 41,00 63,79
73.47 41,15 63,63
73.50 41,15 63,46
73.53 40,99 63,14
73.57 40,83 62,81
73.60 40,83 62,65
73.63 40,67 62,65
73.67 40,51 62,49
73.70 40,34 62,65
73.73 40,02 62,65
73.77 39,85 62,65
73.80 39,53 62,82
73.83 39,20 62,81
73.87 38,88 62,82
73.90 38,56 62,82
73.93 38,24 62,82
73.97 37,91 62,82
74.00 37,59 62,82
74.03 37,27 62,82
74.07 36,94 62,82
74.10 36,61 62,82
74.13 36,28 62,98
74.17 35,96 63,14
74.20 35,79 63,47
74.23 35,47 63,63
74.27 35,31 63,95
74.30 35,14 64,28
74.33 34,98 64,61
74.37 34,99 64,93
74.40 35,15 65,42
74.43 35,14 65,58
74.47 35,14 65,75
74.50 35,31 65,91
74.53 35,47 65,91
74.57 35,79 66,07
74.60 35,96 66,08
74.63 36,28 66,24
74.67 36,61 66,24
74.70 37,10 66,40
74.73 37,42 66,40
74.77 37,91 66,56
74.80 38,40 66,89
74.83 39,05 67,21
74.87 39,54 67,70
74.90 40,19 68,19
74.93 41,00 68,84
74.97 41,81 69,49
75.00 42,62 69,98
75.03 43,43 70,46
75.07 44,41 71,11
75.10 45,39 71,60
75.13 46,36 71,93
75.17 47,34 72,25
75.20 48,31 72,41
75.23 49,12 72,25
75.27 49,94 72,09
75.30 50,75 71,76
75.33 51,56 71,44
75.37 52,21 70,63
75.40 52,86 69,98
75.43 53,51 69,16
75.47 53,99 68,19
75.50 54,64 67,38
75.53 55,13 66,40
75.57 55,61 65,59
75.60 56,42 65,59
75.63 56,91 65,75
75.67 56,91 66,24
75.70 56,75 66,40
75.73 56,75 66,08
75.77 56,75 65,75
75.80 56,26 65,91
75.83 56,10 65,91
75.87 56,26 65,91
75.90 56,42 66,07
75.93 56,42 65,91
75.97 56,42 65,91
76.00 56,42 66,07
76.03 56,42 66,07
76.07 56,42 66,07
76.10 56,42 66,07
76.13 56,42 66,07
76.17 56,41 66,07
76.20 56,25 66,07
76.23 56,26 66,07
76.27 56,26 66,07
76.30 56,42 66,07
76.33 56,42 66,07
76.37 56,42 66,07
76.40 56,41 66,07
76.43 56,41 66,07
76.47 56,41 66,07
76.50 56,41 66,07
76.53 56,41 66,07
76.57 56,40 66,07
76.60 56,40 66,07
76.63 56,40 66,07
76.67 56,40 66,07
76.70 56,40 66,07
76.73 56,40 66,07
76.77 56,40 66,07
76.80 56,39 65,91
76.83 56,55 65,91
76.87 56,55 65,91
76.90 56,55 65,91
76.93 56,55 65,91
76.97 56,55 65,91
77.00 56,55 65,91
77.03 56,55 65,92
77.07 56,54 65,92
77.10 56,54 65,92
77.13 56,54 65,92
