#Kinovea Trajectory data export
#T X Y

# Trajectory 1
0.03 39,78 50,07
0.07 39,79 50,07
0.10 39,79 50,07
0.13 39,80 50,08
0.17 39,80 50,08
0.20 39,81 49,90
0.23 39,81 49,91
0.27 39,83 49,91
0.30 39,84 49,92
0.33 39,85 49,92
0.37 39,86 49,93
0.40 39,87 50,11
0.43 39,88 50,11
0.47 39,88 50,11
0.50 39,71 50,11
0.53 39,71 50,12
0.57 39,72 50,12
0.60 39,72 50,12
0.63 39,72 50,13
0.67 39,72 50,31
0.70 39,55 50,13
0.73 39,37 50,12
0.77 39,19 50,12
0.80 39,01 50,11
0.83 38,83 50,11
0.87 38,83 50,11
0.90 38,84 49,92
0.93 38,85 49,75
0.97 38,86 49,75
1.00 38,86 49,93
1.03 38,85 49,74
1.07 38,85 49,74
1.10 38,86 49,74
1.13 38,86 49,74
1.17 38,85 49,74
1.20 38,84 49,56
1.23 38,84 49,37
1.27 38,67 49,20
1.30 38,66 49,38
1.33 38,66 49,56
1.37 38,49 49,19
1.40 38,49 49,01
1.43 38,50 49,01
1.47 38,50 49,01
1.50 38,50 49,01
1.53 38,49 49,01
1.57 38,49 49,01
1.60 38,48 49,01
1.63 38,31 48,65
1.67 38,31 48,65
1.70 38,32 48,64
1.73 38,33 48,64
1.77 38,32 48,64
1.80 38,31 48,64
1.83 38,14 48,46
1.87 38,31 48,64
1.90 38,14 48,46
1.93 38,14 48,28
1.97 38,15 48,29
2.00 38,15 48,29
2.03 38,15 48,30
2.07 38,16 48,30
2.10 38,16 48,30
2.13 38,17 48,31
2.17 38,18 48,31
2.20 38,35 48,67
2.23 38,34 48,67
2.27 38,33 48,67
2.30 38,32 48,67
2.33 38,31 48,67
2.37 38,31 48,67
2.40 38,31 48,68
2.43 38,31 48,86
2.47 38,32 48,86
2.50 38,33 48,86
2.53 38,35 48,86
2.57 38,52 49,04
2.60 38,51 49,04
2.63 38,51 49,05
2.67 38,51 49,05
2.70 38,68 49,41
2.73 38,67 49,41
2.77 38,68 49,41
2.80 38,69 49,41
2.83 38,70 49,41
2.87 38,72 49,41
2.90 38,89 49,59
2.93 38,89 49,59
2.97 38,89 49,59
3.00 38,88 49,59
3.03 38,88 49,59
3.07 38,89 49,59
3.10 38,89 49,59
3.13 38,90 49,59
3.17 38,91 49,59
3.20 38,92 49,59
3.23 38,92 49,60
3.27 38,91 49,78
3.30 38,91 50,14
3.33 38,91 50,69
3.37 38,90 51,23
3.40 38,90 52,13
3.43 38,90 53,04
3.47 38,88 53,95
3.50 38,87 55,03
3.53 38,69 55,94
3.57 38,68 57,02
3.60 38,52 57,74
3.63 38,51 58,29
3.67 38,50 58,65
3.70 38,33 58,47
3.73 38,32 58,47
3.77 38,14 57,74
3.80 38,14 57,38
3.83 37,97 56,84
3.87 37,97 56,83
3.90 37,97 56,83
3.93 37,96 57,02
3.97 37,96 57,20
4.00 37,97 57,38
4.03 37,97 57,20
4.07 38,14 57,20
4.10 38,15 57,02
4.13 38,16 56,65
4.17 38,16 56,48
4.20 38,18 56,47
4.23 38,35 56,65
4.27 38,35 56,83
4.30 38,34 56,83
4.33 38,34 56,83
4.37 38,33 56,83
4.40 38,32 56,84
4.43 38,31 56,84
4.47 38,14 56,65
4.50 38,14 56,65
4.53 37,96 56,47
4.57 37,79 56,47
4.60 37,78 56,83
4.63 37,60 56,83
4.67 37,42 56,82
4.70 37,24 56,64
4.73 37,24 57,00
4.77 37,07 56,82
4.80 36,89 56,63
4.83 36,71 56,45
4.87 36,53 56,45
4.90 36,35 56,45
4.93 36,16 56,63
4.97 35,98 56,81
5.00 35,62 56,63
5.03 35,26 56,45
5.07 34,90 56,45
5.10 34,55 56,44
5.13 34,19 56,44
5.17 33,66 56,08
5.20 33,29 56,26
5.23 32,75 56,07
5.27 32,21 56,07
5.30 31,67 56,07
5.33 31,12 55,89
5.37 30,58 55,89
5.40 30,03 55,89
5.43 29,49 56,06
5.47 28,93 56,06
5.50 28,38 56,42
5.53 27,83 56,60
5.57 27,11 56,42
5.60 26,57 56,78
5.63 25,85 56,78
5.67 25,31 57,14
5.70 24,59 57,15
5.73 23,87 57,33
5.77 23,14 57,51
5.80 22,43 57,87
5.83 21,71 58,06
5.87 20,99 58,24
5.90 20,28 58,60
5.93 19,57 58,78
5.97 19,02 59,32
6.00 18,30 59,51
6.03 17,58 59,87
6.07 16,87 60,04
6.10 16,17 60,22
6.13 15,61 60,40
6.17 14,88 60,41
6.20 14,17 60,41
6.23 13,62 60,58
6.27 12,91 60,41
6.30 12,37 60,59
6.33 11,65 60,58
6.37 11,10 60,58
6.40 10,57 60,22
6.43 9,86 59,86
6.47 9,16 59,32
6.50 8,61 59,13
6.53 7,88 58,77
6.57 7,15 58,59
6.60 6,42 58,23
6.63 5,53 57,87
6.67 4,81 57,69
6.70 3,92 57,33
6.73 3,19 57,15
6.77 2,29 56,79
6.80 1,56 56,60
6.83 0,83 56,42
6.87 0,11 56,24
6.90 -0,45 56,24
6.93 -1,16 56,25
6.97 -1,68 56,43
7.00 -2,20 56,79
7.03 -2,57 57,15
7.07 -3,12 57,33
7.10 -3,63 57,52
7.13 -4,00 57,88
7.17 -4,50 58,24
7.20 -4,86 58,42
7.23 -5,24 58,78
7.27 -5,64 59,14
7.30 -6,15 59,32
7.33 -6,48 59,69
7.37 -6,66 60,05
7.40 -6,99 60,42
7.43 -7,19 60,78
7.47 -7,21 61,14
7.50 -7,42 61,32
7.53 -7,75 61,50
7.57 -7,90 61,50
7.60 -8,11 61,51
7.63 -8,11 61,51
7.67 -8,28 61,51
7.70 -8,45 61,34
7.73 -8,80 61,16
7.77 -8,95 60,97
7.80 -8,97 60,61
7.83 -9,15 60,43
7.87 -9,31 59,89
7.90 -9,33 59,70
7.93 -9,51 59,34
7.97 -9,54 58,98
8.00 -9,70 58,80
8.03 -9,69 58,62
8.07 -9,70 58,26
8.10 -9,70 58,08
8.13 -9,71 57,90
8.17 -9,71 57,71
8.20 -9,70 57,53
8.23 -9,68 57,17
8.27 -9,52 56,99
8.30 -9,53 56,80
8.33 -9,54 56,62
8.37 -9,36 56,44
8.40 -9,35 56,26
8.43 -9,51 56,08
8.47 -9,49 56,08
8.50 -9,47 56,07
8.53 -9,46 56,07
8.57 -9,43 56,07
8.60 -9,41 56,25
8.63 -9,25 56,43
8.67 -9,25 56,61
8.70 -9,23 56,79
8.73 -9,20 56,98
8.77 -9,18 57,16
8.80 -9,15 57,34
8.83 -9,31 57,52
8.87 -9,29 57,70
8.90 -9,27 57,89
8.93 -9,27 58,07
8.97 -9,29 58,25
9.00 -9,45 58,25
9.03 -9,46 58,25
9.07 -9,62 58,43
9.10 -9,63 58,43
9.13 -9,66 58,42
9.17 -9,82 58,43
9.20 -9,80 58,61
9.23 -9,78 58,79
9.27 -9,63 58,96
9.30 -9,62 58,97
9.33 -9,46 59,15
9.37 -9,45 59,15
9.40 -9,29 59,16
9.43 -9,29 59,16
9.47 -9,11 59,16
9.50 -8,96 58,98
9.53 -8,80 58,97
9.57 -8,77 58,80
9.60 -8,57 58,80
9.63 -8,38 58,80
9.67 -8,19 58,98
9.70 -8,03 58,98
9.73 -8,03 58,98
9.77 -8,02 58,98
9.80 -8,00 58,80
9.83 -8,01 58,62
9.87 -8,16 58,27
9.90 -8,17 58,09
9.93 -8,19 58,08
9.97 -8,35 57,90
10.00 -8,20 57,90
10.03 -8,21 57,90
10.07 -8,18 58,08
10.10 -7,99 58,08
10.13 -7,80 58,26
10.17 -7,61 58,26
10.20 -7,40 58,26
10.23 -7,06 58,26
10.27 -6,87 58,26
10.30 -6,54 58,25
10.33 -6,33 58,26
10.37 -5,98 58,44
10.40 -5,80 58,62
10.43 -5,60 58,62
10.47 -5,41 58,80
10.50 -5,22 58,80
10.53 -5,06 58,98
10.57 -5,04 58,80
10.60 -4,88 58,62
10.63 -4,90 58,44
10.67 -4,92 58,26
10.70 -4,94 58,26
10.73 -4,96 58,26
10.77 -5,12 58,44
10.80 -5,09 58,45
10.83 -5,07 58,62
10.87 -5,05 58,62
10.90 -5,03 58,62
10.93 -5,03 58,44
10.97 -5,03 58,44
11.00 -5,05 58,44
11.03 -5,06 58,44
11.07 -5,08 58,44
11.10 -5,10 58,62
11.13 -5,10 58,62
11.17 -5,09 58,63
11.20 -4,93 58,81
11.23 -4,92 58,63
11.27 -4,91 58,45
11.30 -4,74 58,45
11.33 -4,74 58,27
11.37 -4,73 58,09
11.40 -4,56 58,27
11.43 -4,55 58,27
11.47 -4,38 58,45
11.50 -4,37 58,27
11.53 -4,19 58,45
11.57 -4,02 58,45
11.60 -3,86 58,45
11.63 -3,84 58,27
11.67 -3,68 58,27
11.70 -3,66 58,28
11.73 -3,49 58,46
11.77 -3,50 58,46
11.80 -3,49 58,46
11.83 -3,47 58,47
11.87 -3,45 58,47
11.90 -3,42 58,46
11.93 -3,41 58,28
11.97 -3,42 58,28
12.00 -3,43 58,28
12.03 -3,45 58,28
12.07 -3,61 58,28
12.10 -3,58 58,29
12.13 -3,56 58,47
12.17 -3,58 58,65
12.20 -3,41 58,64
12.23 -3,41 58,64
12.27 -3,39 58,64
12.30 -3,23 58,64
12.33 -3,22 58,63
12.37 -3,05 58,64
12.40 -3,03 58,81
12.43 -2,85 58,82
12.47 -2,68 59,18
12.50 -2,66 59,17
12.53 -2,49 59,18
12.57 -2,32 59,36
12.60 -2,30 59,35
12.63 -2,14 59,35
12.67 -2,15 59,35
12.70 -2,16 59,35
12.73 -2,17 59,35
12.77 -2,18 59,53
12.80 -2,34 59,35
12.83 -2,33 59,35
12.87 -2,34 59,17
12.90 -2,50 58,99
12.93 -2,51 58,81
12.97 -2,52 58,81
13.00 -2,68 58,62
13.03 -2,66 58,62
13.07 -2,65 58,44
13.10 -2,83 58,44
13.13 -2,82 58,45
13.17 -2,81 58,45
13.20 -2,80 58,45
13.23 -2,77 58,45
13.27 -2,60 58,44
13.30 -2,61 58,27
13.33 -2,60 58,27
13.37 -2,58 58,09
13.40 -2,41 58,27
13.43 -2,42 58,27
13.47 -2,44 58,27
13.50 -2,44 58,27
13.53 -2,44 58,27
13.57 -2,44 58,27
13.60 -2,43 58,28
13.63 -2,28 58,46
13.67 -2,29 58,46
13.70 -2,29 58,47
13.73 -2,28 58,64
13.77 -2,25 58,64
13.80 -2,08 58,82
13.83 -2,09 58,82
13.87 -2,09 58,82
13.90 -2,09 58,82
13.93 -2,09 58,82
13.97 -2,08 58,82
14.00 -2,08 58,82
14.03 -2,08 58,83
14.07 -2,07 58,83
14.10 -2,06 58,83
14.13 -2,06 58,84
14.17 -2,05 58,84
14.20 -2,04 58,84
14.23 -2,04 58,85
14.27 -2,03 58,84
14.30 -2,03 58,67
14.33 -2,02 58,67
14.37 -2,01 58,67
14.40 -1,98 58,49
14.43 -1,81 58,67
14.47 -1,82 58,49
14.50 -1,81 58,49
14.53 -1,80 58,49
14.57 -1,78 58,48
14.60 -1,77 58,30
14.63 -1,75 58,31
14.67 -1,91 58,31
14.70 -1,89 58,31
14.73 -1,73 58,48
14.77 -1,75 58,48
14.80 -1,59 58,49
14.83 -1,60 58,67
14.87 -1,61 58,67
14.90 -1,62 58,67
14.93 -1,61 58,85
14.97 -1,60 58,84
15.00 -1,58 58,84
15.03 -1,42 58,84
15.07 -1,43 58,85
15.10 -1,42 58,85
15.13 -1,40 58,85
15.17 -1,22 58,66
15.20 -1,20 58,12
15.23 -1,20 57,22
15.27 -1,18 55,77
15.30 -1,02 54,15
15.33 -1,04 52,16
15.37 -0,85 50,17
15.40 -0,70 48,36
15.43 -0,68 46,55
15.47 -0,49 44,74
15.50 -0,31 43,11
15.53 -0,13 41,29
15.57 -0,12 39,12
15.60 -0,09 37,31
15.63 0,26 35,68
15.67 0,42 33,69
15.70 0,45 31,70
15.73 0,62 29,71
15.77 0,81 27,89
15.80 0,98 26,08
15.83 1,16 24,27
15.87 1,34 22,46
15.90 1,50 20,65
15.93 1,71 18,66
15.97 1,72 16,85
16.00 1,88 15,22
16.03 1,88 13,41
16.07 2,03 11,78
16.10 2,21 10,15
16.13 2,20 8,52
16.17 2,20 6,89
16.20 2,19 5,26
16.23 2,18 3,63
16.27 2,01 1,82
16.30 1,99 0,19
16.33 1,81 -1,44
16.37 1,64 -3,07
16.40 1,48 -4,69
16.43 1,32 -6,14
16.47 1,16 -7,77
16.50 0,81 -9,40
16.53 0,62 -10,84
16.57 0,45 -12,29
16.60 0,27 -13,56
16.63 0,08 -14,82
16.67 -0,10 -15,91
16.70 -0,29 -17,00
16.73 -0,47 -17,90
16.77 -0,65 -18,62
16.80 -0,84 -19,35
16.83 -1,19 -20,07
16.87 -1,37 -20,61
16.90 -1,56 -21,15
16.93 -1,92 -21,70
16.97 -2,28 -22,06
17.00 -2,46 -22,24
17.03 -2,64 -22,24
17.07 -2,82 -22,23
17.10 -3,00 -22,05
17.13 -3,18 -21,87
17.17 -3,36 -21,87
17.20 -3,37 -21,87
17.23 -3,55 -21,87
17.27 -3,72 -21,88
17.30 -3,72 -21,70
17.33 -3,53 -20,98
17.37 -3,18 -19,53
17.40 -2,99 -17,55
17.43 -2,64 -15,74
17.47 -2,46 -13,75
17.50 -2,29 -11,75
17.53 -2,29 -9,58
17.57 -2,11 -7,22
17.60 -2,11 -4,87
17.63 -2,11 -2,70
17.67 -2,12 -0,35
17.70 -1,95 2,19
17.73 -1,97 4,72
17.77 -2,15 7,26
17.80 -2,31 9,97
17.83 -2,31 12,51
17.87 -2,49 15,04
17.90 -2,65 17,76
17.93 -2,98 20,29
17.97 -3,13 23,01
18.00 -3,28 25,73
18.03 -3,44 28,45
18.07 -3,61 31,16
18.10 -3,82 34,06
18.13 -4,02 36,95
18.17 -4,37 39,85
18.20 -4,70 42,74
18.23 -4,87 45,46
18.27 -5,07 48,17
18.30 -5,41 50,70
18.33 -5,58 52,88
18.37 -5,77 54,69
18.40 -5,95 56,32
18.43 -6,11 57,22
18.47 -6,26 57,58
18.50 -6,46 57,58
18.53 -6,45 57,40
18.57 -6,63 56,86
18.60 -6,64 56,68
18.63 -6,64 56,50
18.67 -6,48 56,50
18.70 -6,13 56,50
18.73 -5,96 56,50
18.77 -5,78 55,95
18.80 -5,61 55,05
18.83 -5,59 53,60
18.87 -5,43 51,97
18.90 -5,45 49,98
18.93 -5,46 47,98
18.97 -5,47 45,99
19.00 -5,47 43,82
19.03 -5,47 41,83
19.07 -5,45 39,84
19.10 -5,43 37,85
19.13 -5,43 35,85
19.17 -5,44 33,86
19.20 -5,44 31,87
19.23 -5,44 29,88
19.27 -5,43 27,88
19.30 -5,43 25,71
19.33 -5,40 23,72
19.37 -5,37 21,90
19.40 -5,38 19,91
19.43 -5,05 17,92
19.47 -5,03 16,11
19.50 -4,86 14,30
19.53 -4,83 12,48
19.57 -4,81 10,68
19.60 -4,83 8,86
19.63 -4,85 6,87
19.67 -4,68 5,06
19.70 -4,69 3,43
19.73 -4,70 1,62
19.77 -4,87 -0,37
19.80 -5,03 -2,18
19.83 -5,04 -3,81
19.87 -5,22 -5,45
19.90 -5,39 -7,25
19.93 -5,57 -8,89
19.97 -5,75 -10,69
20.00 -5,93 -12,15
20.03 -6,12 -13,77
20.07 -6,31 -15,04
20.10 -6,66 -16,49
20.13 -6,85 -17,58
20.17 -7,03 -18,49
20.20 -7,22 -19,41
20.23 -7,58 -20,31
20.27 -7,76 -21,04
20.30 -7,94 -21,58
20.33 -8,12 -22,13
20.37 -8,48 -22,67
20.40 -8,65 -23,02
20.43 -8,83 -23,20
20.47 -9,01 -23,20
20.50 -9,01 -23,02
20.53 -9,19 -22,84
20.57 -9,37 -22,83
20.60 -9,37 -22,65
20.63 -9,54 -22,65
20.67 -9,55 -22,83
20.70 -9,73 -23,01
20.73 -9,73 -23,19
20.77 -9,73 -23,55
20.80 -9,73 -23,54
20.83 -9,54 -23,00
20.87 -9,17 -21,91
20.90 -8,81 -20,28
20.93 -8,44 -18,46
20.97 -8,07 -16,47
21.00 -7,71 -14,48
21.03 -7,53 -12,31
21.07 -7,17 -10,14
21.10 -6,98 -8,15
21.13 -6,79 -5,80
21.17 -6,62 -3,62
21.20 -6,44 -1,27
21.23 -6,27 1,26
21.27 -6,27 3,79
21.30 -6,27 6,32
21.33 -6,27 9,04
21.37 -6,26 11,93
21.40 -6,25 14,65
21.43 -6,26 17,19
21.47 -6,44 19,90
21.50 -6,62 22,62
21.53 -6,79 25,51
21.57 -6,97 28,59
21.60 -7,15 31,31
21.63 -7,34 34,20
21.67 -7,52 37,28
21.70 -7,71 40,36
21.73 -7,90 43,44
21.77 -8,08 46,70
21.80 -8,27 49,60
21.83 -8,63 52,67
21.87 -8,81 55,39
21.90 -9,17 57,74
21.93 -9,52 59,74
21.97 -9,70 61,18
22.00 -9,88 61,91
22.03 -10,24 62,08
22.07 -10,41 61,73
22.10 -10,58 61,37
22.13 -10,59 61,00
22.17 -10,59 60,64
22.20 -10,60 60,64
22.23 -10,60 60,64
22.27 -10,42 60,83
22.30 -10,41 60,83
22.33 -10,23 60,47
22.37 -10,06 59,75
22.40 -10,06 58,66
22.43 -9,88 57,03
22.47 -9,87 55,22
22.50 -9,69 53,05
22.53 -9,69 50,70
22.57 -9,69 48,35
22.60 -9,51 45,99
22.63 -9,50 43,82
22.67 -9,33 41,46
22.70 -9,32 38,93
22.73 -9,13 36,58
22.77 -8,95 34,04
22.80 -8,77 31,51
22.83 -8,60 29,16
22.87 -8,59 26,81
22.90 -8,41 24,28
22.93 -8,40 21,92
22.97 -8,23 19,57
23.00 -8,22 17,40
23.03 -8,20 15,23
23.07 -8,20 12,87
23.10 -8,20 10,34
23.13 -8,37 8,17
23.17 -8,38 5,99
23.20 -8,56 3,82
23.23 -8,74 1,64
23.27 -8,92 -0,71
23.30 -9,09 -2,70
23.33 -9,27 -4,87
23.37 -9,45 -6,86
23.40 -9,62 -8,85
23.43 -9,80 -10,66
23.47 -9,98 -12,47
23.50 -10,16 -14,28
23.53 -10,34 -15,91
23.57 -10,52 -17,36
23.60 -10,70 -18,80
23.63 -10,88 -19,89
23.67 -11,07 -20,98
23.70 -11,43 -21,89
23.73 -11,61 -22,79
23.77 -11,96 -23,70
23.80 -12,15 -24,42
23.83 -12,33 -25,15
23.87 -12,51 -25,33
23.90 -12,69 -25,51
23.93 -12,69 -25,15
23.97 -12,87 -24,97
24.00 -12,88 -24,78
24.03 -13,05 -24,78
24.07 -13,05 -24,77
24.10 -13,06 -24,96
24.13 -13,23 -25,33
24.17 -13,23 -25,87
24.20 -13,05 -26,24
24.23 -13,05 -26,60
24.27 -12,87 -26,60
24.30 -12,69 -26,06
24.33 -12,32 -24,79
24.37 -11,78 -22,98
24.40 -11,42 -20,98
24.43 -11,05 -18,99
24.47 -10,69 -17,01
24.50 -10,51 -15,01
24.53 -10,33 -12,85
24.57 -9,97 -10,86
24.60 -9,97 -8,87
24.63 -9,79 -6,87
24.67 -9,79 -4,71
24.70 -9,78 -2,53
24.73 -9,60 -0,18
24.77 -9,60 2,17
24.80 -9,60 4,52
24.83 -9,60 7,06
24.87 -9,59 9,59
24.90 -9,59 12,30
24.93 -9,59 14,84
24.97 -9,59 17,19
25.00 -9,76 19,73
25.03 -9,94 22,26
25.07 -10,12 24,62
25.10 -10,31 27,15
25.13 -10,66 29,69
25.17 -10,84 32,04
25.20 -11,20 34,94
25.23 -11,56 37,65
25.27 -11,74 40,37
25.30 -12,11 43,27
25.33 -12,47 45,98
25.37 -12,84 48,51
25.40 -13,20 50,87
25.43 -13,56 53,22
25.47 -13,74 55,21
25.50 -14,10 57,02
25.53 -14,28 58,46
25.57 -14,47 59,37
25.60 -14,65 59,91
25.63 -15,01 60,09
25.67 -15,01 60,10
25.70 -15,19 59,92
25.73 -15,37 59,74
25.77 -15,37 59,74
25.80 -15,37 59,92
25.83 -15,56 60,28
25.87 -15,74 60,82
25.90 -15,74 61,00
25.93 -15,74 61,18
25.97 -15,92 61,18
26.00 -15,92 61,00
26.03 -15,74 61,00
26.07 -15,74 61,00
26.10 -15,56 61,00
26.13 -15,56 61,36
26.17 -15,38 61,54
26.20 -15,38 61,54
26.23 -15,38 61,72
26.27 -15,20 61,54
26.30 -15,20 61,54
26.33 -15,02 61,36
26.37 -15,02 61,36
26.40 -14,84 61,36
26.43 -14,65 61,54
26.47 -14,48 61,55
26.50 -14,30 61,73
26.53 -14,30 61,73
26.57 -14,11 61,73
26.60 -13,93 61,73
26.63 -13,75 61,73
26.67 -13,75 61,72
26.70 -13,57 61,72
26.73 -13,39 61,73
26.77 -13,21 61,91
26.80 -13,21 61,91
26.83 -13,03 61,91
26.87 -13,03 61,91
26.90 -12,85 61,91
26.93 -12,86 61,91
26.97 -12,86 61,90
27.00 -12,85 61,90
27.03 -12,68 61,72
27.07 -12,68 61,72
27.10 -12,67 61,72
27.13 -12,49 61,54
27.17 -12,31 61,00
27.20 -12,31 60,09
27.23 -12,13 58,46
27.27 -12,13 56,47
27.30 -12,31 54,30
27.33 -12,31 51,77
27.37 -12,31 49,59
27.40 -12,13 47,42
27.43 -11,95 45,25
27.47 -11,95 42,90
27.50 -11,77 40,73
27.53 -11,59 38,19
27.57 -11,41 35,84
27.60 -11,23 33,30
27.63 -11,05 30,77
27.67 -10,87 28,24
27.70 -10,68 25,89
27.73 -10,50 23,54
27.77 -10,32 21,18
27.80 -10,14 19,01
27.83 -9,97 16,84
27.87 -9,97 14,67
27.90 -9,95 12,68
27.93 -9,94 10,69
27.97 -9,94 8,52
28.00 -9,93 6,53
28.03 -9,93 4,54
28.07 -9,94 2,38
28.10 -10,11 0,39
28.13 -10,11 -1,43
28.17 -10,11 -3,42
28.20 -10,11 -5,22
28.23 -10,29 -7,03
28.27 -10,29 -8,84
28.30 -10,47 -10,47
28.33 -10,65 -13,73
28.37 -10,83 -15,35
28.40 -11,01 -16,80
28.43 -11,01 -18,07
28.47 -11,19 -19,33
28.50 -11,19 -20,42
28.53 -11,37 -21,33
28.57 -11,55 -22,24
28.60 -11,73 -22,97
28.63 -11,74 -23,69
28.67 -11,92 -24,24
28.70 -12,11 -24,96
28.73 -12,46 -25,51
28.77 -12,65 -26,05
28.80 -12,83 -26,41
28.83 -13,01 -26,40
28.87 -13,19 -26,05
28.90 -13,19 -25,86
28.93 -13,37 -25,50
28.97 -13,55 -25,14
29.00 -13,55 -25,13
29.03 -13,73 -25,13
29.07 -13,73 -25,31
29.10 -13,91 -25,67
29.13 -13,91 -25,85
29.17 -13,73 -26,04
29.20 -13,72 -26,03
29.23 -13,36 -25,13
29.27 -12,99 -23,68
29.30 -12,63 -21,87
29.33 -12,26 -20,06
29.37 -12,08 -18,07
29.40 -11,89 -16,08
29.43 -11,54 -14,09
29.47 -11,36 -11,92
29.50 -11,36 -9,93
29.53 -11,36 -7,95
29.57 -11,54 -5,95
29.60 -11,54 -3,78
29.63 -11,55 -1,61
29.67 -11,73 0,75
29.70 -11,91 2,92
29.73 -12,10 5,27
29.77 -12,28 7,63
29.80 -12,46 9,98
29.83 -12,64 12,51
29.87 -12,65 14,86
29.90 -12,83 17,04
29.93 -13,02 19,57
29.97 -13,19 21,93
30.00 -13,37 24,46
30.03 -13,55 26,99
30.07 -13,72 29,53
30.10 -13,73 31,88
30.13 -13,91 34,42
30.17 -14,08 37,13
30.20 -14,26 39,85
30.23 -14,45 42,75
30.27 -14,63 45,46
30.30 -14,81 48,00
30.33 -15,17 50,71
30.37 -15,36 53,25
30.40 -15,72 55,78
30.43 -15,90 57,95
30.47 -16,26 59,76
30.50 -16,44 61,39
30.53 -16,62 62,30
30.57 -16,80 62,84
30.60 -16,98 62,84
30.63 -16,98 62,48
30.67 -17,17 61,94
30.70 -17,35 61,40
30.73 -17,35 61,22
30.77 -17,35 61,22
30.80 -17,35 61,58
30.83 -17,35 61,94
30.87 -17,17 62,12
30.90 -17,17 61,94
30.93 -17,17 61,76
30.97 -17,17 61,40
31.00 -17,17 61,04
31.03 -16,99 60,86
31.07 -16,99 60,68
31.10 -16,99 60,68
31.13 -16,81 60,68
31.17 -16,81 60,68
31.20 -16,63 60,69
31.23 -16,45 60,69
31.27 -16,45 60,69
31.30 -16,27 60,51
31.33 -16,09 60,33
31.37 -16,09 60,33
31.40 -15,91 60,32
31.43 -15,73 60,14
31.47 -15,55 60,14
31.50 -15,55 59,96
31.53 -15,37 59,97
31.57 -15,19 59,97
31.60 -15,19 59,97
31.63 -15,01 59,97
31.67 -14,83 59,97
31.70 -14,83 60,15
31.73 -14,65 60,15
31.77 -14,47 60,15
31.80 -14,47 60,15
31.83 -14,29 60,15
31.87 -14,29 60,15
31.90 -14,11 59,97
31.93 -13,92 59,97
31.97 -13,74 59,60
32.00 -13,38 58,88
32.03 -13,20 57,79
32.07 -13,20 56,16
32.10 -13,02 54,17
32.13 -12,84 52,00
32.17 -12,66 49,83
32.20 -12,48 47,48
32.23 -12,29 45,48
32.27 -11,93 43,31
32.30 -11,75 40,96
32.33 -11,39 38,60
32.37 -11,03 36,25
32.40 -10,84 33,89
32.43 -10,65 31,54
32.47 -10,30 29,01
32.50 -10,12 26,84
32.53 -9,93 24,67
32.57 -9,57 22,49
32.60 -9,39 20,32
32.63 -9,22 18,15
32.67 -9,21 16,16
32.70 -9,03 13,81
32.73 -9,03 11,82
32.77 -9,02 9,65
32.80 -9,01 7,65
32.83 -9,01 5,48
32.87 -9,01 3,50
32.90 -9,02 1,51
32.93 -9,19 -0,48
32.97 -9,19 -2,30
33.00 -9,20 -4,28
33.03 -9,37 -5,91
33.07 -9,38 -7,55
33.10 -9,55 -9,17
33.13 -9,56 -10,80
33.17 -9,73 -12,24
33.20 -9,74 -13,51
33.23 -9,92 -14,78
33.27 -10,10 -16,05
33.30 -10,28 -17,14
33.33 -10,46 -18,23
33.37 -10,64 -19,31
33.40 -10,82 -20,03
33.43 -11,18 -20,94
33.47 -11,54 -21,85
33.50 -11,72 -22,57
33.53 -12,08 -23,30
33.57 -12,44 -24,03
33.60 -12,63 -24,39
33.63 -12,81 -24,57
33.67 -12,98 -24,38
33.70 -13,16 -24,02
33.73 -13,16 -23,66
33.77 -13,34 -23,47
33.80 -13,52 -23,29
33.83 -13,52 -23,30
33.87 -13,70 -23,48
33.90 -13,70 -23,83
33.93 -13,88 -24,02
33.97 -13,89 -24,38
34.00 -14,07 -24,56
34.03 -14,07 -24,73
34.07 -14,07 -24,73
34.10 -14,24 -24,55
34.13 -14,06 -24,54
34.17 -14,06 -24,36
34.20 -14,06 -24,01
34.23 -13,88 -23,47
34.27 -13,34 -22,56
34.30 -12,97 -21,12
34.33 -12,61 -19,50
34.37 -12,24 -17,87
34.40 -11,88 -16,06
34.43 -11,53 -14,26
34.47 -11,35 -12,44
34.50 -11,17 -10,63
34.53 -11,16 -8,64
34.57 -11,16 -6,83
34.60 -11,16 -4,84
34.63 -11,16 -2,67
34.67 -11,34 -0,50
34.70 -11,52 1,67
34.73 -11,52 3,84
34.77 -11,71 6,19
34.80 -11,89 8,36
34.83 -12,06 10,72
34.87 -12,07 13,07
34.90 -12,25 15,25
34.93 -12,43 17,60
34.97 -12,61 19,95
35.00 -12,79 22,13
35.03 -12,98 24,31
35.07 -13,15 26,84
35.10 -13,51 29,01
35.13 -13,69 31,36
35.17 -14,05 33,71
35.20 -14,23 36,24
35.23 -14,40 38,78
35.27 -14,59 41,50
35.30 -14,95 44,21
35.33 -15,13 46,75
35.37 -15,49 49,46
35.40 -15,86 51,81
35.43 -16,22 54,35
35.47 -16,40 56,52
35.50 -16,58 58,51
35.53 -16,76 60,14
35.57 -16,94 61,23
35.60 -17,12 61,95
35.63 -17,12 61,96
35.67 -17,30 61,78
35.70 -17,48 61,23
35.73 -17,49 60,69
35.77 -17,67 60,51
35.80 -17,67 60,69
35.83 -17,67 61,05
35.87 -17,67 61,60
35.90 -17,49 61,96
35.93 -17,49 62,14
35.97 -17,49 61,96
36.00 -17,31 61,78
36.03 -17,31 61,60
36.07 -17,31 61,42
36.10 -17,13 61,60
36.13 -16,95 61,77
36.17 -16,77 61,95
36.20 -16,77 62,14
36.23 -16,77 62,32
36.27 -16,59 62,32
36.30 -16,59 62,31
36.33 -16,59 62,13
36.37 -16,58 61,95
36.40 -16,41 61,95
36.43 -16,41 61,95
36.47 -16,23 61,95
36.50 -16,05 62,14
36.53 -16,05 62,32
36.57 -15,87 62,32
36.60 -15,87 62,32
36.63 -15,87 62,31
36.67 -15,69 62,13
36.70 -15,69 62,13
36.73 -15,69 61,95
36.77 -15,51 61,96
36.80 -15,33 62,14
36.83 -15,33 62,14
36.87 -15,15 62,14
36.90 -14,97 62,14
36.93 -14,79 62,14
36.97 -14,43 61,77
37.00 -14,24 61,41
37.03 -13,88 60,69
37.07 -13,70 59,78
37.10 -13,52 58,33
37.13 -13,34 56,52
37.17 -13,16 54,53
37.20 -13,15 52,36
37.23 -12,79 50,55
37.27 -12,61 48,74
37.30 -12,25 46,75
37.33 -11,89 44,76
37.37 -11,70 42,77
37.40 -11,34 40,60
37.43 -10,98 38,43
37.47 -10,80 36,44
37.50 -10,61 34,45
37.53 -10,43 32,28
37.57 -10,25 30,28
37.60 -10,06 28,29
37.63 -9,87 26,30
37.67 -9,69 24,49
37.70 -9,51 22,49
37.73 -9,34 20,50
37.77 -9,17 18,70
37.80 -9,16 17,06
37.83 -9,00 15,25
37.87 -8,82 13,44
37.90 -8,83 11,45
37.93 -8,83 9,64
37.97 -8,84 7,83
38.00 -8,85 6,02
38.03 -8,86 4,22
38.07 -9,03 2,58
38.10 -9,04 0,77
38.13 -9,04 -1,22
38.17 -9,22 -3,02
38.20 -9,22 -4,83
38.23 -9,22 -6,64
38.27 -9,22 -8,27
38.30 -9,22 -9,90
38.33 -9,22 -11,53
38.37 -9,23 -12,98
38.40 -9,41 -14,61
38.43 -9,41 -16,05
38.47 -9,60 -17,32
38.50 -9,78 -18,58
38.53 -9,78 -19,67
38.57 -9,96 -20,75
38.60 -10,15 -21,66
38.63 -10,33 -22,56
38.67 -10,51 -23,29
38.70 -10,70 -24,02
38.73 -11,05 -24,56
38.77 -11,06 -24,74
38.80 -11,24 -24,74
38.83 -11,24 -24,38
38.87 -11,24 -24,21
38.90 -11,42 -24,20
38.93 -11,42 -24,02
38.97 -11,60 -24,20
39.00 -11,60 -24,37
39.03 -11,60 -24,55
39.07 -11,78 -24,91
39.10 -11,78 -25,27
39.13 -11,78 -25,46
39.17 -11,77 -25,64
39.20 -11,59 -25,46
39.23 -11,40 -24,73
39.27 -11,04 -23,29
39.30 -10,50 -21,66
39.33 -10,31 -19,85
39.37 -9,95 -18,05
39.40 -9,76 -16,24
39.43 -9,40 -14,25
39.47 -9,22 -12,27
39.50 -9,03 -10,46
39.53 -8,85 -8,47
39.57 -8,67 -6,67
39.60 -8,66 -4,86
39.63 -8,48 -3,04
39.67 -8,48 -1,06
39.70 -8,48 0,75
39.73 -8,48 2,56
39.77 -8,49 4,55
39.80 -8,67 6,54
39.83 -8,67 8,53
39.87 -8,85 10,71
39.90 -9,02 12,88
39.93 -9,20 15,23
39.97 -9,20 17,40
40.00 -9,38 19,57
40.03 -9,55 21,74
40.07 -9,72 23,91
40.10 -9,89 25,90
40.13 -10,25 28,25
40.17 -10,44 30,42
40.20 -10,63 32,59
40.23 -10,80 34,95
40.27 -11,16 37,48
40.30 -11,52 40,01
40.33 -11,89 42,55
40.37 -12,25 45,09
40.40 -12,61 47,80
40.43 -12,97 50,33
40.47 -13,33 52,87
40.50 -13,70 55,40
40.53 -14,06 57,76
40.57 -14,42 59,57
40.60 -3,92 53,77
40.63 -4,28 54,68
40.67 -4,83 55,22
40.70 -5,19 55,22
40.73 -5,55 55,22
40.77 -6,09 55,04
40.80 -6,27 54,86
40.83 -6,64 54,86
40.87 -7,00 55,04
40.90 -7,18 55,22
40.93 -7,54 55,40
40.97 -7,72 55,58
41.00 -8,08 55,76
41.03 -8,26 55,76
41.07 -8,45 55,76
41.10 -8,63 55,58
41.13 -8,81 55,58
41.17 -8,99 55,76
41.20 -9,17 55,94
41.23 -9,35 56,13
41.27 -9,35 56,31
41.30 -9,35 56,49
41.33 -9,35 56,49
41.37 -9,53 56,67
41.40 -9,36 56,67
41.43 -9,53 56,85
41.47 -9,53 56,85
41.50 -9,53 57,03
41.53 -9,35 57,21
41.57 -9,35 57,21
41.60 -9,35 57,39
41.63 -9,35 57,39
41.67 -9,17 57,39
41.70 -9,17 57,39
41.73 -8,99 57,39
41.77 -8,81 57,39
41.80 -8,63 57,39
41.83 -8,45 57,39
41.87 -8,27 57,39
41.90 -8,09 57,39
41.93 -7,90 57,39
41.97 -7,54 57,39
42.00 -7,36 57,39
42.03 -7,18 57,21
42.07 -7,00 57,21
42.10 -6,64 57,21
42.13 -6,46 57,21
42.17 -6,28 57,21
42.20 -5,92 57,21
42.23 -5,73 57,21
42.27 -5,55 57,21
42.30 -5,19 57,21
42.33 -5,01 57,03
42.37 -4,65 57,03
42.40 -4,47 57,03
42.43 -4,29 57,04
42.47 -4,11 57,04
42.50 -3,93 57,22
42.53 -3,76 57,22
42.57 -3,75 57,22
42.60 -3,57 57,22
42.63 -3,39 57,22
42.67 -3,38 57,22
42.70 -3,20 57,21
42.73 -3,02 57,03
42.77 -3,02 57,21
42.80 -3,02 57,21
42.83 -2,84 57,21
42.87 -2,66 57,21
42.90 -2,66 57,21
42.93 -2,65 57,21
42.97 -2,47 57,21
43.00 -2,47 57,21
43.03 -2,29 57,21
43.07 -1,75 57,03
43.10 -1,57 57,03
43.13 -1,39 57,03
43.17 -1,39 57,03
43.20 -1,39 57,03
43.23 -1,21 57,02
43.27 -1,21 57,02
43.30 -1,20 57,02
43.33 -1,02 56,84
43.37 -1,02 56,84
43.40 -0,84 56,66
43.43 -0,84 56,48
43.47 -0,66 56,12
43.50 -0,48 55,76
43.53 -0,48 55,03
43.57 -0,30 54,13
43.60 -0,12 52,68
43.63 -0,12 51,05
43.67 0,06 49,24
43.70 0,06 47,43
43.73 0,24 45,44
43.77 0,42 43,63
43.80 0,42 42,00
43.83 0,60 40,19
43.87 0,96 38,38
43.90 1,14 36,75
43.93 1,32 34,94
43.97 1,50 33,13
44.00 1,68 31,50
44.03 1,69 29,69
44.07 1,69 27,88
44.10 1,69 26,07
44.13 1,87 24,44
44.17 2,05 22,81
44.20 2,23 21,18
44.23 2,41 19,37
44.27 2,59 17,74
44.30 2,77 16,11
44.33 2,77 14,48
44.37 2,95 12,85
44.40 2,95 11,23
44.43 2,77 9,60
44.47 2,78 7,79
44.50 2,78 6,16
44.53 2,78 4,35
44.57 2,77 2,72
44.60 2,77 0,91
44.63 2,77 -0,72
44.67 2,77 -2,35
44.70 2,59 -5,43
44.73 2,41 -6,88
44.77 2,23 -8,33
44.80 2,22 -9,78
44.83 2,04 -11,04
44.87 1,86 -12,31
44.90 1,68 -13,58
44.93 1,50 -14,66
44.97 1,32 -15,75
45.00 1,14 -16,66
45.03 0,95 -17,56
45.07 0,77 -18,47
45.10 0,41 -19,19
45.13 0,22 -19,92
45.17 -0,13 -20,28
45.20 -0,31 -20,46
45.23 -0,32 -20,28
45.27 -0,50 -19,91
45.30 -0,68 -19,55
45.33 -0,86 -19,19
45.37 -1,04 -19,01
45.40 -1,22 -18,83
45.43 -1,39 -19,01
45.47 -1,40 -19,01
45.50 -1,58 -19,37
45.53 -1,76 -19,73
45.57 -1,95 -19,91
45.60 -2,13 -20,09
45.63 -2,31 -19,92
45.67 -2,31 -19,92
45.70 -2,49 -19,73
45.73 -2,49 -19,37
45.77 -2,50 -19,19
45.80 -2,50 -19,01
45.83 -2,50 -18,83
45.87 -2,49 -18,65
45.90 -2,14 -18,11
45.93 -1,95 -17,38
45.97 -1,59 -16,11
46.00 -1,23 -14,84
46.03 -0,87 -13,40
46.07 -0,68 -11,95
46.10 -0,32 -10,50
46.13 0,04 -8,87
46.17 0,22 -7,42
46.20 0,40 -5,97
46.23 0,58 -4,52
46.27 0,76 -2,90
46.30 0,94 -1,45
46.33 1,12 -0,00
46.37 1,12 1,63
46.40 1,30 3,08
46.43 1,49 4,71
46.47 1,67 6,34
46.50 1,85 7,96
46.53 2,03 9,59
46.57 2,03 11,22
46.60 2,21 12,85
46.63 2,39 14,66
46.67 2,39 16,29
46.70 2,57 17,74
46.73 2,57 19,37
46.77 2,75 21,00
46.80 2,75 22,45
46.83 2,75 24,26
46.87 2,75 25,89
46.90 2,75 27,70
46.93 2,57 29,69
46.97 2,75 31,68
47.00 2,57 33,31
47.03 2,39 35,66
47.07 2,39 37,83
47.10 2,21 40,19
47.13 1,85 42,54
47.17 1,67 44,89
47.20 1,30 47,07
47.23 1,12 49,24
47.27 0,76 51,23
47.30 0,40 52,50
47.33 0,04 53,58
47.37 -0,32 54,12
47.40 -0,50 54,30
47.43 -0,69 54,12
47.47 -1,05 54,12
47.50 -1,23 53,94
47.53 -1,41 54,12
47.57 -1,59 54,31
47.60 -1,78 54,67
47.63 -1,96 55,03
47.67 -1,96 55,21
47.70 -2,14 55,39
47.73 -2,50 55,39
47.77 -2,68 55,39
47.80 -2,86 55,39
47.83 -3,04 55,39
47.87 -3,23 55,75
47.90 -3,41 55,94
47.93 -3,41 56,12
47.97 -3,41 56,30
48.00 -3,42 56,30
48.03 -3,42 56,30
48.07 -3,96 56,48
48.10 -4,14 56,66
48.13 -4,15 56,66
48.17 -4,33 56,84
48.20 -4,33 56,84
48.23 -4,51 57,02
48.27 -4,50 57,02
48.30 -4,50 57,02
48.33 -4,50 57,02
48.37 -4,50 57,02
48.40 -4,50 57,02
48.43 -4,50 57,02
48.47 -4,49 57,02
48.50 -4,31 57,02
48.53 -4,31 57,02
48.57 -4,31 57,03
48.60 -4,13 57,03
48.63 -4,13 57,03
48.67 -3,95 57,03
48.70 -3,95 57,03
48.73 -3,95 57,21
48.77 -3,77 57,21
48.80 -3,77 57,21
48.83 -3,59 57,39
48.87 -3,59 57,39
48.90 -3,58 57,39
48.93 -3,41 57,39
48.97 -3,40 57,39
49.00 -8,06 55,83
49.03 -7,91 55,83
49.07 -7,72 55,65
49.10 -7,74 55,65
49.13 -7,53 55,65
49.17 -7,50 55,47
49.20 -7,29 55,11
49.23 -7,09 54,56
49.27 -6,90 53,66
49.30 -6,71 52,39
49.33 -6,55 50,95
49.37 -6,54 49,32
49.40 -6,37 47,69
49.43 -6,35 46,06
49.47 -6,15 44,43
49.50 -5,96 42,80
49.53 -5,76 41,17
49.57 -5,58 39,36
49.60 -5,42 37,73
49.63 -5,39 35,92
49.67 -5,18 34,11
49.70 -5,17 32,48
49.73 -5,01 30,85
49.77 -4,81 29,22
49.80 -4,84 27,42
49.83 -4,67 25,97
49.87 -4,66 24,34
49.90 -4,52 22,71
49.93 -4,49 21,08
49.97 -4,48 19,45
50.00 -4,49 17,83
50.03 -4,51 16,20
50.07 -4,53 14,75
50.10 -4,69 13,12
50.13 -4,72 11,49
50.17 -4,89 9,86
50.20 -5,04 8,05
50.23 -5,21 6,42
50.27 -5,24 4,61
50.30 -5,41 2,80
50.33 -5,43 1,17
50.37 -5,44 -0,63
50.40 -5,61 -2,26
50.43 -5,61 -3,90
50.47 -5,62 -5,53
50.50 -5,80 -7,16
50.53 -5,97 -8,78
50.57 -6,15 -10,23
50.60 -6,32 -11,68
50.63 -6,49 -12,94
50.67 -6,67 -14,39
50.70 -6,85 -15,65
50.73 -7,20 -16,92
50.77 -7,39 -18,18
50.80 -7,75 -19,26
50.83 -7,93 -20,17
50.87 -8,11 -21,08
50.90 -8,47 -21,99
50.93 -8,65 -22,72
50.97 -8,83 -23,63
51.00 -9,01 -24,18
51.03 -9,19 -24,90
51.07 -9,37 -25,26
51.10 -9,37 -25,45
51.13 -9,37 -25,44
51.17 -9,38 -25,26
51.20 -9,38 -24,90
51.23 -9,38 -24,55
51.27 -9,37 -24,37
51.30 -9,37 -24,19
51.33 -9,37 -24,20
51.37 -9,37 -24,38
51.40 -9,37 -24,74
51.43 -9,37 -24,92
51.47 -9,37 -25,29
51.50 -9,37 -25,47
51.53 -9,37 -25,65
51.57 -9,37 -25,65
51.60 -9,37 -25,48
51.63 -9,19 -25,29
51.67 -9,19 -24,93
51.70 -9,01 -24,58
51.73 -9,01 -24,41
51.77 -8,83 -24,23
51.80 -8,83 -24,24
51.83 -8,83 -24,42
51.87 -8,84 -24,59
51.90 -8,84 -24,77
51.93 -8,84 -24,95
51.97 -8,84 -25,13
52.00 -8,66 -25,13
52.03 -8,66 -24,94
52.07 -8,48 -24,22
52.10 -8,12 -23,14
52.13 -7,75 -21,50
52.17 -7,21 -19,69
52.20 -6,86 -17,89
52.23 -6,68 -16,08
52.27 -6,50 -14,45
52.30 -6,14 -12,65
52.33 -5,96 -11,02
52.37 -5,78 -9,58
52.40 -5,60 -8,31
52.43 -5,42 -6,86
52.47 -5,25 -5,59
52.50 -5,08 -4,14
52.53 -4,91 -2,52
52.57 -4,90 -1,07
52.60 -4,73 0,37
52.63 -4,72 2,00
52.67 -4,55 3,62
52.70 -4,37 5,25
52.73 -4,20 7,06
52.77 -4,21 8,69
52.80 -4,20 10,49
52.83 -4,19 12,30
52.87 -4,18 13,93
52.90 -4,17 15,57
52.93 -4,18 17,19
52.97 -4,35 18,82
53.00 -4,36 20,45
53.03 -4,52 22,08
53.07 -4,53 23,17
53.10 -4,72 24,80
53.13 -4,91 26,43
53.17 -5,08 28,24
53.20 -5,26 30,23
53.23 -5,43 32,04
53.27 -5,63 34,04
53.30 -5,97 36,21
53.33 -6,16 38,02
53.37 -6,51 40,19
53.40 -6,72 42,18
53.43 -7,06 44,54
53.47 -7,25 46,71
53.50 -7,59 49,07
53.53 -7,77 51,42
53.57 -7,95 53,41
53.60 -8,15 55,22
53.63 -8,48 56,67
53.67 -8,65 57,39
53.70 -8,84 57,57
53.73 -9,02 57,39
53.77 -9,18 57,03
53.80 -9,19 56,31
53.83 -9,36 56,13
53.87 -9,35 56,13
53.90 -9,38 56,30
53.93 -9,05 56,49
53.97 -8,88 56,85
54.00 -8,70 57,03
54.03 -8,49 56,85
54.07 -8,12 56,67
54.10 -7,75 56,48
54.13 -7,35 56,30
54.17 -6,96 56,30
54.20 -6,39 56,48
54.23 -5,63 56,48
54.27 -4,72 56,48
54.30 -3,82 56,48
54.33 -2,89 56,30
54.37 -1,64 56,13
54.40 -0,39 55,94
54.43 0,69 55,76
54.47 1,80 55,22
54.50 3,07 54,67
54.53 4,16 54,31
54.57 5,25 53,95
54.60 6,33 53,77
54.63 7,40 53,41
54.67 8,32 53,23
54.70 9,40 53,23
54.73 10,48 53,23
54.77 11,55 53,41
54.80 12,63 53,58
54.83 13,54 53,41
54.87 14,62 53,59
54.90 15,52 53,41
54.93 16,44 53,41
54.97 17,37 53,41
55.00 18,45 53,59
55.03 19,35 53,77
55.07 20,25 54,31
55.10 21,15 54,85
55.13 21,89 55,21
55.17 22,62 55,40
55.20 23,35 55,76
55.23 24,08 56,12
55.27 24,79 56,30
55.30 25,34 56,12
55.33 25,90 56,12
55.37 26,45 55,94
55.40 26,99 56,12
55.43 27,53 56,13
55.47 28,06 56,13
55.50 28,44 56,13
55.53 28,98 56,31
55.57 29,51 56,31
55.60 29,87 56,13
55.63 30,24 55,95
55.67 30,78 55,96
55.70 31,15 55,77
55.73 31,68 55,77
55.77 32,05 55,41
55.80 32,59 55,41
55.83 33,13 55,41
55.87 33,50 55,05
55.90 34,04 55,05
55.93 34,58 54,87
55.97 35,11 54,69
56.00 35,65 54,51
56.03 36,18 54,33
56.07 36,73 54,15
56.10 37,45 54,15
56.13 37,99 53,97
56.17 38,72 53,97
56.20 39,44 53,97
56.23 40,17 53,80
56.27 40,88 53,80
56.30 40,89 53,80
56.33 40,70 53,80
56.37 40,33 53,80
56.40 40,14 53,80
56.43 39,97 53,61
56.47 39,96 53,43
56.50 39,96 53,25
56.53 40,14 53,07
56.57 40,32 52,53
56.60 40,34 52,16
56.63 40,34 51,80
56.67 40,33 51,44
56.70 40,33 51,09
56.73 40,33 50,73
56.77 40,34 50,55
56.80 40,35 50,36
56.83 40,35 50,18
56.87 40,36 50,00
56.90 40,35 49,64
56.93 40,36 49,46
56.97 40,53 49,46
57.00 40,37 49,10
57.03 40,38 49,28
57.07 40,55 49,28
57.10 40,54 49,46
57.13 40,38 49,28
57.17 40,55 49,45
57.20 40,55 49,45
57.23 40,54 49,45
57.27 40,37 49,27
57.30 40,39 49,45
57.33 40,56 49,63
57.37 40,55 49,62
