#Kinovea Trajectory data export
#T X Y

# Trajectory 1
0.20 -20,24 0,35
0.23 -20,24 0,35
0.27 -20,24 0,35
0.30 -20,24 0,35
0.33 -20,24 0,35
0.37 -20,24 0,35
0.40 -20,23 0,35
0.43 -20,23 0,34
0.47 -20,23 0,34
0.50 -20,06 0,34
0.53 -20,06 0,35
0.57 -20,07 0,35
0.60 -20,07 0,35
0.63 -20,07 0,35
0.67 -19,90 0,35
0.70 -19,90 0,35
0.73 -19,91 0,35
0.77 -19,91 0,35
0.80 -19,91 0,34
0.83 -19,91 0,34
0.87 -19,91 0,34
0.90 -19,90 0,34
0.93 -19,90 0,34
0.97 -19,90 0,34
1.00 -19,90 0,34
1.03 -19,90 0,34
1.07 -19,90 0,34
1.10 -19,90 0,34
1.13 -19,91 0,34
1.17 -19,91 0,34
1.20 -19,91 0,34
1.23 -19,92 0,34
1.27 -20,08 0,34
1.30 -20,08 0,34
1.33 -20,08 0,34
1.37 -20,07 0,34
1.40 -20,24 0,34
1.43 -20,24 0,34
1.47 -20,23 0,34
1.50 -20,23 0,34
1.53 -20,23 0,33
1.57 -20,22 0,33
1.60 -20,05 0,33
1.63 -20,06 0,34
1.67 -20,06 0,34
1.70 -20,07 0,34
1.73 -20,07 0,34
1.77 -20,07 0,34
1.80 -20,07 0,34
1.83 -20,07 0,34
1.87 -19,91 0,34
1.90 -19,91 0,34
1.93 -19,91 0,34
1.97 -19,91 0,34
2.00 -19,92 0,34
2.03 -19,92 0,35
2.07 -19,93 0,35
2.10 -19,93 0,35
2.13 -19,93 0,35
2.17 -19,94 0,35
2.20 -19,94 0,35
2.23 -19,95 0,35
2.27 -19,95 0,35
2.30 -19,96 0,36
2.33 -19,96 0,36
2.37 -19,96 0,36
2.40 -19,96 0,36
2.43 -19,97 0,36
2.47 -19,97 0,36
2.50 -19,97 0,36
2.53 -19,97 0,36
2.57 -19,97 0,36
2.60 -19,97 0,36
2.63 -19,97 0,36
2.67 -19,97 0,36
2.70 -19,97 0,36
2.73 -19,97 0,35
2.77 -19,97 0,35
2.80 -19,98 0,35
2.83 -19,98 0,36
2.87 -19,98 0,36
2.90 -19,98 0,36
2.93 -19,98 0,36
2.97 -19,99 0,36
3.00 -19,99 0,36
3.03 -20,16 0,36
3.07 -20,15 0,36
3.10 -20,15 0,36
3.13 -20,14 0,35
3.17 -20,14 0,35
3.20 -20,14 0,35
3.23 -20,13 0,35
3.27 -20,13 0,35
3.30 -20,12 0,35
3.33 -20,12 0,35
3.37 -20,12 0,35
3.40 -20,11 0,34
3.43 -20,11 0,34
3.47 -20,11 0,34
3.50 -20,10 0,34
3.53 -20,10 0,34
3.57 -20,10 0,34
3.60 -20,09 0,34
3.63 -20,09 0,34
3.67 -20,08 0,34
3.70 -20,08 0,33
3.73 -20,08 0,33
3.77 -20,07 0,33
3.80 -20,24 0,33
3.83 -20,23 0,33
3.87 -20,23 0,33
3.90 -20,23 0,32
3.93 -20,22 0,32
3.97 -20,22 0,32
4.00 -20,22 0,32
4.03 -20,22 0,32
4.07 -20,21 0,32
4.10 -20,21 0,32
4.13 -20,21 0,32
4.17 -20,21 0,32
4.20 -20,21 0,32
4.23 -20,21 0,31
4.27 -20,20 0,31
4.30 -20,20 0,31
4.33 -20,19 0,31
4.37 -20,19 0,31
4.40 -20,18 0,31
4.43 -20,18 0,30
4.47 -20,17 0,30
4.50 -20,17 0,30
4.53 -20,17 0,30
4.57 -20,17 0,30
4.60 -20,17 0,30
4.63 -20,17 0,30
4.67 -20,18 0,31
4.70 -20,34 0,30
4.73 -20,34 0,30
4.77 -20,33 0,30
4.80 -20,33 0,30
4.83 -20,16 0,30
4.87 -20,16 0,30
4.90 -20,16 0,29
4.93 -20,16 0,29
4.97 -19,99 0,29
5.00 -19,99 0,29
5.03 -19,99 0,29
5.07 -19,99 0,28
5.10 -19,98 0,28
5.13 -19,98 0,28
5.17 -19,98 0,27
5.20 -19,97 0,27
5.23 -19,97 0,27
5.27 -19,97 0,26
5.30 -19,97 0,26
5.33 -19,96 0,26
5.37 -19,96 0,26
5.40 -19,97 0,25
5.43 -19,97 0,25
5.47 -19,97 0,25
5.50 -20,14 0,25
5.53 -20,13 0,24
5.57 -20,13 0,24
5.60 -20,13 0,24
5.63 -20,12 0,23
5.67 -20,12 0,23
5.70 -20,11 0,23
5.73 -20,11 0,22
5.77 -20,11 0,39
5.80 -19,94 0,39
5.83 -19,94 0,39
5.87 -19,95 0,39
5.90 -19,95 0,39
5.93 -19,95 0,39
5.97 -19,95 0,39
6.00 -19,95 0,39
6.03 -19,96 0,38
6.07 -19,96 0,38
6.10 -19,96 0,39
6.13 -20,13 0,38
6.17 -20,13 0,38
6.20 -20,12 0,38
6.23 -20,12 0,38
6.27 -20,12 0,38
6.30 -20,13 0,38
6.33 -20,13 0,38
6.37 -20,13 0,38
6.40 -20,14 0,38
6.43 -20,30 0,38
6.47 -20,30 0,38
6.50 -20,13 0,38
6.53 -20,14 0,38
6.57 -20,14 0,38
6.60 -20,15 0,38
6.63 -20,15 0,39
6.67 -20,15 0,39
6.70 -20,16 0,39
6.73 -20,16 0,39
6.77 -20,16 0,39
6.80 -20,16 0,39
6.83 -20,16 0,39
6.87 -20,17 0,39
6.90 -20,17 0,39
6.93 -20,17 0,39
6.97 -20,17 0,39
7.00 -20,17 0,38
7.03 -20,17 0,38
7.07 -20,16 0,21
7.10 -20,16 0,38
7.13 -19,99 0,38
7.17 -19,99 0,37
7.20 -20,00 0,37
7.23 -19,99 0,37
7.27 -19,99 0,37
7.30 -19,99 0,36
7.33 -19,98 0,36
7.37 -19,98 0,35
7.40 -19,97 0,35
7.43 -19,97 0,34
7.47 -19,97 0,34
7.50 -19,96 0,33
7.53 -19,96 0,33
7.57 -19,96 0,32
7.60 -19,96 0,32
7.63 -19,96 0,31
7.67 -19,96 0,31
7.70 -19,95 0,30
7.73 -19,95 0,29
7.77 -19,94 0,29
7.80 -19,78 0,28
7.83 -19,95 0,27
7.87 -19,94 0,27
7.90 -19,77 0,26
7.93 -19,60 0,26
7.97 -19,60 0,25
8.00 -19,43 0,25
8.03 -19,26 0,24
8.07 -19,26 0,24
8.10 -19,25 0,23
8.13 -19,08 0,23
8.17 -19,09 0,23
8.20 -19,09 0,22
8.23 -19,09 0,39
8.27 -19,09 0,38
8.30 -19,09 0,38
8.33 -19,09 0,38
8.37 -19,09 0,37
8.40 -18,92 0,37
8.43 -18,92 0,37
8.47 -18,92 0,36
8.50 -18,92 0,36
8.53 -18,92 0,36
8.57 -19,09 0,36
8.60 -19,09 0,36
8.63 -19,09 0,53
8.67 -19,26 0,53
8.70 -19,26 0,70
8.73 -19,43 0,87
8.77 -19,43 1,05
8.80 -19,60 1,22
8.83 -19,60 1,39
8.87 -19,60 1,73
8.90 -19,60 1,91
8.93 -19,60 2,25
8.97 -19,60 2,77
9.00 -19,60 3,11
9.03 -19,77 3,62
9.07 -19,77 4,13
9.10 -19,77 4,65
9.13 -19,77 5,34
9.17 -19,94 6,02
9.20 -19,94 6,87
9.23 -20,11 7,56
9.27 -20,28 8,41
9.30 -20,28 9,09
9.33 -20,46 9,95
9.37 -20,63 10,80
9.40 -20,80 11,66
9.43 -20,96 12,51
9.47 -20,97 13,36
9.50 -21,14 14,22
9.53 -21,31 15,07
9.57 -21,48 15,93
9.60 -21,65 16,79
9.63 -21,65 17,81
9.67 -21,82 18,67
9.70 -21,99 19,70
9.73 -21,99 20,72
9.77 -21,99 21,75
9.80 -22,16 22,77
9.83 -22,16 23,79
9.87 -22,17 24,65
9.90 -22,17 25,68
9.93 -22,17 26,70
9.97 -22,34 27,73
10.00 -22,34 28,75
10.03 -22,33 29,61
10.07 -22,33 30,63
10.10 -22,33 31,66
10.13 -22,16 32,85
10.17 -22,16 33,88
10.20 -22,33 35,08
10.23 -22,33 36,10
10.27 -22,50 37,30
10.30 -22,67 38,50
10.33 -22,84 39,87
10.37 -23,01 41,06
10.40 -23,35 42,43
10.43 -23,53 43,80
10.47 -23,87 45,17
10.50 -24,21 46,54
10.53 -24,55 47,73
10.57 -24,90 48,93
10.60 -25,24 49,96
10.63 -25,58 50,81
10.67 -25,75 51,67
10.70 -25,92 52,18
10.73 -25,93 52,53
10.77 -25,76 52,53
10.80 -25,42 52,52
10.83 -25,25 52,18
10.87 -25,08 52,01
10.90 -25,08 52,01
10.93 -25,25 52,02
10.97 -25,41 52,19
11.00 -25,58 52,36
11.03 -25,75 52,53
11.07 -25,75 52,70
11.10 -25,75 52,70
11.13 -25,58 52,70
11.17 -25,41 52,70
11.20 -25,41 52,70
11.23 -25,24 52,87
11.27 -25,07 52,87
11.30 -24,89 52,87
11.33 -24,72 53,04
11.37 -24,72 53,04
11.40 -24,55 53,21
11.43 -24,55 53,21
11.47 -24,55 53,21
11.50 -24,72 53,21
11.53 -24,55 53,04
11.57 -24,55 53,04
11.60 -24,38 52,87
11.63 -24,38 52,70
11.67 -24,21 52,70
11.70 -24,04 52,69
11.73 -24,04 52,52
11.77 -24,04 52,52
11.80 -24,04 52,35
11.83 -23,87 52,36
11.87 -23,87 52,36
11.90 -23,87 52,35
11.93 -23,87 52,18
11.97 -23,87 52,18
12.00 -23,87 52,01
12.03 -23,70 52,01
12.07 -23,70 52,01
12.10 -23,53 52,01
12.13 -23,53 52,00
12.17 -23,52 52,00
12.20 -23,52 52,00
12.23 -23,35 52,17
12.27 -23,35 52,17
12.30 -23,35 52,17
12.33 -23,36 52,18
12.37 -23,36 52,17
12.40 -23,36 52,00
12.43 -23,35 52,00
12.47 -23,18 52,00
12.50 -23,18 52,00
12.53 -23,18 51,83
12.57 -23,18 51,83
12.60 -23,18 51,83
12.63 -23,01 51,66
12.67 -23,01 51,32
12.70 -22,84 51,14
12.73 -22,67 50,80
12.77 -22,67 50,46
12.80 -22,50 50,29
12.83 -22,50 50,29
12.87 -22,50 50,12
12.90 -22,33 50,12
12.93 -22,33 49,95
12.97 -22,33 49,78
13.00 -22,16 49,61
13.03 -22,16 49,27
13.07 -22,16 48,93
13.10 -22,16 48,58
13.13 -22,16 48,07
13.17 -22,16 47,56
13.20 -22,16 46,88
13.23 -22,33 46,36
13.27 -22,50 45,68
13.30 -22,50 44,82
13.33 -22,67 44,14
13.37 -22,84 43,28
13.40 -22,84 42,60
13.43 -23,01 41,74
13.47 -23,01 40,89
13.50 -23,01 39,86
13.53 -23,01 38,84
13.57 -23,01 37,98
13.60 -22,84 36,95
13.63 -22,84 35,93
13.67 -22,67 34,90
13.70 -22,67 33,88
13.73 -22,50 32,85
13.77 -22,50 31,66
13.80 -22,33 30,63
13.83 -22,33 29,43
13.87 -22,16 28,23
13.90 -21,98 27,04
13.93 -21,81 25,84
13.97 -21,81 24,47
14.00 -21,81 23,27
14.03 -21,64 21,91
14.07 -21,47 20,71
14.10 -21,47 19,51
14.13 -21,30 18,31
14.17 -21,30 17,11
14.20 -21,13 15,92
14.23 -20,95 14,72
14.27 -20,78 13,70
14.30 -20,78 12,84
14.33 -20,61 11,81
14.37 -20,44 10,96
14.40 -20,27 9,93
14.43 -20,10 9,08
14.47 -20,10 8,39
14.50 -20,10 7,54
14.53 -20,27 6,85
14.57 -20,26 6,00
14.60 -20,26 5,31
14.63 -20,26 4,46
14.67 -20,44 3,94
14.70 -20,61 3,26
14.73 -20,78 2,75
14.77 -20,78 2,06
14.80 -20,61 1,04
14.83 -20,44 0,18
14.87 -20,44 -0,16
14.90 -20,27 0,19
14.93 -20,10 0,87
14.97 -20,09 1,38
15.00 -19,92 1,90
15.03 -19,75 2,75
15.07 -19,76 3,43
15.10 -19,93 4,11
15.13 -20,10 4,97
15.17 -20,27 5,65
15.20 -20,43 6,51
15.23 -20,43 7,19
15.27 -20,60 7,88
15.30 -20,77 8,56
15.33 -20,77 9,42
15.37 -20,95 10,10
15.40 -21,12 10,96
15.43 -21,29 11,64
15.47 -21,63 12,50
15.50 -21,80 13,18
15.53 -21,97 14,03
15.57 -22,31 14,72
15.60 -22,48 15,57
15.63 -22,82 16,43
15.67 -22,99 17,45
15.70 -23,34 18,31
15.73 -23,34 19,33
15.77 -23,68 20,19
15.80 -23,85 21,39
15.83 -24,02 22,41
15.87 -24,02 23,44
15.90 -24,02 25,49
15.93 -24,02 26,69
15.97 -23,85 27,88
16.00 -23,68 29,08
16.03 -23,51 30,28
16.07 -23,34 31,64
16.10 -23,17 32,84
16.13 -23,00 34,21
16.17 -22,66 35,75
16.20 -22,48 37,12
16.23 -22,31 38,65
16.27 -21,97 40,02
16.30 -21,80 41,56
16.33 -21,63 42,93
16.37 -21,46 44,29
16.40 -21,29 45,49
16.43 -20,95 46,69
16.47 -20,78 47,88
16.50 -20,61 48,91
16.53 -20,44 49,76
16.57 -20,44 50,62
16.60 -20,27 51,13
16.63 -20,27 51,47
16.67 -20,27 51,64
16.70 -19,93 51,82
16.73 -19,59 51,82
16.77 -19,42 51,64
16.80 -19,24 51,48
16.83 -19,24 51,48
16.87 -19,24 51,48
16.90 -19,07 51,65
16.93 -19,24 51,65
16.97 -19,24 51,82
17.00 -19,24 51,99
17.03 -19,24 51,99
17.07 -19,41 51,99
17.10 -19,58 51,99
17.13 -19,75 51,82
17.17 -19,92 51,65
17.20 -20,10 51,31
17.23 -20,44 50,79
17.27 -20,78 50,11
17.30 -20,95 49,60
17.33 -21,30 48,91
17.37 -21,81 48,06
17.40 -22,15 47,20
17.43 -22,49 46,35
17.47 -22,83 45,49
17.50 -23,17 44,64
17.53 -23,34 43,78
17.57 -23,69 42,76
17.60 -23,86 41,73
17.63 -24,03 40,70
17.67 -24,20 39,68
17.70 -24,37 38,48
17.73 -24,37 37,45
17.77 -24,54 36,26
17.80 -24,54 35,06
17.83 -24,71 33,86
17.87 -24,88 32,49
17.90 -25,05 31,30
17.93 -25,22 29,93
17.97 -25,22 28,73
18.00 -25,22 27,53
18.03 -25,39 26,34
18.07 -25,39 24,97
18.10 -25,39 23,77
18.13 -25,56 22,58
18.17 -25,56 21,38
18.20 -25,73 20,18
18.23 -25,73 18,98
18.27 -25,73 17,79
18.30 -25,73 16,76
18.33 -25,73 15,57
18.37 -25,73 14,54
18.40 -25,73 13,34
18.43 -25,73 12,32
18.47 -25,56 11,29
18.50 -25,73 10,27
18.53 -25,56 9,41
18.57 -25,56 8,56
18.60 -25,56 7,70
18.63 -25,73 6,67
18.67 -25,56 5,99
18.70 -25,56 5,14
18.73 -25,39 4,45
18.77 -25,39 3,77
18.80 -25,21 3,08
18.83 -25,04 2,39
18.87 -24,88 1,71
18.90 -24,87 1,20
18.93 -24,70 0,51
18.97 -24,53 0,34
19.00 -24,36 0,68
19.03 -24,19 1,19
19.07 -23,85 1,71
19.10 -23,51 2,05
19.13 -23,50 2,90
19.17 -23,33 3,41
19.20 -23,16 3,92
19.23 -23,16 4,61
19.27 -23,16 5,12
19.30 -23,16 5,80
19.33 -23,16 6,49
19.37 -23,16 7,17
19.40 -23,33 7,68
19.43 -23,33 8,37
19.47 -23,34 8,88
19.50 -23,34 9,56
19.53 -23,51 10,08
19.57 -23,51 10,76
19.60 -23,51 11,27
19.63 -23,51 11,96
19.67 -23,68 12,47
19.70 -23,68 13,32
19.73 -23,68 14,01
19.77 -23,85 14,69
19.80 -24,02 15,38
19.83 -24,03 16,23
19.87 -24,20 16,92
19.90 -24,20 17,77
19.93 -24,20 18,62
19.97 -24,20 19,48
20.00 -24,37 20,34
20.03 -24,37 21,36
20.07 -24,37 22,22
20.10 -24,37 23,24
20.13 -24,20 24,44
20.17 -24,20 25,47
20.20 -24,20 26,66
20.23 -24,20 27,69
20.27 -24,03 28,89
20.30 -23,86 30,08
20.33 -23,86 31,28
20.37 -23,69 32,65
20.40 -23,69 34,02
20.43 -23,52 35,39
20.47 -23,52 36,76
20.50 -23,52 38,12
20.53 -23,52 39,66
20.57 -23,52 41,03
20.60 -23,52 42,57
20.63 -23,52 43,94
20.67 -23,52 45,30
20.70 -23,52 46,50
20.73 -23,52 47,70
20.77 -23,52 48,72
20.80 -23,69 49,57
20.83 -23,69 50,43
20.87 -23,86 51,11
20.90 -23,86 51,62
20.93 -23,86 52,14
20.97 -23,86 52,14
21.00 -23,52 52,14
21.03 -23,17 51,97
21.07 -22,83 51,79
21.10 -22,66 51,62
21.13 -22,49 51,62
21.17 -22,49 51,62
21.20 -22,66 51,62
21.23 -22,66 51,79
21.27 -22,66 51,79
21.30 -22,83 51,79
21.33 -22,83 51,61
21.37 -22,83 51,44
21.40 -22,83 51,27
21.43 -22,83 51,10
21.47 -22,83 51,10
21.50 -22,84 50,93
21.53 -22,84 50,93
21.57 -22,84 50,94
21.60 -22,84 50,94
21.63 -22,67 51,11
21.67 -22,50 51,11
21.70 -22,33 51,11
21.73 -22,16 51,11
21.77 -22,16 50,94
21.80 -21,82 50,94
21.83 -21,82 50,77
21.87 -21,47 50,76
21.90 -21,47 50,59
21.93 -21,30 50,59
21.97 -21,13 50,59
22.00 -20,96 50,59
22.03 -20,96 50,42
22.07 -20,79 50,42
22.10 -20,79 50,25
22.13 -20,62 50,25
22.17 -20,62 50,08
22.20 -20,45 49,91
22.23 -20,45 49,91
22.27 -20,45 49,91
22.30 -20,27 49,90
22.33 -20,27 49,90
22.37 -20,28 49,73
22.40 -20,27 49,73
22.43 -20,27 49,73
22.47 -20,10 49,73
22.50 -20,10 49,73
22.53 -20,11 49,56
22.57 -20,11 49,56
22.60 -20,11 49,56
22.63 -20,11 49,56
22.67 -20,11 49,56
22.70 -20,28 49,39
22.73 -20,28 49,39
22.77 -20,28 49,39
22.80 -20,28 49,39
22.83 -20,45 49,22
22.87 -20,45 49,22
22.90 -20,45 49,22
22.93 -20,45 49,22
22.97 -20,45 49,22
23.00 -20,62 49,22
23.03 -20,62 49,22
23.07 -20,62 49,22
23.10 -20,62 49,22
23.13 -20,62 49,22
23.17 -20,62 49,39
23.20 -20,62 49,39
23.23 -20,62 49,39
23.27 -20,62 49,56
23.30 -20,63 49,56
23.33 -20,63 49,73
23.37 -20,63 49,73
23.40 -20,63 49,73
23.43 -20,80 49,56
23.47 -20,80 49,56
23.50 -20,80 49,56
23.53 -20,97 49,39
23.57 -20,97 49,38
23.60 -21,14 49,21
23.63 -21,14 49,21
23.67 -21,31 49,04
23.70 -21,31 48,87
23.73 -21,48 48,70
23.77 -21,65 48,53
23.80 -21,65 48,19
23.83 -21,82 47,85
23.87 -21,99 47,51
23.90 -22,16 46,99
23.93 -22,34 46,31
23.97 -22,68 45,63
24.00 -22,85 44,77
24.03 -23,19 43,92
24.07 -23,53 43,06
24.10 -23,70 42,04
24.13 -23,88 41,18
24.17 -24,05 40,16
24.20 -24,39 39,13
24.23 -24,39 38,28
24.27 -24,56 37,25
24.30 -24,56 36,40
24.33 -24,73 35,37
24.37 -24,74 34,51
24.40 -24,91 33,49
24.43 -24,91 32,46
24.47 -24,91 31,43
24.50 -25,08 30,41
24.53 -25,08 29,38
24.57 -25,08 28,53
24.60 -25,08 27,67
24.63 -25,08 26,64
24.67 -24,91 25,62
24.70 -24,91 24,59
24.73 -25,08 23,56
24.77 -25,08 22,37
24.80 -25,08 21,34
24.83 -25,25 20,15
24.87 -25,25 19,12
24.90 -25,25 18,10
24.93 -25,25 17,24
24.97 -25,25 16,22
25.00 -25,08 15,19
25.03 -24,91 14,17
25.07 -24,74 13,31
25.10 -24,57 12,63
25.13 -24,40 11,77
25.17 -24,23 11,09
25.20 -23,89 10,40
25.23 -23,72 9,55
25.27 -23,55 8,87
25.30 -23,55 8,18
25.33 -23,38 7,50
25.37 -23,38 6,81
25.40 -23,38 6,13
25.43 -23,21 5,45
25.47 -23,21 4,93
25.50 -23,21 4,42
25.53 -23,21 3,74
25.57 -23,21 2,71
25.60 -23,04 2,03
25.63 -22,87 1,17
25.67 -22,87 0,32
25.70 -22,70 -0,20
25.73 -22,53 -0,02
25.77 -22,36 0,49
25.80 -22,19 1,00
25.83 -22,02 1,68
25.87 -22,02 2,20
25.90 -22,02 2,88
25.93 -22,19 3,57
25.97 -22,19 4,25
26.00 -22,36 4,94
26.03 -22,36 5,63
26.07 -22,36 6,48
26.10 -22,53 7,16
26.13 -22,70 7,84
26.17 -22,71 8,53
26.20 -22,88 9,21
26.23 -23,05 9,89
26.27 -23,22 10,57
26.30 -23,22 11,09
26.33 -23,39 11,77
26.37 -23,56 12,45
26.40 -23,73 13,14
26.43 -23,91 13,99
26.47 -24,08 14,67
26.50 -24,25 15,36
26.53 -24,42 16,04
26.57 -24,42 16,90
26.60 -24,42 17,58
26.63 -24,42 18,44
26.67 -24,42 19,12
26.70 -24,25 19,81
26.73 -24,08 20,66
26.77 -23,91 21,52
26.80 -23,74 22,37
26.83 -23,74 23,05
26.87 -23,40 24,08
26.90 -23,22 24,93
26.93 -23,05 25,96
26.97 -22,71 26,98
27.00 -22,54 27,84
27.03 -22,37 28,87
27.07 -22,20 29,89
27.10 -22,03 31,09
27.13 -21,69 32,29
27.17 -21,69 33,31
27.20 -21,52 34,51
27.23 -21,35 35,71
27.27 -21,35 36,90
27.30 -21,35 37,76
27.33 -21,18 40,32
27.37 -21,17 41,52
27.40 -21,17 42,54
27.43 -21,00 43,74
27.47 -21,01 44,77
27.50 -21,01 45,80
27.53 -21,01 46,82
27.57 -21,01 47,68
27.60 -21,01 48,70
27.63 -21,00 49,39
27.67 -21,00 50,24
27.70 -20,83 50,93
27.73 -20,83 51,27
27.77 -20,66 51,61
27.80 -20,32 51,95
27.83 -19,98 51,95
27.87 -19,64 51,95
27.90 -19,46 51,78
27.93 -19,29 51,61
27.97 -19,12 51,61
28.00 -19,12 51,61
28.03 -18,95 51,61
28.07 -18,95 51,61
28.10 -18,95 51,61
28.13 -18,95 51,61
28.17 -18,78 51,62
28.20 -18,79 51,62
28.23 -18,79 51,62
28.27 -18,79 51,45
28.30 -18,79 51,45
28.33 -18,96 51,45
28.37 -18,79 51,45
28.40 -18,96 51,44
28.43 -18,96 51,44
28.47 -18,96 51,44
28.50 -18,96 51,44
28.53 -18,79 51,44
28.57 -18,79 51,44
28.60 -18,79 51,44
28.63 -18,96 51,27
28.67 -18,96 51,10
28.70 -19,13 50,93
28.73 -19,30 50,59
28.77 -19,47 50,42
28.80 -19,81 49,90
28.83 -19,99 49,39
28.87 -20,33 48,88
28.90 -20,67 48,19
28.93 -20,84 47,51
28.97 -21,18 46,83
29.00 -21,53 46,15
29.03 -21,87 45,46
29.07 -22,21 44,61
29.10 -22,38 43,92
29.13 -22,72 43,07
29.17 -22,89 42,21
29.20 -23,23 41,36
29.23 -23,40 40,50
29.27 -23,58 39,65
29.30 -23,75 38,80
29.33 -23,92 37,94
29.37 -23,92 37,26
29.40 -24,09 36,23
29.43 -24,26 35,38
29.47 -24,26 34,52
29.50 -24,43 33,67
29.53 -24,43 32,81
29.57 -24,43 31,96
29.60 -24,43 31,10
29.63 -24,26 30,25
29.67 -24,26 29,40
29.70 -24,09 28,71
29.73 -24,09 27,69
29.77 -24,09 26,83
29.80 -23,92 25,80
29.83 -23,75 24,78
29.87 -23,75 23,75
29.90 -23,92 22,56
29.93 -23,75 21,53
29.97 -23,58 20,33
30.00 -23,58 19,14
30.03 -23,58 18,11
30.07 -23,58 16,91
30.10 -23,58 15,72
30.13 -23,41 14,52
30.17 -23,41 13,15
30.20 -23,24 11,95
30.23 -23,24 10,59
30.27 -22,90 9,22
30.30 -22,90 9,22
30.33 -22,73 7,51
30.37 -22,56 5,97
30.40 -22,39 4,26
30.43 -22,39 2,38
30.47 -22,22 0,16
30.50 -22,22 -0,36
30.53 -22,22 1,01
30.57 -22,22 1,35
30.60 -22,05 0,67
30.63 -21,88 -0,01
30.67 -21,71 0,67
30.70 -21,71 0,50
30.73 -21,54 0,16
30.77 -21,20 0,50
30.80 -21,19 0,33
30.83 -20,85 0,33
30.87 -20,68 0,33
30.90 -20,51 0,33
30.93 -20,34 0,33
30.97 -20,00 0,33
31.00 -19,83 0,33
31.03 -19,83 0,33
31.07 -19,65 0,33
31.10 -19,65 0,33
31.13 -19,48 0,33
31.17 -19,48 0,33
31.20 -19,48 0,33
31.23 -19,49 0,33
31.27 -19,66 0,33
31.30 -19,83 0,33
31.33 -19,83 0,33
31.37 -20,00 0,33
31.40 -20,17 0,33
31.43 -20,34 0,33
31.47 -20,51 0,33
31.50 -20,51 0,33
31.53 -20,69 0,33
31.57 -20,85 0,33
31.60 -20,85 0,33
31.63 -20,86 0,33
31.67 -21,02 0,33
31.70 -21,02 0,33
31.73 -21,02 0,34
31.77 -21,02 0,34
31.80 -21,02 0,34
31.83 -20,85 0,34
31.87 -20,85 0,34
31.90 -20,85 0,34
31.93 -20,85 0,34
31.97 -20,68 0,34
32.00 -20,67 0,34
32.03 -20,50 0,34
