#Kinovea Trajectory data export
#T X Y

# Trajectory 1
6.93 -20,57 70,29
6.97 -20,72 69,99
7.00 -20,87 69,84
7.03 -20,87 69,69
7.07 -20,87 69,70
7.10 -20,87 69,70
7.13 -20,87 69,70
7.17 -20,87 69,85
7.20 -20,73 70,00
7.23 -20,72 70,00
7.27 -20,57 70,15
7.30 -20,42 70,15
7.33 -20,27 70,15
7.37 -19,97 70,30
7.40 -19,83 70,45
7.43 -19,68 70,60
7.47 -19,38 70,90
7.50 -19,08 71,20
7.53 -18,93 71,35
7.57 -18,63 71,64
7.60 -18,48 71,79
7.63 -18,33 71,94
7.67 -18,18 72,10
7.70 -18,03 72,39
7.73 -17,88 72,55
7.77 -17,73 72,85
7.80 -17,58 72,99
7.83 -17,58 72,99
7.87 -17,43 73,14
7.90 -17,58 73,15
7.93 -17,57 73,29
7.97 -17,58 73,29
8.00 -17,73 73,29
8.03 -17,88 73,29
8.07 -18,18 73,14
8.10 -18,33 73,15
8.13 -18,63 73,15
8.17 -18,92 73,15
8.20 -19,07 73,30
8.23 -19,22 73,30
8.27 -19,37 73,30
8.30 -19,52 73,45
8.33 -19,52 73,45
8.37 -19,53 73,45
8.40 -19,53 73,45
8.43 -19,53 73,45
8.47 -19,53 73,45
8.50 -19,38 73,59
8.53 -19,38 73,59
8.57 -19,23 73,74
8.60 -19,08 73,74
8.63 -18,93 73,74
8.67 -18,78 73,59
8.70 -18,63 73,59
8.73 -18,48 73,59
8.77 -18,33 73,44
8.80 -18,18 73,29
8.83 -18,03 73,29
8.87 -17,73 73,29
8.90 -17,44 73,30
8.93 -17,14 73,29
8.97 -16,84 73,29
9.00 -16,54 73,15
9.03 -16,39 73,00
9.07 -16,09 73,00
9.10 -15,79 72,99
9.13 -15,49 72,99
9.17 -15,04 73,14
9.20 -14,60 73,29
9.23 -14,30 73,44
9.27 -13,85 73,74
9.30 -13,55 73,88
9.33 -13,40 73,74
9.37 -13,25 73,44
9.40 -13,10 73,14
9.43 -12,80 72,84
9.47 -12,65 72,54
9.50 -12,51 72,39
9.53 -12,36 72,39
9.57 -12,21 72,54
9.60 -12,06 72,70
9.63 -11,91 72,85
9.67 -11,76 72,85
9.70 -11,61 72,70
9.73 -11,46 72,40
9.77 -11,31 72,25
9.80 -11,16 72,10
9.83 -11,01 72,10
9.87 -10,86 72,10
9.90 -10,72 72,10
9.93 -10,57 72,10
9.97 -10,42 72,10
10.00 -10,27 71,95
10.03 -10,12 71,81
10.07 -9,97 71,66
10.10 -9,82 71,66
10.13 -9,67 71,51
10.17 -9,52 71,51
10.20 -9,37 71,51
10.23 -9,08 71,67
10.27 -8,93 71,81
10.30 -8,78 71,81
10.33 -8,63 71,81
10.37 -8,63 71,81
10.40 -8,48 71,81
10.43 -8,33 71,81
10.47 -8,33 71,81
10.50 -8,33 71,66
10.53 -8,19 71,81
10.57 -8,19 71,81
10.60 -8,18 71,96
10.63 -8,18 71,96
10.67 -8,03 72,11
10.70 -8,04 72,11
10.73 -8,04 72,11
10.77 -8,18 72,11
10.80 -8,04 72,26
10.83 -8,04 72,26
10.87 -8,04 72,41
10.90 -8,04 72,56
10.93 -8,04 72,71
10.97 -8,04 72,85
11.00 -8,04 72,85
11.03 -8,04 72,86
11.07 -8,04 73,01
11.10 -8,04 73,15
11.13 -8,04 73,15
11.17 -8,04 73,30
11.20 -8,04 73,30
11.23 -7,89 73,45
11.27 -7,89 73,60
11.30 -7,74 73,75
11.33 -7,74 73,74
11.37 -7,59 73,89
11.40 -7,44 74,04
11.43 -7,29 74,19
11.47 -7,29 74,19
11.50 -7,29 74,19
11.53 -7,14 74,34
11.57 -7,14 74,33
11.60 -7,14 74,33
11.63 -7,14 74,33
11.67 -7,29 74,18
11.70 -7,29 74,18
11.73 -7,29 74,18
11.77 -7,44 74,18
11.80 -7,44 74,17
11.83 -7,59 74,17
11.87 -7,59 74,17
11.90 -7,74 74,02
11.93 -7,74 74,03
11.97 -7,89 74,02
12.00 -7,89 74,02
12.03 -8,04 73,87
12.07 -8,04 73,87
12.10 -8,19 73,72
12.13 -8,19 73,72
12.17 -8,34 73,57
12.20 -8,35 73,57
12.23 -8,35 73,57
12.27 -8,50 73,42
12.30 -8,50 73,42
12.33 -8,50 73,43
12.37 -8,65 73,43
12.40 -8,65 73,43
12.43 -8,64 73,43
12.47 -8,64 73,43
12.50 -8,64 73,43
12.53 -8,64 73,43
12.57 -8,65 73,44
12.60 -8,64 73,58
12.63 -8,64 73,58
12.67 -8,64 73,58
12.70 -8,64 73,58
12.73 -8,64 73,57
12.77 -8,64 73,57
12.80 -8,64 73,57
12.83 -8,63 73,57
12.87 -8,49 73,57
12.90 -8,49 73,57
12.93 -8,49 73,57
12.97 -8,49 73,57
13.00 -8,64 73,57
13.03 -8,49 73,57
13.07 -8,49 73,42
13.10 -8,50 73,42
13.13 -8,49 73,42
13.17 -8,49 73,28
13.20 -8,49 73,28
13.23 -8,49 73,13
13.27 -8,34 72,98
13.30 -8,19 72,68
13.33 -8,19 72,38
13.37 -8,04 72,23
13.40 -8,04 72,23
13.43 -8,03 72,23
13.47 -7,89 72,38
13.50 -7,89 72,53
13.53 -7,89 72,53
13.57 -7,74 72,39
13.60 -7,59 71,94
13.63 -7,44 71,04
13.67 -7,44 69,69
13.70 -7,29 68,05
13.73 -7,29 66,25
13.77 -7,29 64,46
13.80 -7,29 62,81
13.83 -7,14 61,17
13.87 -7,14 59,37
13.90 -7,14 57,43
13.93 -7,14 55,63
13.97 -7,14 53,69
14.00 -7,14 51,75
14.03 -7,29 49,80
14.07 -7,29 47,86
14.10 -7,29 45,76
14.13 -7,44 43,67
14.17 -7,59 41,57
14.20 -7,74 39,33
14.23 -7,89 37,09
14.27 -8,19 34,70
14.30 -8,34 32,60
14.33 -8,34 30,66
14.37 -8,49 28,56
14.40 -8,49 26,62
14.43 -8,64 24,53
14.47 -8,64 22,43
14.50 -8,63 20,49
14.53 -8,63 18,69
14.57 -8,48 16,75
14.60 -8,48 14,96
14.63 -8,48 13,01
14.67 -8,33 11,22
14.70 -8,33 9,42
14.73 -8,33 7,63
14.77 -8,33 5,83
14.80 -8,33 3,89
14.83 -8,33 2,09
14.87 -8,18 0,30
14.90 -8,18 -1,49
14.93 -8,18 -3,14
14.97 -8,18 -4,94
15.00 -8,18 -6,88
15.03 -8,33 -8,67
15.07 -8,33 -10,47
15.10 -8,33 -12,26
15.13 -8,48 -14,06
15.17 -8,63 -15,70
15.20 -8,78 -17,35
15.23 -8,93 -18,84
15.27 -9,08 -20,34
15.30 -9,38 -21,68
15.33 -9,53 -22,73
15.37 -9,83 -23,78
15.40 -10,13 -24,68
15.43 -10,43 -25,57
15.47 -10,88 -26,32
15.50 -11,18 -26,77
15.53 -11,47 -27,22
15.57 -11,77 -27,51
15.60 -11,92 -27,52
15.63 -12,22 -27,52
15.67 -12,37 -27,51
15.70 -12,37 -27,36
15.73 -12,52 -27,36
15.77 -12,52 -27,36
15.80 -12,52 -27,36
15.83 -12,37 -27,36
15.87 -12,37 -26,91
15.90 -12,07 -25,56
15.93 -11,77 -23,77
15.97 -11,62 -21,82
16.00 -11,62 -19,58
16.03 -11,62 -17,33
16.07 -11,62 -14,94
16.10 -11,77 -12,70
16.13 -11,92 -10,45
16.17 -12,07 -8,21
16.20 -12,37 -6,12
16.23 -12,66 -4,02
16.27 -12,96 -1,78
16.30 -13,26 0,46
16.33 -13,56 2,71
16.37 -13,86 4,95
16.40 -14,31 7,34
16.43 -14,61 9,73
16.47 -14,76 12,13
16.50 -15,06 14,67
16.53 -15,21 17,06
16.57 -15,51 19,61
16.60 -15,81 22,15
16.63 -16,10 24,69
16.67 -16,25 27,23
16.70 -16,55 29,78
16.73 -16,85 32,47
16.77 -17,00 35,16
16.80 -17,30 37,85
16.83 -17,60 40,69
16.87 -17,90 43,53
16.90 -18,20 46,53
16.93 -18,65 49,37
16.97 -18,95 52,36
17.00 -19,25 55,20
17.03 -19,69 58,04
17.07 -19,85 60,73
17.10 -20,29 63,28
17.13 -20,59 65,67
17.17 -21,19 69,71
17.20 -21,34 71,20
17.23 -21,49 72,25
17.27 -21,64 72,85
17.30 -21,79 72,99
17.33 -21,79 72,55
17.37 -21,79 71,95
17.40 -21,94 71,35
17.43 -21,94 70,90
17.47 -21,94 71,05
17.50 -21,65 71,50
17.53 -21,35 72,09
17.57 -21,05 72,54
17.60 -20,90 72,69
17.63 -20,60 72,69
17.67 -20,45 72,39
17.70 -20,30 71,94
17.73 -20,15 71,64
17.77 -19,85 71,35
17.80 -19,70 71,34
17.83 -19,55 71,49
17.87 -19,40 71,64
17.90 -19,25 71,64
17.93 -19,10 71,64
17.97 -18,80 71,64
18.00 -18,66 71,34
18.03 -18,51 71,04
18.07 -18,36 70,75
18.10 -18,21 70,44
18.13 -18,06 69,85
18.17 -17,91 69,10
18.20 -17,61 68,06
18.23 -17,46 66,56
18.27 -17,31 64,62
18.30 -17,16 62,52
18.33 -17,01 60,28
18.37 -17,01 58,04
18.40 -16,86 55,79
18.43 -16,71 53,55
18.47 -16,56 51,16
18.50 -16,42 48,62
18.53 -16,41 46,07
18.57 -16,26 43,68
18.60 -16,12 41,14
18.63 -16,12 38,59
18.67 -15,97 36,05
18.70 -15,82 33,51
18.73 -15,52 31,12
18.77 -15,52 28,72
18.80 -15,37 26,18
18.83 -15,22 23,64
18.87 -15,07 21,40
18.90 -14,92 19,01
18.93 -14,77 16,61
18.97 -14,62 14,37
19.00 -14,47 12,13
19.03 -14,32 9,88
19.07 -14,17 7,64
19.10 -14,17 5,55
19.13 -14,02 3,30
19.17 -14,02 1,21
19.20 -14,02 -0,74
19.23 -14,02 -2,83
19.27 -14,17 -4,77
19.30 -14,32 -6,72
19.33 -14,47 -8,66
19.37 -14,62 -10,61
19.40 -14,77 -12,25
19.43 -15,07 -14,19
19.47 -15,37 -15,84
19.50 -15,66 -17,49
19.53 -15,82 -19,13
19.57 -16,26 -20,48
19.60 -16,56 -21,97
19.63 -16,86 -23,02
19.67 -17,16 -23,91
19.70 -17,46 -24,66
19.73 -17,76 -25,41
19.77 -18,21 -26,01
19.80 -18,51 -26,61
19.83 -18,81 -27,21
19.87 -19,26 -27,66
19.90 -19,56 -27,96
19.93 -19,86 -27,95
19.97 -20,16 -27,65
20.00 -20,46 -27,21
20.03 -20,76 -26,91
20.07 -21,06 -26,61
20.10 -21,21 -26,46
20.13 -21,36 -26,46
20.17 -21,36 -26,45
20.20 -21,35 -26,30
20.23 -21,05 -25,56
20.27 -20,75 -24,36
20.30 -20,45 -22,72
20.33 -20,16 -20,77
20.37 -20,01 -18,83
20.40 -19,86 -16,73
20.43 -19,71 -14,49
20.47 -19,71 -12,25
20.50 -19,71 -10,15
20.53 -19,71 -8,21
20.57 -19,86 -6,11
20.60 -19,86 -4,17
20.63 -20,01 -1,93
20.67 -20,15 0,17
20.70 -20,30 2,11
20.73 -20,45 4,06
20.77 -20,45 6,15
20.80 -20,45 8,24
20.83 -20,60 10,34
20.87 -20,60 12,43
20.90 -20,75 14,53
20.93 -20,90 16,47
20.97 -20,90 18,56
21.00 -20,90 20,51
21.03 -20,90 22,30
21.07 -21,05 24,25
21.10 -21,05 26,19
21.13 -21,05 28,14
21.17 -21,20 30,23
21.20 -21,35 32,32
21.23 -21,50 34,42
21.27 -21,64 36,81
21.30 -21,79 39,05
21.33 -21,94 41,60
21.37 -22,24 44,14
21.40 -22,54 46,83
21.43 -22,69 49,37
21.47 -22,99 52,22
21.50 -23,29 54,91
21.53 -23,59 57,60
21.57 -23,89 60,29
21.60 -24,04 62,98
21.63 -24,49 65,38
21.67 -24,64 67,62
21.70 -24,93 69,12
21.73 -25,08 70,01
21.77 -25,23 70,31
21.80 -25,08 70,16
21.83 -25,08 69,41
21.87 -25,08 68,52
21.90 -25,08 67,92
21.93 -24,93 68,07
21.97 -24,63 68,67
22.00 -24,34 69,41
22.03 -24,18 70,01
22.07 -23,89 70,31
22.10 -23,73 70,46
22.13 -23,44 70,16
22.17 -23,29 69,86
22.20 -23,14 69,57
22.23 -22,99 69,56
22.27 -22,84 69,57
22.30 -22,69 70,01
22.33 -22,54 70,31
22.37 -22,25 70,61
22.40 -22,10 70,91
22.43 -21,95 70,91
22.47 -21,95 70,61
22.50 -21,80 70,46
22.53 -21,65 70,31
22.57 -21,66 70,16
22.60 -21,66 70,17
22.63 -21,51 70,32
22.67 -21,51 70,32
22.70 -21,36 70,32
22.73 -21,21 70,33
22.77 -21,06 70,32
22.80 -20,91 70,18
22.83 -20,76 70,17
22.87 -20,61 70,02
22.90 -20,47 70,03
22.93 -20,46 70,03
22.97 -20,31 70,18
23.00 -20,16 70,18
23.03 -20,01 70,19
23.07 -19,87 70,19
23.10 -19,72 70,19
23.13 -19,57 70,05
23.17 -19,42 69,89
23.20 -19,27 69,59
23.23 -19,12 69,44
23.27 -18,82 69,29
23.30 -18,67 68,99
23.33 -18,52 68,69
23.37 -18,22 67,94
23.40 -18,07 66,74
23.43 -17,92 64,95
23.47 -17,78 62,85
23.50 -17,78 60,46
23.53 -17,78 58,22
23.57 -17,63 55,97
23.60 -17,48 53,73
23.63 -17,33 51,64
23.67 -17,18 49,39
23.70 -16,88 47,30
23.73 -16,88 45,06
23.77 -16,73 42,66
23.80 -16,58 40,42
23.83 -16,43 38,18
23.87 -16,28 36,08
23.90 -15,98 33,84
23.93 -15,83 31,45
23.97 -15,83 29,20
24.00 -15,68 26,96
24.03 -15,53 24,57
24.07 -15,38 22,32
24.10 -15,23 19,93
24.13 -15,08 17,69
24.17 -14,93 15,29
24.20 -14,78 13,05
24.23 -14,78 10,96
24.27 -14,63 8,71
24.30 -14,63 6,47
24.33 -14,63 4,23
24.37 -14,48 1,98
24.40 -14,48 -0,11
24.43 -14,48 -2,35
24.47 -14,49 -4,60
24.50 -14,49 -6,69
24.53 -14,49 -8,78
24.57 -14,64 -10,88
24.60 -14,64 -12,97
24.63 -14,78 -15,07
24.67 -14,93 -17,01
24.70 -14,93 -18,81
24.73 -15,08 -20,45
24.77 -15,08 -22,25
24.80 -15,08 -23,59
24.83 -15,23 -24,79
24.87 -15,23 -25,68
24.90 -15,38 -26,58
24.93 -15,53 -27,33
24.97 -15,83 -28,08
25.00 -15,98 -28,68
25.03 -16,28 -29,13
25.07 -16,58 -29,57
25.10 -16,73 -29,72
25.13 -16,88 -29,71
25.17 -17,03 -29,57
25.20 -17,18 -29,42
25.23 -17,33 -29,42
25.27 -17,33 -29,42
25.30 -17,48 -29,42
25.33 -17,33 -29,42
25.37 -17,33 -29,12
25.40 -17,18 -28,23
25.43 -16,88 -26,73
25.47 -16,58 -24,93
25.50 -16,43 -22,84
25.53 -16,28 -20,75
25.57 -16,28 -18,65
25.60 -16,13 -16,41
25.63 -15,98 -14,46
25.67 -15,98 -12,37
25.70 -16,13 -10,43
25.73 -16,13 -8,48
25.77 -16,13 -6,39
25.80 -16,28 -4,44
25.83 -16,28 -2,35
25.87 -16,43 -0,55
25.90 -16,43 1,39
25.93 -16,58 3,33
25.97 -16,58 5,43
26.00 -16,58 7,37
26.03 -16,58 9,32
26.07 -16,73 11,11
26.10 -16,73 12,91
26.13 -16,73 14,85
26.17 -16,73 16,64
26.20 -16,73 18,29
26.23 -16,88 19,94
26.27 -17,03 21,73
26.30 -17,17 23,38
26.33 -17,32 25,17
26.37 -17,47 26,96
26.40 -17,62 28,91
26.43 -17,77 30,85
26.47 -18,07 33,10
26.50 -18,22 35,34
26.53 -18,52 37,88
26.57 -18,81 40,57
26.60 -19,11 43,27
26.63 -19,26 45,96
26.67 -19,56 48,95
26.70 -19,86 51,79
26.73 -20,16 54,63
26.77 -20,46 57,32
26.80 -20,61 60,02
26.83 -20,76 62,86
26.87 -21,06 65,40
26.90 -21,21 67,34
26.93 -21,36 68,84
26.97 -21,36 69,74
27.00 -21,36 70,18
27.03 -21,36 70,18
27.07 -21,21 69,73
27.10 -21,06 69,29
27.13 -21,06 68,99
27.17 -20,91 69,14
27.20 -20,61 69,74
27.23 -20,47 70,34
27.27 -20,32 70,93
27.30 -20,17 71,24
27.33 -20,02 71,24
27.37 -20,02 71,09
27.40 -19,87 70,94
27.43 -19,87 70,64
27.47 -19,72 70,64
27.50 -19,57 70,64
27.53 -19,57 70,94
27.57 -19,42 71,09
27.60 -19,27 71,23
27.63 -19,27 71,23
27.67 -19,27 71,08
27.70 -19,12 71,08
27.73 -19,12 70,93
27.77 -19,12 70,78
27.80 -18,98 70,78
27.83 -18,98 70,78
27.87 -18,98 70,93
27.90 -18,83 70,93
27.93 -18,83 70,92
27.97 -18,83 70,92
28.00 -18,83 70,92
28.03 -18,68 70,92
28.07 -18,68 70,92
28.10 -18,68 70,92
28.13 -18,53 71,07
28.17 -18,53 71,22
28.20 -18,53 71,21
28.23 -18,53 71,21
28.27 -18,38 71,21
28.30 -18,38 71,07
28.33 -18,38 70,92
28.37 -18,38 70,77
28.40 -18,38 70,76
28.43 -18,23 70,76
28.47 -18,23 70,76
28.50 -18,23 70,46
28.53 -18,09 70,16
28.57 -18,08 69,41
28.60 -17,93 68,06
28.63 -17,93 66,12
28.67 -17,93 63,88
28.70 -17,93 61,78
28.73 -17,93 59,54
28.77 -17,78 57,45
28.80 -17,78 55,20
28.83 -17,63 53,11
28.87 -17,48 51,02
28.90 -17,33 48,77
28.93 -17,19 46,53
28.97 -17,18 44,13
29.00 -17,03 41,89
29.03 -16,88 39,65
29.07 -16,74 37,40
29.10 -16,59 35,16
29.13 -16,59 32,92
29.17 -16,59 30,67
29.20 -16,44 28,43
29.23 -16,29 26,19
29.27 -16,29 23,94
29.30 -16,29 21,70
29.33 -16,14 19,61
29.37 -16,14 17,21
29.40 -16,14 15,12
29.43 -16,14 13,03
29.47 -16,14 10,78
29.50 -16,14 8,54
29.53 -16,14 6,45
29.57 -16,14 4,20
29.60 -16,14 1,81
29.63 -16,14 -0,43
29.67 -16,29 -2,68
29.70 -16,29 -4,92
29.73 -16,29 -7,02
29.77 -16,44 -9,11
29.80 -16,59 -11,20
29.83 -16,74 -13,15
29.87 -16,89 -14,94
29.90 -17,19 -17,04
29.93 -17,34 -18,83
29.97 -17,64 -20,47
30.00 -17,79 -21,97
30.03 -18,09 -23,17
30.07 -18,39 -24,36
30.10 -18,54 -25,26
30.13 -18,84 -26,16
30.17 -18,99 -26,90
30.20 -19,14 -27,50
30.23 -19,29 -28,10
30.27 -19,44 -28,55
30.30 -19,58 -28,85
30.33 -19,58 -28,85
30.37 -19,44 -28,70
30.40 -19,44 -28,55
30.43 -19,29 -28,40
30.47 -19,14 -28,25
30.50 -19,00 -28,24
30.53 -18,84 -28,39
30.57 -18,54 -28,54
30.60 -18,10 -28,69
30.63 -17,80 -28,39
30.67 -17,35 -27,34
30.70 -16,90 -25,70
30.73 -16,30 -23,75
30.77 -16,15 -21,66
30.80 -15,85 -19,42
30.83 -15,70 -17,32
30.87 -15,40 -15,23
30.90 -15,40 -13,13
30.93 -15,40 -11,34
30.97 -15,55 -9,40
31.00 -15,55 -7,75
31.03 -15,70 -5,96
31.07 -16,00 -4,16
31.10 -16,15 -2,37
31.13 -16,45 -0,72
31.17 -16,60 0,92
31.20 -16,90 2,57
31.23 -17,05 4,21
31.27 -17,34 6,01
31.30 -17,49 7,65
31.33 -17,79 9,30
31.37 -17,94 10,94
31.40 -18,09 12,44
31.43 -18,39 14,08
31.47 -18,54 15,58
31.50 -18,69 17,07
31.53 -18,99 18,57
31.57 -18,99 19,77
31.60 -19,29 21,26
31.63 -19,44 22,61
31.67 -19,59 23,95
31.70 -19,74 25,30
31.73 -19,74 26,65
31.77 -19,89 28,14
31.80 -19,89 29,64
31.83 -20,04 31,13
31.87 -20,19 32,78
31.90 -20,33 34,57
31.93 -20,34 36,52
31.97 -20,49 38,46
32.00 -20,64 40,41
32.03 -20,79 42,65
32.07 -20,94 45,04
32.10 -21,09 47,43
32.13 -21,24 49,98
32.17 -21,39 52,52
32.20 -21,68 55,06
32.23 -21,83 57,75
32.27 -21,98 60,29
32.30 -22,13 62,99
32.33 -22,28 65,53
32.37 -22,43 67,92
32.40 -22,58 69,57
32.43 -22,73 70,61
32.47 -22,73 71,06
32.50 -22,88 70,76
32.53 -22,88 70,16
32.57 -22,73 69,27
32.60 -22,73 68,82
32.63 -22,57 68,82
32.67 -22,28 69,27
32.70 -22,13 70,02
32.73 -21,83 70,62
32.77 -21,68 70,92
32.80 -21,38 70,92
32.83 -21,23 70,62
32.87 -20,93 70,02
32.90 -20,63 69,72
32.93 -20,18 69,72
32.97 -19,73 69,72
33.00 -19,28 70,03
33.03 -18,69 70,47
33.07 -18,09 70,77
33.10 -17,34 70,92
33.13 -16,59 70,92
33.17 -15,85 70,92
33.20 -14,95 70,92
33.23 -14,05 70,92
33.27 -13,00 70,92
33.30 -11,95 70,77
33.33 -10,76 70,47
33.37 -9,56 70,32
33.40 -8,37 70,17
33.43 -6,87 70,17
33.47 -5,52 70,17
33.50 -4,18 69,87
