#Kinovea Trajectory data export
#T X Y

# Trajectory 1
4.07 -3,02 17,60
4.10 -2,87 17,75
4.13 -2,87 17,89
4.17 -2,72 18,05
4.20 -2,72 18,20
4.23 -2,73 18,66
4.27 -2,73 18,96
4.30 -2,73 19,41
4.33 -2,88 19,73
4.37 -2,88 20,34
4.40 -3,03 20,95
4.43 -3,03 21,56
4.47 -3,02 22,01
4.50 -2,87 22,62
4.53 -2,88 23,23
4.57 -3,03 23,84
4.60 -3,03 24,61
4.63 -3,18 25,68
4.67 -3,49 26,60
4.70 -3,64 27,67
4.73 -3,80 28,74
4.77 -4,10 29,81
4.80 -4,41 31,04
4.83 -4,71 32,42
4.87 -5,17 33,80
4.90 -5,48 35,33
4.93 -5,79 36,86
4.97 -6,24 38,55
5.00 -6,55 40,23
5.03 -6,85 41,92
5.07 -6,86 43,60
5.10 -7,01 45,29
5.13 -7,16 47,13
5.17 -7,16 48,81
5.20 -7,16 50,65
5.23 -7,16 52,34
5.27 -7,16 54,17
5.30 -7,16 55,86
5.33 -7,01 57,55
5.37 -6,86 59,23
5.40 -6,71 60,92
5.43 -6,56 62,60
5.47 -6,25 64,13
5.50 -6,09 65,36
5.53 -5,79 66,58
5.57 -5,48 67,50
5.60 -5,17 68,27
5.63 -4,86 68,88
5.67 -4,41 69,19
5.70 -3,95 69,19
5.73 -3,33 69,03
5.77 -2,87 68,73
5.80 -2,41 68,58
5.83 -2,11 68,43
5.87 -1,96 68,58
5.90 -1,96 68,58
5.93 -1,96 68,74
5.97 -1,96 68,89
6.00 -1,96 69,05
6.03 -1,81 69,20
6.07 -1,81 69,20
6.10 -1,66 69,20
6.13 -1,66 69,20
6.17 -1,81 69,04
6.20 -1,81 68,89
6.23 -2,27 68,58
6.27 -2,42 68,28
6.30 -2,58 67,97
6.33 -2,88 67,51
6.37 -3,04 67,05
6.40 -3,34 66,28
6.43 -3,65 65,67
6.47 -3,80 64,90
6.50 -3,96 64,13
6.53 -4,26 63,21
6.57 -4,41 62,30
6.60 -4,41 61,37
6.63 -4,56 60,15
6.67 -4,56 59,08
6.70 -4,56 57,85
6.73 -4,41 56,63
6.77 -4,41 55,56
6.80 -4,25 54,33
6.83 -4,09 53,26
6.87 -3,79 52,03
6.90 -3,64 50,96
6.93 -3,48 49,73
6.97 -3,18 48,66
7.00 -3,02 47,43
7.03 -2,87 46,21
7.07 -2,87 45,13
7.10 -2,72 43,91
7.13 -2,71 42,68
7.17 -2,56 41,30
7.20 -2,56 40,08
7.23 -2,56 38,85
7.27 -2,40 37,62
7.30 -2,40 36,40
7.33 -2,25 35,17
7.37 -2,25 33,95
7.40 -2,25 32,72
7.43 -2,10 31,49
7.47 -1,95 30,26
7.50 -1,79 29,19
7.53 -1,79 28,12
7.57 -1,64 27,20
7.60 -1,49 26,28
7.63 -1,33 25,36
7.67 -1,03 24,60
7.70 -0,88 23,83
7.73 -0,88 22,91
7.77 -0,88 22,15
7.80 -1,03 21,38
7.83 -1,02 20,62
7.87 -1,02 20,00
7.90 -0,87 19,39
7.93 -0,87 18,93
7.97 -1,02 18,47
8.00 -1,03 18,01
8.03 -1,18 17,71
8.07 -1,33 17,86
8.10 -1,48 18,01
8.13 -1,48 18,01
8.17 -1,32 18,16
8.20 -1,32 18,31
8.23 -1,16 18,77
8.27 -1,17 19,23
8.30 -1,17 20,00
8.33 -1,17 20,76
8.37 -1,17 21,53
8.40 -1,32 22,44
8.43 -1,47 23,36
8.47 -1,62 24,29
8.50 -1,78 25,36
8.53 -1,93 26,58
8.57 -2,09 27,65
8.60 -2,39 28,88
8.63 -2,54 30,10
8.67 -2,85 31,48
8.70 -3,31 32,86
8.73 -3,62 34,54
8.77 -3,92 36,23
8.80 -4,23 38,07
8.83 -4,53 39,90
8.87 -4,69 41,89
8.90 -4,69 43,73
8.93 -4,84 45,57
8.97 -4,84 47,56
9.00 -4,84 49,55
9.03 -4,69 51,70
9.07 -4,68 53,54
9.10 -4,38 55,68
9.13 -4,23 57,52
9.17 -4,07 59,35
9.20 -3,76 61,04
9.23 -3,46 62,57
9.27 -3,15 63,95
9.30 -2,85 65,18
9.33 -2,70 66,10
9.37 -2,39 67,02
9.40 -2,24 67,63
9.43 -2,08 67,94
9.47 -2,08 68,09
9.50 -1,93 68,09
9.53 -1,93 68,09
9.57 -1,93 68,09
9.60 -1,62 68,09
9.63 -1,78 68,24
9.67 -2,08 68,55
9.70 -2,39 68,86
9.73 -2,69 69,16
9.77 -2,85 69,31
9.80 -2,84 69,31
9.83 -3,15 69,31
9.87 -3,61 69,16
9.90 -3,92 68,86
9.93 -4,37 68,40
9.97 -4,53 67,79
10.00 -4,83 67,18
10.03 -5,29 66,26
10.07 -5,60 65,34
10.10 -5,91 64,42
10.13 -6,21 63,35
10.17 -6,36 62,28
10.20 -6,52 61,21
10.23 -6,67 60,13
10.27 -6,67 58,91
10.30 -6,52 57,69
10.33 -6,37 56,46
10.37 -6,06 55,24
10.40 -5,91 54,01
10.43 -5,75 52,78
10.47 -5,45 51,56
10.50 -5,29 50,18
10.53 -4,99 48,95
10.57 -4,68 47,73
10.60 -4,53 46,50
10.63 -4,37 45,27
10.67 -4,21 43,89
10.70 -4,06 42,36
10.73 -3,90 40,98
10.77 -3,75 39,45
10.80 -3,75 38,22
10.83 -3,75 36,84
10.87 -3,60 35,47
10.90 -3,60 34,24
10.93 -3,60 33,02
10.97 -3,45 31,79
11.00 -3,29 30,72
11.03 -2,99 29,49
11.07 -2,84 28,42
11.10 -2,68 27,50
11.13 -2,53 26,58
11.17 -2,37 25,82
11.20 -2,22 24,90
11.23 -2,22 23,98
11.27 -2,22 23,06
11.30 -2,22 22,14
11.33 -2,37 21,22
11.37 -2,37 20,46
11.40 -2,37 19,84
11.43 -2,36 19,23
11.47 -2,37 18,62
11.50 -2,52 18,62
11.53 -2,66 18,92
11.57 -2,67 19,08
11.60 -2,67 19,07
11.63 -2,51 18,92
11.67 -2,36 19,08
11.70 -2,36 19,23
11.73 -2,35 19,70
11.77 -2,51 20,31
11.80 -2,66 20,93
11.83 -2,81 21,69
11.87 -2,96 22,46
11.90 -2,81 23,23
11.93 -3,12 24,30
11.97 -3,42 25,22
12.00 -3,58 26,14
12.03 -3,73 27,06
12.07 -3,89 28,13
12.10 -4,04 29,20
12.13 -4,35 30,42
12.17 -4,35 31,80
12.20 -4,65 33,18
12.23 -4,96 34,72
12.27 -4,96 36,25
12.30 -5,27 38,09
12.33 -5,42 39,77
12.37 -5,57 41,61
12.40 -5,57 43,45
12.43 -5,57 45,14
12.47 -5,57 47,43
12.50 -5,57 49,27
12.53 -5,57 51,11
12.57 -5,26 53,56
12.60 -5,26 55,40
12.63 -5,11 57,24
12.67 -4,96 59,38
12.70 -4,65 61,22
12.73 -4,50 63,21
12.77 -4,19 64,90
12.80 -4,04 66,28
12.83 -3,88 67,81
12.87 -3,58 68,88
12.90 -3,58 69,65
12.93 -3,42 70,11
12.97 -2,96 70,26
13.00 -2,81 70,11
13.03 -2,51 69,96
13.07 -2,35 69,65
13.10 -2,20 69,50
13.13 -2,20 69,50
13.17 -2,36 69,51
13.20 -2,51 69,66
13.23 -2,66 69,66
13.27 -2,82 69,50
13.30 -2,97 69,04
13.33 -3,13 68,43
13.37 -3,43 67,51
13.40 -3,58 66,59
13.43 -3,74 65,52
13.47 -3,89 64,29
13.50 -4,05 63,22
13.53 -4,20 61,99
13.57 -4,20 60,77
13.60 -4,20 59,54
13.63 -4,20 58,16
13.67 -4,20 56,78
13.70 -4,04 55,40
13.73 -3,89 54,03
13.77 -3,58 52,80
13.80 -3,43 51,58
13.83 -3,28 50,35
13.87 -3,13 49,13
13.90 -2,98 47,75
13.93 -2,82 46,52
13.97 -2,52 45,45
14.00 -2,36 44,38
14.03 -2,06 43,16
14.07 -2,05 41,78
14.10 -1,75 40,40
14.13 -1,75 39,17
14.17 -1,74 37,79
14.20 -1,59 36,41
14.23 -1,29 35,03
14.27 -1,13 33,81
14.30 -1,13 32,43
14.33 -1,13 31,21
14.37 -0,83 29,98
14.40 -0,52 28,76
14.43 -0,37 27,68
14.47 -0,36 26,61
14.50 -0,36 25,54
14.53 -0,21 24,62
14.57 -0,06 23,70
14.60 -0,06 22,78
14.63 -0,06 22,02
14.67 -0,06 21,41
14.70 -0,21 20,80
14.73 -0,36 20,34
14.77 -0,37 19,88
14.80 -0,37 19,42
14.83 -0,37 18,96
14.87 -0,37 18,80
14.90 -0,37 18,96
14.93 -0,37 19,42
14.97 -0,22 19,88
15.00 -0,22 20,34
15.03 -0,06 21,10
15.07 -0,06 21,87
15.10 -0,21 22,64
15.13 -0,37 23,71
15.17 -0,68 24,78
15.20 -1,14 26,01
15.23 -1,60 27,39
15.27 -1,91 28,61
15.30 -2,06 29,68
15.33 -2,37 30,76
15.37 -2,68 31,99
15.40 -3,14 33,52
15.43 -3,44 34,74
15.47 -4,06 36,27
15.50 -4,36 37,80
15.53 -4,82 39,49
15.57 -5,28 41,17
15.60 -5,74 43,01
15.63 -5,89 44,54
15.67 -6,05 46,08
15.70 -6,20 47,76
15.73 -6,51 49,45
15.77 -6,51 51,13
15.80 -6,81 52,97
15.83 -6,81 54,81
15.87 -6,81 56,50
15.90 -6,81 58,18
15.93 -6,65 60,32
15.97 -6,65 61,70
16.00 -6,50 63,08
16.03 -6,50 64,62
16.07 -6,19 65,99
16.10 -6,04 67,07
16.13 -5,89 67,99
16.17 -5,73 68,60
16.20 -5,58 68,91
16.23 -5,27 69,06
16.27 -5,12 68,91
16.30 -4,66 68,60
16.33 -4,66 68,29
16.37 -4,51 67,99
16.40 -4,35 67,83
16.43 -4,36 67,68
16.47 -4,36 67,68
16.50 -4,36 67,69
16.53 -4,51 67,84
16.57 -4,66 67,84
16.60 -4,66 67,84
16.63 -4,51 67,84
16.67 -4,51 67,69
16.70 -4,51 67,68
16.73 -4,36 67,53
16.77 -4,51 67,53
16.80 -4,66 67,38
16.83 -4,51 67,37
16.87 -4,51 67,22
16.90 -4,51 67,22
16.93 -4,67 67,38
16.97 -4,82 67,38
17.00 -4,82 67,38
17.03 -4,66 67,38
17.07 -4,51 67,53
17.10 -4,51 67,53
17.13 -4,51 67,68
17.17 -4,51 67,68
17.20 -4,51 67,68
17.23 -4,52 67,68
17.27 -4,52 67,53
17.30 -4,51 67,22
17.33 -4,67 66,76
17.37 -4,67 66,30
17.40 -4,82 65,53
17.43 -4,97 64,76
17.47 -5,13 63,69
17.50 -5,28 62,62
17.53 -5,28 61,55
17.57 -5,29 60,32
17.60 -5,44 59,10
17.63 -5,29 58,03
17.67 -5,28 56,80
17.70 -5,28 55,73
17.73 -5,12 54,50
17.77 -4,97 53,28
17.80 -4,67 52,06
17.83 -4,52 50,83
17.87 -4,36 49,61
17.90 -4,06 48,53
17.93 -3,90 47,46
17.97 -3,75 46,54
18.00 -3,60 45,47
18.03 -3,59 44,40
18.07 -3,44 43,33
18.10 -3,44 42,10
18.13 -3,29 40,88
18.17 -3,44 39,65
18.20 -3,44 38,42
18.23 -3,44 37,20
18.27 -3,44 35,97
18.30 -3,29 34,90
18.33 -3,29 33,83
18.37 -3,29 32,76
18.40 -2,98 31,53
18.43 -2,68 30,46
18.47 -2,52 29,39
18.50 -2,37 28,32
18.53 -2,21 27,39
18.57 -2,06 26,32
18.60 -1,75 25,25
18.63 -1,60 24,18
18.67 -1,45 23,26
18.70 -1,45 22,33
18.73 -1,45 21,42
18.77 -1,45 20,65
18.80 -1,45 19,88
18.83 -1,30 19,27
18.87 -1,29 18,66
18.90 -1,14 18,65
18.93 -1,14 18,97
18.97 -0,83 19,43
19.00 -0,68 19,90
19.03 -0,52 20,66
19.07 -0,37 21,42
19.10 -0,37 22,19
19.13 -0,52 23,11
19.17 -0,83 23,88
19.20 -1,13 24,80
19.23 -1,44 25,87
19.27 -1,75 26,94
19.30 -2,05 28,01
19.33 -2,36 29,08
19.37 -2,52 30,00
19.40 -2,82 31,08
19.43 -3,13 32,30
19.47 -3,44 33,53
19.50 -3,74 34,76
19.53 -4,05 36,14
19.57 -4,35 37,52
19.60 -4,66 39,05
19.63 -4,97 40,73
19.67 -5,27 42,26
19.70 -5,27 43,80
19.73 -5,42 45,33
19.77 -5,42 46,86
19.80 -5,43 48,55
19.83 -5,43 50,23
19.87 -5,43 51,76
19.90 -5,43 53,45
19.93 -5,43 54,98
19.97 -5,28 57,89
20.00 -5,13 59,27
20.03 -4,97 60,50
20.07 -4,82 61,72
20.10 -4,82 62,79
20.13 -4,67 63,86
20.17 -4,66 64,63
20.20 -4,51 65,55
20.23 -4,51 66,32
20.27 -4,51 66,93
20.30 -4,52 67,39
20.33 -4,51 67,69
20.37 -4,52 67,69
20.40 -4,37 67,54
20.43 -3,91 67,39
20.47 -3,75 67,08
20.50 -3,60 66,93
20.53 -3,60 66,93
20.57 -3,75 67,08
20.60 -4,06 67,23
20.63 -4,06 67,38
20.67 -4,22 67,39
20.70 -4,38 67,54
20.73 -4,53 67,39
20.77 -4,69 67,24
20.80 -4,84 67,08
20.83 -5,14 66,62
20.87 -5,30 66,16
20.90 -5,60 65,54
20.93 -5,90 64,93
20.97 -6,21 64,16
21.00 -6,36 63,24
21.03 -6,52 62,32
21.07 -6,82 61,25
21.10 -6,97 60,17
21.13 -6,97 58,95
21.17 -7,12 57,72
21.20 -6,82 56,65
21.23 -6,82 55,42
21.27 -6,67 54,20
21.30 -6,52 52,97
21.33 -6,36 51,74
21.37 -6,21 50,37
21.40 -6,06 49,14
21.43 -5,91 47,91
21.47 -5,60 46,84
21.50 -5,29 45,76
21.53 -5,14 44,39
21.57 -4,99 43,16
21.60 -4,99 41,78
21.63 -4,98 40,56
21.67 -4,83 39,33
21.70 -4,83 37,95
21.73 -4,83 36,58
21.77 -4,53 35,50
21.80 -4,38 34,28
21.83 -4,23 33,20
21.87 -4,07 32,13
21.90 -3,76 31,06
21.93 -3,45 29,98
21.97 -3,15 28,91
22.00 -2,99 27,99
22.03 -2,84 26,92
22.07 -2,53 26,00
22.10 -2,22 24,93
22.13 -2,07 24,01
22.17 -2,07 23,10
22.20 -1,91 22,33
22.23 -1,92 21,56
22.27 -1,92 20,95
22.30 -1,92 20,34
22.33 -1,91 19,88
22.37 -1,76 19,42
22.40 -1,76 19,11
22.43 -1,76 19,11
22.47 -1,76 19,42
22.50 -1,46 19,72
22.53 -1,30 19,88
22.57 -1,15 20,34
22.60 -1,00 20,96
22.63 -1,15 21,72
22.67 -1,15 22,48
22.70 -1,46 23,25
22.73 -1,76 24,17
22.77 -2,07 25,24
22.80 -2,38 26,16
22.83 -2,69 26,93
22.87 -2,84 27,85
22.90 -2,99 28,76
22.93 -3,15 29,69
22.97 -3,30 30,76
23.00 -3,46 31,83
23.03 -3,61 32,91
23.07 -3,77 33,98
23.10 -3,93 35,21
23.13 -4,23 36,58
23.17 -4,38 37,81
23.20 -4,53 39,19
23.23 -4,69 40,72
23.27 -4,99 42,25
23.30 -4,99 43,63
23.33 -4,99 45,01
23.37 -4,99 46,39
23.40 -5,14 47,92
23.43 -5,14 49,45
23.47 -5,15 50,83
23.50 -5,15 52,36
23.53 -5,30 53,89
23.57 -5,30 55,58
23.60 -5,30 57,11
23.63 -5,29 58,64
23.67 -5,29 60,17
23.70 -5,14 61,55
23.73 -5,14 62,78
23.77 -5,14 64,00
23.80 -5,14 65,07
23.83 -4,99 66,15
23.87 -4,99 67,22
23.90 -4,99 67,98
23.93 -4,99 68,60
23.97 -4,99 69,06
24.00 -4,99 69,37
24.03 -4,83 69,37
24.07 -4,67 69,21
24.10 -4,37 69,06
24.13 -4,21 68,91
24.17 -4,07 68,75
24.20 -4,07 68,75
24.23 -4,07 68,60
24.27 -4,07 68,75
24.30 -4,07 68,75
24.33 -4,07 68,75
24.37 -4,07 68,75
24.40 -4,08 68,75
24.43 -4,08 68,75
24.47 -4,08 68,76
24.50 -4,08 68,75
24.53 -4,23 68,60
24.57 -4,23 68,60
24.60 -4,23 68,45
24.63 -4,23 68,30
24.67 -4,23 68,29
24.70 -4,23 68,14
24.73 -4,23 67,99
24.77 -4,22 67,99
24.80 -4,22 67,99
24.83 -4,07 67,99
24.87 -4,07 67,99
24.90 -4,06 67,98
24.93 -3,91 67,98
24.97 -3,91 67,98
25.00 -3,75 67,99
25.03 -3,61 67,99
25.07 -3,61 67,99
25.10 -3,60 67,99
25.13 -3,60 67,99
25.17 -3,45 67,84
25.20 -3,60 67,53
25.23 -3,60 67,23
25.27 -3,75 66,77
25.30 -3,75 66,16
25.33 -4,05 65,39
25.37 -4,20 64,47
25.40 -4,35 63,55
25.43 -4,51 62,48
25.47 -4,66 61,40
25.50 -4,97 60,18
25.53 -5,12 58,96
25.57 -5,12 57,88
25.60 -5,27 56,66
25.63 -5,27 55,59
25.67 -5,11 54,67
25.70 -5,11 53,60
25.73 -4,96 52,53
25.77 -4,96 51,46
25.80 -4,81 50,39
25.83 -4,81 49,32
25.87 -4,80 48,24
25.90 -4,50 47,32
25.93 -4,35 46,41
25.97 -4,20 45,33
26.00 -4,19 44,26
26.03 -4,04 43,04
26.07 -3,89 41,81
26.10 -3,89 40,58
26.13 -4,04 39,21
26.17 -3,89 37,98
26.20 -3,74 36,75
26.23 -3,58 35,53
26.27 -3,43 34,46
26.30 -3,28 33,23
26.33 -3,12 32,16
26.37 -2,82 31,09
26.40 -2,51 30,01
26.43 -2,35 28,79
26.47 -2,20 27,72
26.50 -2,05 26,65
26.53 -1,90 25,58
26.57 -1,75 24,66
26.60 -1,74 23,74
26.63 -1,74 22,98
26.67 -1,74 22,21
26.70 -1,89 21,44
26.73 -1,89 20,83
26.77 -1,89 20,06
26.80 -1,74 19,60
26.83 -1,74 18,99
26.87 -1,75 18,84
26.90 -1,90 19,29
26.93 -1,90 19,45
26.97 -1,74 19,60
27.00 -1,44 19,75
27.03 -1,28 20,06
27.07 -1,13 20,67
27.10 -1,12 21,27
27.13 -1,27 21,89
27.17 -1,42 22,65
27.20 -1,58 23,42
27.23 -1,88 24,19
27.27 -2,04 24,95
27.30 -2,34 25,72
27.33 -2,49 26,49
27.37 -2,64 27,25
27.40 -2,64 28,02
27.43 -2,80 28,94
27.47 -2,95 29,86
27.50 -3,11 30,78
27.53 -3,41 31,85
27.57 -3,71 33,07
27.60 -3,86 34,30
27.63 -4,02 35,67
27.67 -4,17 37,05
27.70 -4,48 38,43
27.73 -4,63 39,81
27.77 -4,79 41,34
27.80 -4,79 42,72
27.83 -4,79 44,25
27.87 -4,94 45,78
27.90 -4,94 47,32
27.93 -4,94 49,00
27.97 -4,94 50,53
28.00 -4,94 52,06
28.03 -4,94 53,60
28.07 -4,93 55,13
28.10 -4,93 56,66
28.13 -4,78 58,19
28.17 -4,78 59,57
28.20 -4,63 60,95
28.23 -4,63 62,17
28.27 -4,48 63,25
28.30 -4,48 64,32
28.33 -4,33 65,39
28.37 -4,33 66,31
28.40 -4,33 67,08
28.43 -4,33 67,84
28.47 -4,49 68,30
28.50 -4,64 68,76
28.53 -4,79 68,92
28.57 -4,64 68,92
28.60 -4,48 68,77
28.63 -4,33 68,61
28.67 -4,17 68,31
28.70 -4,01 68,16
28.73 -4,01 68,16
28.77 -4,01 68,16
28.80 -4,02 68,16
28.83 -4,17 68,31
28.87 -4,32 68,31
28.90 -4,32 68,47
28.93 -4,32 68,47
28.97 -4,47 68,47
29.00 -4,47 68,46
29.03 -4,62 68,31
29.07 -4,62 68,31
29.10 -4,62 68,16
29.13 -4,78 68,15
29.17 -4,92 68,00
29.20 -4,93 67,99
29.23 -5,09 67,84
29.27 -5,24 67,84
29.30 -5,40 67,69
29.33 -5,55 67,54
29.37 -5,55 67,39
29.40 -5,70 67,24
29.43 -5,70 67,09
29.47 -5,70 67,09
29.50 -5,85 66,93
29.53 -5,85 66,93
29.57 -5,85 66,93
29.60 -6,00 66,93
29.63 -6,00 66,93
29.67 -6,00 66,93
29.70 -6,00 66,93
29.73 -6,00 66,93
29.77 -6,00 66,93
29.80 -6,00 66,78
29.83 -6,00 66,77
29.87 -6,00 66,62
29.90 -6,15 66,62
29.93 -6,15 66,46
29.97 -6,30 66,17
30.00 -6,45 66,02
30.03 -6,45 65,87
30.07 -6,61 65,72
30.10 -6,75 65,72
30.13 -6,75 65,71
30.17 -6,90 65,56
30.20 -6,90 65,40
30.23 -7,05 65,10
30.27 -7,05 64,64
30.30 -7,06 64,18
30.33 -7,21 63,41
30.37 -7,36 62,49
30.40 -7,36 61,72
30.43 -7,51 60,65
30.47 -7,51 59,73
30.50 -7,66 58,66
30.53 -7,66 57,74
30.57 -7,66 56,67
30.60 -7,66 55,60
30.63 -7,51 54,52
30.67 -7,51 53,45
30.70 -7,36 52,38
30.73 -7,20 51,46
30.77 -7,05 50,39
30.80 -6,89 49,32
30.83 -6,74 48,40
30.87 -6,28 47,48
30.90 -5,98 46,56
30.93 -5,83 45,49
30.97 -5,52 44,42
31.00 -5,37 43,35
31.03 -5,21 42,43
31.07 -5,06 41,20
31.10 -4,91 40,13
31.13 -4,75 39,06
31.17 -4,60 37,99
31.20 -4,45 36,92
31.23 -4,44 35,84
31.27 -4,30 34,62
31.30 -4,29 33,55
31.33 -3,99 32,48
31.37 -3,99 31,56
31.40 -3,99 30,49
31.43 -3,99 29,72
31.47 -3,99 28,96
31.50 -3,83 28,04
31.53 -3,68 27,28
31.57 -3,68 26,51
31.60 -3,68 25,74
31.63 -3,68 24,98
31.67 -3,53 24,21
31.70 -3,53 23,45
31.73 -3,52 22,83
31.77 -3,52 22,22
31.80 -3,51 21,60
31.83 -3,51 21,00
31.87 -3,36 20,53
31.90 -3,35 19,92
31.93 -3,20 19,16
31.97 -3,20 18,54
32.00 -3,04 18,54
32.03 -2,89 19,00
32.07 -2,75 19,62
32.10 -2,74 20,38
32.13 -2,74 21,15
32.17 -2,74 22,06
32.20 -2,89 22,83
32.23 -3,04 23,75
32.27 -3,20 24,67
32.30 -3,50 25,74
32.33 -3,65 26,66
32.37 -3,81 27,42
32.40 -3,96 28,34
32.43 -4,11 29,11
32.47 -4,27 29,87
32.50 -4,41 30,64
32.53 -4,41 31,41
32.57 -4,40 32,33
32.60 -4,41 33,09
32.63 -4,41 34,01
32.67 -4,56 34,78
32.70 -4,56 35,85
32.73 -4,71 36,62
32.77 -4,71 37,69
32.80 -4,86 38,61
32.83 -4,87 39,68
32.87 -5,02 40,60
32.90 -5,02 41,67
32.93 -5,01 42,59
32.97 -5,01 43,66
33.00 -5,01 44,58
33.03 -4,85 45,65
33.07 -4,85 46,57
33.10 -4,85 47,48
33.13 -4,70 48,56
33.17 -4,70 49,78
33.20 -4,70 50,85
33.23 -4,85 51,78
33.27 -4,85 53,00
33.30 -4,85 54,07
33.33 -4,70 55,14
33.37 -4,69 56,21
33.40 -4,54 57,28
33.43 -4,54 58,20
33.47 -4,40 59,27
33.50 -4,40 60,19
33.53 -4,25 61,11
33.57 -4,25 62,03
33.60 -4,24 62,95
33.63 -4,09 63,87
33.67 -4,09 64,63
33.70 -4,10 65,55
33.73 -4,10 66,16
33.77 -4,09 66,77
33.80 -3,94 67,08
33.83 -3,62 67,08
33.87 -3,16 66,92
33.90 -2,69 66,46
33.93 -2,24 66,16
33.97 -2,09 65,86
34.00 -2,09 65,85
34.03 -2,09 65,85
34.07 -2,24 65,85
34.10 -2,24 66,01
34.13 -2,08 66,31
34.17 -1,93 66,46
34.20 -1,77 66,47
34.23 -1,62 66,62
34.27 -1,47 66,62
34.30 -1,32 66,63
34.33 -1,16 66,63
34.37 -1,01 66,78
34.40 -1,01 66,78
34.43 -1,02 66,79
34.47 -1,02 66,94
34.50 -1,17 66,79
34.53 -1,33 66,63
34.57 -1,48 66,33
34.60 -1,63 66,02
34.63 -1,79 65,41
34.67 -1,94 64,95
34.70 -2,09 64,34
34.73 -2,25 63,72
34.77 -2,55 62,96
34.80 -2,70 62,19
34.83 -2,70 61,43
34.87 -2,85 60,66
34.90 -2,86 59,74
34.93 -3,01 58,82
34.97 -3,17 57,75
35.00 -3,17 56,68
35.03 -3,17 55,76
35.07 -3,17 54,69
35.10 -3,17 53,62
35.13 -3,17 52,70
35.17 -3,17 51,63
35.20 -2,87 50,71
35.23 -2,87 49,64
35.27 -2,71 48,72
35.30 -2,56 47,80
35.33 -2,41 46,88
35.37 -2,11 45,96
35.40 -1,95 45,04
35.43 -1,80 43,97
35.47 -1,64 42,75
35.50 -1,49 41,52
35.53 -1,34 40,30
35.57 -1,34 39,22
35.60 -1,49 38,00
35.63 -1,49 36,77
35.67 -1,34 35,70
35.70 -1,34 34,63
35.73 -1,49 33,55
35.77 -1,64 32,33
35.80 -1,49 31,11
35.83 -1,33 29,88
35.87 -1,18 28,81
35.90 -1,33 27,74
35.93 -1,48 26,67
35.97 -1,63 25,60
36.00 -1,63 24,52
36.03 -1,63 23,45
36.07 -1,79 22,23
36.10 -1,94 21,00
36.13 -2,09 19,77
36.17 -2,24 18,55
36.20 -2,55 19,16
36.23 -2,55 19,78
36.27 -2,40 19,17
36.30 -2,10 19,47
36.33 -1,94 19,31
36.37 -1,79 19,31
36.40 -1,79 19,31
36.43 -1,63 19,16
36.47 -1,48 19,16
36.50 -1,33 19,31
36.53 -1,33 19,16
36.57 -1,17 19,31
36.60 -1,17 19,16
36.63 -1,17 19,16
36.67 -1,17 19,17
36.70 -1,02 19,17
36.73 -1,17 19,17
36.77 -1,17 19,17
36.80 -1,17 19,17
36.83 -1,17 19,17
36.87 -1,32 19,17
36.90 -1,32 19,17
36.93 -1,47 19,17
36.97 -1,48 19,17
37.00 -1,63 19,17
37.03 -1,78 19,17
37.07 -1,78 19,17
37.10 -1,78 19,33
37.13 -1,93 19,18
37.17 -2,09 19,18
37.20 -2,09 19,18
37.23 -2,24 19,18
37.27 -2,24 19,18
37.30 -2,39 19,18
37.33 -2,39 19,18
37.37 -2,55 19,18
37.40 -2,54 19,17
37.43 -2,39 19,17
