#Kinovea Trajectory data export
#T X Y

# Trajectory 1
0.03 -46,67 23,11
0.07 -46,67 23,11
0.10 -46,67 23,11
0.13 -46,67 23,11
0.17 -46,67 23,11
0.20 -46,67 23,11
0.23 -46,67 23,11
0.27 -46,67 23,11
0.30 -46,67 23,11
0.33 -46,67 23,11
0.37 -46,67 23,11
0.40 -46,67 23,11
0.43 -46,67 23,11
0.47 -46,67 23,11
0.50 -46,67 23,11
0.53 -46,67 23,11
0.57 -46,67 23,11
0.60 -46,67 23,11
0.63 -46,67 23,11
0.67 -46,67 23,11
0.70 -46,67 23,11
0.73 -46,67 23,11
0.77 -46,67 23,11
0.80 -46,67 23,11
0.83 -46,67 23,11
0.87 -46,67 23,11
0.90 -46,67 23,11
0.93 -46,67 23,11
0.97 -46,67 23,11
1.00 -46,67 23,11
1.03 -46,67 23,11
1.07 -46,67 23,11
1.10 -46,67 23,11
1.13 -46,66 23,11
1.17 -46,67 23,11
1.20 -46,67 23,11
1.23 -46,67 23,10
1.27 -46,67 23,10
1.30 -46,67 23,10
1.33 -46,66 23,10
1.37 -46,66 23,10
1.40 -46,53 23,10
1.43 -46,53 23,10
1.47 -46,53 23,10
1.50 -46,66 23,10
1.53 -46,66 23,10
1.57 -46,66 23,10
1.60 -46,52 23,10
1.63 -46,53 23,10
1.67 -46,53 23,09
1.70 -46,53 23,09
1.73 -46,53 23,09
1.77 -46,53 23,09
1.80 -46,53 23,09
1.83 -46,53 23,09
1.87 -46,53 22,95
1.90 -46,53 22,95
1.93 -46,53 22,95
1.97 -46,53 22,96
2.00 -46,53 22,96
2.03 -46,53 22,96
2.07 -46,53 22,96
2.10 -46,53 22,96
2.13 -46,53 22,96
2.17 -46,52 22,96
2.20 -46,52 22,82
2.23 -46,52 22,82
2.27 -46,66 22,82
2.30 -46,66 22,82
2.33 -46,94 22,96
2.37 -47,22 23,23
2.40 -47,50 23,51
2.43 -47,91 23,93
2.47 -48,19 24,35
2.50 -48,05 24,76
2.53 -47,77 25,18
2.57 -47,63 25,59
2.60 -47,36 25,87
2.63 -47,08 26,29
2.67 -46,94 26,70
2.70 -46,67 27,12
2.73 -46,53 27,40
2.77 -46,25 27,81
2.80 -45,97 27,95
2.83 -45,70 28,23
2.87 -45,28 28,51
2.90 -45,00 28,78
2.93 -44,45 29,20
2.97 -44,03 29,62
3.00 -43,48 30,17
3.03 -42,78 30,86
3.07 -42,09 31,42
3.10 -41,25 31,83
3.13 -40,42 32,11
3.17 -39,59 32,25
3.20 -38,76 32,39
3.23 -37,79 32,39
3.27 -36,96 32,39
3.30 -36,26 32,39
3.33 -35,71 32,39
3.37 -35,15 32,25
3.40 -34,74 32,25
3.43 -34,46 32,11
3.47 -34,18 31,97
3.50 -33,90 31,83
3.53 -33,63 31,97
3.57 -33,49 32,11
3.60 -33,35 32,24
3.63 -33,07 32,25
3.67 -32,93 32,39
3.70 -32,65 32,52
3.73 -32,51 32,66
3.77 -32,24 32,66
3.80 -31,96 32,80
3.83 -31,82 32,80
3.87 -31,68 32,94
3.90 -31,41 32,80
3.93 -31,27 32,80
3.97 -31,13 32,67
4.00 -30,85 32,53
4.03 -30,71 32,39
4.07 -30,57 32,25
4.10 -30,57 32,25
4.13 -30,44 32,25
4.17 -30,44 32,11
4.20 -30,44 32,25
4.23 -30,44 32,25
4.27 -30,44 32,39
4.30 -30,44 32,39
4.33 -30,44 32,39
4.37 -30,43 32,39
4.40 -30,43 32,39
4.43 -30,43 32,26
4.47 -30,43 32,12
4.50 -30,43 32,12
4.53 -30,43 31,98
4.57 -30,43 31,84
4.60 -30,43 31,70
4.63 -30,43 31,42
4.67 -30,43 31,42
4.70 -30,29 31,14
4.73 -30,15 30,86
4.77 -30,01 30,45
4.80 -29,73 29,89
4.83 -29,45 29,20
4.87 -29,04 28,36
4.90 -28,48 27,39
4.93 -27,92 26,28
4.97 -27,37 25,31
5.00 -26,68 24,34
5.03 -25,98 23,23
5.07 -25,29 22,26
5.10 -24,46 21,16
5.13 -23,63 20,18
5.17 -22,79 19,21
5.20 -21,96 18,10
5.23 -20,99 16,99
5.27 -20,16 15,88
5.30 -19,18 14,63
5.33 -18,21 13,39
5.37 -17,38 12,14
5.40 -16,41 10,89
5.43 -15,44 9,50
5.47 -14,60 8,25
5.50 -13,77 6,86
5.53 -12,94 5,62
5.57 -12,25 4,37
5.60 -11,55 2,98
5.63 -10,86 1,73
5.67 -10,30 0,48
5.70 -9,75 -1,04
5.73 -9,20 -2,43
5.77 -8,92 -3,95
5.80 -8,63 -5,34
5.83 -8,36 -6,87
5.87 -8,21 -8,39
5.90 -8,07 -9,92
5.93 -7,93 -11,44
5.97 -7,79 -12,97
6.00 -7,66 -14,50
6.03 -7,66 -16,02
6.07 -7,67 -17,55
6.10 -7,80 -19,07
6.13 -7,80 -20,46
6.17 -7,81 -21,71
6.20 -7,94 -22,55
6.23 -8,08 -22,68
6.27 -8,49 -21,99
6.30 -8,77 -20,74
6.33 -9,19 -19,22
6.37 -9,75 -17,41
6.40 -10,30 -15,47
6.43 -10,85 -13,25
6.47 -11,41 -11,03
6.50 -12,10 -8,81
6.53 -13,35 -4,09
6.57 -14,04 -1,87
6.60 -14,60 0,49
6.63 -15,29 2,71
6.67 -15,99 4,79
6.70 -16,82 7,01
6.73 -17,79 8,96
6.77 -18,76 10,90
6.80 -19,73 12,84
6.83 -20,70 14,64
6.87 -21,67 16,45
6.90 -22,64 18,11
6.93 -23,62 19,78
6.97 -24,45 21,30
7.00 -25,28 22,69
7.03 -25,97 23,94
7.07 -26,67 25,18
7.10 -27,36 26,29
7.13 -27,91 27,26
7.17 -28,47 28,09
7.20 -29,03 28,92
7.23 -29,58 29,75
7.27 -30,00 30,31
7.30 -30,27 30,86
7.33 -30,41 31,14
7.37 -30,55 31,28
7.40 -30,55 31,28
7.43 -30,55 31,14
7.47 -30,42 31,00
7.50 -30,28 30,86
7.53 -30,14 30,72
7.57 -29,72 30,58
7.60 -29,45 30,45
7.63 -29,03 30,17
7.67 -28,61 29,75
7.70 -28,05 28,92
7.73 -27,36 27,81
7.77 -26,67 26,56
7.80 -25,97 25,03
7.83 -25,14 23,51
7.87 -24,31 21,84
7.90 -23,48 20,18
7.93 -22,51 18,37
7.97 -21,54 16,43
8.00 -20,56 14,63
8.03 -19,45 12,69
8.07 -18,34 10,88
8.10 -17,09 9,08
8.13 -15,85 7,41
8.17 -14,74 5,75
8.20 -13,62 3,94
8.23 -12,51 2,41
8.27 -11,53 0,75
8.30 -10,70 -0,78
8.33 -10,00 -2,45
8.37 -9,31 -3,97
8.40 -8,89 -5,50
8.43 -8,47 -7,02
8.47 -8,19 -8,55
8.50 -7,91 -10,07
8.53 -7,77 -11,46
8.57 -7,63 -12,85
8.60 -7,63 -14,23
8.63 -7,50 -15,48
8.67 -7,36 -16,59
8.70 -7,22 -17,84
8.73 -7,22 -18,95
8.77 -7,07 -20,06
8.80 -6,94 -21,03
8.83 -6,80 -21,87
8.87 -6,66 -22,28
8.90 -6,66 -21,73
8.93 -6,93 -20,62
8.97 -7,21 -19,09
9.00 -7,62 -17,15
9.03 -8,04 -15,07
9.07 -8,46 -12,85
9.10 -9,01 -10,49
9.13 -9,56 -8,27
9.17 -10,11 -5,91
9.20 -10,67 -3,69
9.23 -11,22 -1,47
9.27 -11,78 0,61
9.30 -12,47 2,55
9.33 -13,03 4,36
9.37 -13,73 6,30
9.40 -14,42 8,24
9.43 -15,25 9,91
9.47 -16,08 11,58
9.50 -16,92 13,10
9.53 -17,75 14,63
9.57 -18,72 16,16
9.60 -19,69 17,68
9.63 -20,66 19,07
9.67 -21,50 20,32
9.70 -22,47 21,57
9.73 -23,30 22,81
9.77 -24,13 23,92
9.80 -24,97 24,89
9.83 -25,66 25,73
9.87 -26,50 26,56
9.90 -27,19 27,25
9.93 -27,74 27,81
9.97 -28,30 28,36
10.00 -28,85 28,78
10.03 -29,27 29,47
10.07 -29,54 29,89
10.10 -29,68 30,30
10.13 -29,82 30,44
10.17 -29,96 30,44
10.20 -29,95 30,30
10.23 -29,82 30,02
10.27 -29,68 29,61
10.30 -29,40 29,33
10.33 -29,12 28,92
10.37 -28,57 28,50
10.40 -28,15 27,94
10.43 -27,59 27,11
10.47 -26,90 26,14
10.50 -26,21 25,17
10.53 -25,37 24,06
10.57 -24,26 22,68
10.60 -23,29 21,43
10.63 -22,18 20,04
10.67 -21,07 18,66
10.70 -19,82 17,13
10.73 -18,71 15,60
10.77 -17,47 14,08
10.80 -16,35 12,55
10.83 -15,10 10,75
10.87 -13,86 8,94
10.90 -12,75 7,28
10.93 -11,77 5,61
10.97 -10,80 3,95
11.00 -9,97 2,15
11.03 -9,28 0,48
11.07 -8,59 -1,19
11.10 -8,03 -2,99
11.13 -7,47 -4,79
11.17 -6,91 -6,46
11.20 -6,36 -8,12
11.23 -5,94 -9,79
11.27 -5,66 -11,18
11.30 -5,39 -12,70
11.33 -5,24 -13,95
11.37 -5,11 -15,06
11.40 -5,10 -16,31
11.43 -4,97 -17,28
11.47 -4,97 -18,39
11.50 -5,10 -19,37
11.53 -5,10 -20,34
11.57 -5,10 -21,03
11.60 -5,24 -21,73
11.63 -5,24 -22,01
11.67 -5,39 -21,87
11.70 -5,67 -21,18
11.73 -5,95 -20,07
11.77 -6,36 -18,54
11.80 -6,77 -16,73
11.83 -7,19 -14,65
11.87 -7,60 -12,43
11.90 -8,02 -10,07
11.93 -8,57 -7,85
11.97 -8,99 -5,49
12.00 -9,54 -3,14
12.03 -9,96 -0,92
12.07 -10,65 1,16
12.10 -11,21 3,24
12.13 -11,90 5,18
12.17 -12,59 6,99
12.20 -13,28 8,79
12.23 -13,97 10,46
12.27 -14,67 11,98
12.30 -15,36 13,37
12.33 -16,06 15,03
12.37 -16,75 16,42
12.40 -17,44 17,81
12.43 -18,13 19,20
12.47 -18,69 20,45
12.50 -19,38 21,83
12.53 -20,08 22,94
12.57 -20,63 24,06
12.60 -21,33 25,03
12.63 -22,02 26,00
12.67 -22,57 26,70
12.70 -23,27 27,53
12.73 -23,83 28,08
12.77 -24,39 28,50
12.80 -24,94 29,05
12.83 -25,36 29,61
12.87 -25,77 30,30
12.90 -26,05 30,71
12.93 -26,19 30,99
12.97 -26,47 30,99
13.00 -26,47 30,85
13.03 -26,60 30,85
13.07 -26,60 30,58
13.10 -26,46 30,44
13.13 -26,46 30,29
13.17 -26,32 30,01
13.20 -26,04 29,46
13.23 -25,77 28,90
13.27 -25,35 27,93
13.30 -24,94 26,82
13.33 -24,24 25,30
13.37 -23,55 23,91
13.40 -22,72 22,24
13.43 -21,89 20,72
13.47 -21,05 19,05
13.50 -19,95 17,25
13.53 -18,98 15,58
13.57 -17,87 13,78
13.60 -16,76 12,12
13.63 -15,66 10,45
13.67 -14,68 8,92
13.70 -13,57 7,26
13.73 -12,59 5,74
13.77 -11,62 4,21
13.80 -10,66 2,69
13.83 -9,83 1,16
13.87 -9,13 -0,37
13.90 -8,43 -1,89
13.93 -7,73 -3,28
13.97 -7,18 -4,81
14.00 -6,62 -6,20
14.03 -6,20 -7,59
14.07 -5,79 -9,11
14.10 -5,51 -10,50
14.13 -5,37 -11,89
14.17 -5,23 -13,28
14.20 -5,23 -14,66
14.23 -5,23 -15,78
14.27 -5,23 -17,02
14.30 -5,37 -18,13
14.33 -5,51 -19,10
14.37 -5,79 -20,07
14.40 -6,06 -20,63
14.43 -6,34 -20,90
14.47 -6,62 -20,62
14.50 -7,03 -19,93
14.53 -7,44 -18,82
14.57 -7,86 -17,44
14.60 -8,28 -15,77
14.63 -8,83 -13,83
14.67 -9,39 -11,89
14.70 -9,94 -9,81
14.73 -10,50 -7,87
14.77 -11,05 -5,92
14.80 -11,74 -3,98
14.83 -12,30 -2,18
14.87 -13,00 -0,37
14.90 -13,83 1,15
14.93 -14,53 2,68
14.97 -15,36 4,07
15.00 -16,20 5,46
15.03 -17,17 6,70
15.07 -18,00 7,82
15.10 -18,84 9,06
15.13 -19,80 10,17
15.17 -20,64 11,28
15.20 -21,61 12,39
15.23 -22,44 13,50
15.27 -23,13 14,61
15.30 -23,97 15,73
15.33 -24,66 16,97
15.37 -25,36 18,09
15.40 -26,05 19,33
15.43 -26,75 20,58
15.47 -27,44 21,69
15.50 -27,99 22,80
15.53 -28,54 23,77
15.57 -28,96 24,75
15.60 -29,37 25,72
15.63 -29,65 26,55
15.67 -29,79 27,38
15.70 -29,93 28,08
15.73 -30,07 28,63
15.77 -30,07 28,77
15.80 -30,07 28,91
15.83 -29,93 28,77
15.87 -29,79 28,63
15.90 -29,65 28,63
15.93 -29,37 28,62
15.97 -29,10 28,62
16.00 -28,96 28,76
16.03 -28,81 28,90
16.07 -28,68 28,90
16.10 -28,54 28,90
16.13 -28,40 28,90
16.17 -28,26 28,62
16.20 -28,26 28,62
16.23 -28,26 28,62
16.27 -28,26 28,49
16.30 -28,26 28,49
16.33 -28,39 28,63
16.37 -28,53 28,63
16.40 -28,67 28,63
16.43 -28,94 28,77
16.47 -29,08 28,63
16.50 -29,36 28,63
16.53 -29,64 28,49
16.57 -29,77 28,35
16.60 -30,05 28,21
16.63 -30,19 28,21
16.67 -30,33 28,20
16.70 -30,47 28,20
16.73 -30,74 28,20
16.77 -30,75 28,20
16.80 -30,89 28,20
16.83 -31,02 28,34
16.87 -31,02 28,34
16.90 -31,02 28,34
16.93 -31,02 28,34
16.97 -31,02 28,34
17.00 -30,88 28,34
17.03 -30,74 28,34
17.07 -30,47 28,33
17.10 -30,19 28,34
17.13 -29,92 28,06
17.17 -29,64 27,64
17.20 -29,22 26,95
17.23 -28,67 25,84
17.27 -28,11 24,45
17.30 -27,42 23,06
17.33 -26,72 21,54
17.37 -25,89 19,87
17.40 -25,06 18,21
17.43 -24,23 16,54
17.47 -23,39 15,02
17.50 -22,42 13,35
17.53 -21,59 11,69
17.57 -20,62 10,02
17.60 -19,78 8,49
17.63 -18,81 6,97
17.67 -17,84 5,44
17.70 -16,86 4,06
17.73 -15,89 2,67
17.77 -14,93 1,28
17.80 -14,09 0,03
17.83 -13,26 -1,35
17.87 -12,43 -2,60
17.90 -11,73 -3,99
17.93 -11,17 -5,38
17.97 -10,62 -6,90
18.00 -10,20 -8,29
18.03 -9,78 -9,68
18.07 -9,50 -11,21
18.10 -9,22 -12,59
18.13 -9,08 -13,98
18.17 -8,81 -15,51
18.20 -8,67 -16,76
18.23 -8,53 -18,01
18.27 -8,40 -19,39
18.30 -8,25 -20,64
18.33 -8,12 -21,61
18.37 -8,11 -22,17
18.40 -8,12 -22,03
18.43 -8,26 -21,33
18.47 -8,54 -20,22
18.50 -8,81 -18,69
18.53 -9,09 -16,89
18.57 -9,37 -14,95
18.60 -9,78 -13,01
18.63 -10,06 -10,92
18.67 -10,48 -8,84
18.70 -10,89 -6,76
18.73 -11,31 -4,82
18.77 -11,73 -2,88
18.80 -12,15 -1,07
18.83 -12,70 0,73
18.87 -13,12 2,53
18.90 -13,68 4,06
18.93 -14,23 5,59
18.97 -14,79 7,11
19.00 -15,35 8,50
19.03 -16,04 9,88
19.07 -16,60 11,27
19.10 -17,29 12,52
19.13 -17,85 13,77
19.17 -18,54 15,02
19.20 -19,10 16,26
19.23 -19,79 17,51
19.27 -20,35 18,90
19.30 -20,90 20,15
19.33 -21,46 21,54
19.37 -22,01 22,79
19.40 -22,43 24,04
19.43 -22,98 25,15
19.47 -23,40 26,26
19.50 -23,82 27,23
19.53 -24,23 28,06
19.57 -24,65 28,89
19.60 -24,93 29,58
19.63 -25,20 30,14
19.67 -25,48 30,55
19.70 -25,62 30,97
19.73 -25,90 31,24
19.77 -26,04 31,24
19.80 -26,32 31,24
19.83 -26,45 31,10
19.87 -26,59 30,82
19.90 -26,73 30,55
19.93 -26,87 30,55
19.97 -26,87 30,55
20.00 -27,01 30,68
20.03 -27,01 30,68
20.07 -27,15 30,68
20.10 -27,15 30,54
20.13 -27,15 30,26
20.17 -27,29 30,26
20.20 -27,28 29,98
20.23 -27,28 29,85
20.27 -27,28 29,71
20.30 -27,28 29,71
20.33 -27,28 29,71
20.37 -27,28 29,57
20.40 -27,42 29,57
20.43 -27,42 29,56
20.47 -27,56 29,56
20.50 -27,56 29,56
20.53 -27,56 29,56
20.57 -27,56 29,56
20.60 -27,56 29,56
20.63 -27,42 29,56
20.67 -27,28 29,42
20.70 -27,14 29,14
20.73 -26,73 28,59
20.77 -26,45 27,89
20.80 -25,89 26,78
20.83 -25,34 25,67
20.87 -24,65 24,29
20.90 -23,95 22,90
20.93 -23,12 21,37
20.97 -22,15 19,71
21.00 -21,31 18,18
21.03 -20,34 16,51
21.07 -19,51 14,99
21.10 -18,68 13,60
21.13 -17,71 12,07
21.17 -16,88 10,69
21.20 -16,04 9,30
21.23 -15,21 7,91
21.27 -14,37 6,38
21.30 -13,54 5,00
21.33 -12,85 3,47
21.37 -12,15 1,94
21.40 -11,46 0,28
21.43 -10,90 -1,25
21.47 -10,35 -2,91
21.50 -9,93 -4,44
21.53 -9,52 -6,11
21.57 -9,24 -7,63
21.60 -9,10 -9,02
21.63 -8,96 -10,41
21.67 -8,82 -11,79
21.70 -8,69 -13,18
21.73 -8,55 -14,43
21.77 -8,42 -15,54
21.80 -8,41 -16,79
21.83 -8,27 -18,04
21.87 -8,13 -19,28
21.90 -7,99 -20,39
21.93 -7,99 -20,39
21.97 -7,85 -21,50
22.00 -7,85 -22,20
22.03 -7,99 -22,47
22.07 -8,26 -22,06
22.10 -8,67 -21,09
22.13 -9,09 -19,83
22.17 -9,51 -18,17
22.20 -10,07 -16,36
22.23 -10,62 -14,42
22.27 -11,03 -12,48
22.30 -11,45 -10,54
22.33 -11,87 -8,59
22.37 -12,15 -6,65
22.40 -12,43 -4,84
22.43 -12,71 -3,04
22.47 -12,99 -1,24
22.50 -13,13 0,43
22.53 -13,40 1,82
22.57 -13,54 3,48
22.60 -13,82 4,87
22.63 -14,09 6,25
22.67 -14,37 7,50
22.70 -14,78 8,75
22.73 -15,20 10,00
22.77 -15,62 11,11
22.80 -16,18 12,22
22.83 -16,73 13,19
22.87 -17,29 13,88
22.90 -18,54 15,96
22.93 -19,09 16,80
22.97 -19,79 17,63
23.00 -20,48 18,60
23.03 -21,03 19,57
23.07 -21,59 20,54
23.10 -22,28 21,51
23.13 -22,83 22,48
23.17 -23,39 23,32
23.20 -23,95 24,15
23.23 -24,50 24,98
23.27 -25,06 25,81
23.30 -25,48 26,50
23.33 -26,03 27,20
23.37 -26,31 27,75
23.40 -26,72 28,45
23.43 -27,00 29,00
23.47 -27,28 29,28
23.50 -27,55 29,56
23.53 -27,83 29,70
23.57 -27,97 29,69
23.60 -28,25 29,56
23.63 -28,53 29,42
23.67 -28,81 29,42
23.70 -29,09 29,28
23.73 -29,37 29,28
23.77 -29,65 29,28
23.80 -29,93 29,28
23.83 -30,20 29,27
23.87 -30,48 29,14
23.90 -30,62 29,00
23.93 -30,76 28,86
23.97 -30,90 28,72
24.00 -31,04 28,58
24.03 -31,18 28,44
24.07 -31,32 28,44
24.10 -31,45 28,44
24.13 -31,59 28,44
24.17 -31,73 28,44
24.20 -31,73 28,30
24.23 -31,87 28,30
24.27 -32,01 28,30
24.30 -32,01 28,16
24.33 -32,15 28,16
24.37 -32,15 28,16
24.40 -32,28 28,16
24.43 -32,28 28,02
24.47 -32,28 28,02
24.50 -32,28 27,88
24.53 -32,28 27,88
24.57 -32,28 27,74
24.60 -32,28 27,74
24.63 -32,28 27,74
24.67 -32,28 27,88
24.70 -32,28 27,87
24.73 -32,14 27,87
24.77 -32,14 27,87
24.80 -32,00 27,87
24.83 -31,87 27,87
24.87 -31,73 27,73
24.90 -31,59 27,87
24.93 -31,45 27,87
24.97 -31,18 27,73
25.00 -31,03 27,73
25.03 -30,62 27,45
25.07 -30,34 27,17
25.10 -29,79 26,48
25.13 -29,37 25,78
25.17 -28,67 24,81
25.20 -27,98 23,70
25.23 -27,15 22,45
25.27 -26,31 21,20
25.30 -25,48 19,96
25.33 -24,51 18,57
25.37 -23,54 17,18
25.40 -22,57 15,93
25.43 -21,59 14,54
25.47 -20,48 13,02
25.50 -19,51 11,63
25.53 -18,54 10,24
25.57 -17,71 8,86
25.60 -16,87 7,47
25.63 -16,04 5,94
25.67 -15,20 4,55
25.70 -14,38 3,17
25.73 -13,68 1,92
25.77 -12,99 0,53
25.80 -12,43 -0,72
25.83 -11,88 -1,69
25.87 -11,19 -3,08
25.90 -10,63 -4,33
25.93 -10,22 -5,44
25.97 -9,80 -6,69
26.00 -9,38 -7,93
26.03 -9,10 -9,04
26.07 -8,69 -10,29
26.10 -8,41 -11,40
26.13 -8,27 -12,51
26.17 -7,99 -13,62
26.20 -7,72 -14,73
26.23 -7,58 -15,98
26.27 -7,30 -17,09
26.30 -7,02 -18,34
26.33 -6,88 -19,17
26.37 -6,60 -19,86
26.40 -6,60 -19,73
26.43 -6,61 -19,17
26.47 -6,75 -17,93
26.50 -7,03 -16,67
26.53 -7,17 -15,01
26.57 -7,45 -13,20
26.60 -7,73 -11,40
26.63 -8,01 -9,46
26.67 -8,42 -7,65
26.70 -8,70 -5,85
26.73 -8,98 -4,05
26.77 -9,26 -2,38
26.80 -9,67 -0,72
26.83 -9,95 0,53
26.87 -10,36 2,06
26.90 -10,78 3,45
26.93 -11,20 4,84
26.97 -11,75 6,09
27.00 -12,30 7,33
27.03 -12,86 8,44
27.07 -13,55 9,55
27.10 -14,11 10,53
27.13 -14,80 11,36
27.17 -15,50 12,19
27.20 -16,19 13,03
27.23 -16,89 13,86
27.27 -17,72 14,97
27.30 -18,41 15,66
27.33 -19,10 16,63
27.37 -19,66 17,47
27.40 -20,35 18,57
27.43 -20,90 19,55
27.47 -21,32 20,66
27.50 -21,74 21,91
27.53 -22,15 23,15
27.57 -22,43 24,54
27.60 -22,85 25,79
27.63 -23,13 27,04
27.67 -23,54 28,15
27.70 -23,96 29,12
27.73 -24,38 30,09
27.77 -24,79 30,78
27.80 -25,07 31,20
27.83 -25,35 31,62
27.87 -25,63 31,75
27.90 -25,90 31,75
27.93 -26,32 31,61
27.97 -26,60 31,34
28.00 -26,87 31,06
28.03 -27,29 30,92
28.07 -27,71 30,64
28.10 -28,12 30,50
28.13 -28,40 30,36
28.17 -28,82 30,22
28.20 -29,10 29,95
28.23 -29,51 29,81
28.27 -29,65 29,39
28.30 -29,79 29,11
28.33 -29,93 28,97
28.37 -30,07 28,83
28.40 -30,07 28,70
28.43 -29,93 28,56
28.47 -29,93 28,56
28.50 -29,79 28,42
28.53 -29,65 28,42
28.57 -29,37 28,28
28.60 -29,23 28,28
28.63 -28,96 28,28
28.67 -28,68 28,28
28.70 -28,54 28,42
28.73 -28,26 28,42
28.77 -28,12 28,56
28.80 -27,84 28,70
28.83 -27,71 28,83
28.87 -27,57 28,83
28.90 -27,43 28,83
28.93 -27,29 28,83
28.97 -27,16 28,69
29.00 -27,15 28,70
29.03 -27,02 28,56
29.07 -27,02 28,70
29.10 -27,01 28,70
29.13 -27,01 28,83
29.17 -26,88 28,70
29.20 -26,88 28,83
29.23 -26,88 28,83
29.27 -26,88 28,83
29.30 -26,74 28,69
29.33 -26,74 28,69
29.37 -26,60 28,41
29.40 -26,60 28,55
29.43 -26,60 28,55
29.47 -26,60 28,55
29.50 -26,46 28,41
29.53 -26,46 28,41
29.57 -26,46 28,41
29.60 -26,46 28,27
29.63 -26,32 28,14
29.67 -26,32 28,13
29.70 -26,32 28,00
29.73 -26,33 28,00
29.77 -26,33 27,86
29.80 -26,33 27,72
29.83 -26,46 27,72
29.87 -26,46 27,58
29.90 -26,60 27,72
29.93 -26,60 27,58
29.97 -26,60 27,44
30.00 -26,60 27,31
30.03 -26,32 26,89
30.07 -26,04 26,34
30.10 -25,77 25,78
30.13 -25,35 25,09
30.17 -24,79 24,25
30.20 -24,10 23,14
30.23 -23,27 21,90
30.27 -22,57 20,79
30.30 -21,60 19,54
30.33 -20,77 18,29
30.37 -19,80 16,90
30.40 -18,83 15,51
30.43 -17,99 14,27
30.47 -17,02 12,74
30.50 -16,05 11,07
30.53 -15,22 9,69
30.57 -14,25 8,02
30.60 -13,42 6,63
30.63 -12,58 5,11
30.67 -11,75 3,58
30.70 -11,06 2,19
30.73 -10,36 0,80
30.77 -9,53 -0,72
30.80 -8,98 -1,97
30.83 -8,28 -3,50
30.87 -7,58 -4,89
30.90 -6,89 -6,27
30.93 -6,34 -7,66
30.97 -5,92 -8,91
31.00 -5,64 -10,16
31.03 -5,36 -11,40
31.07 -5,22 -12,52
31.10 -5,08 -13,76
31.13 -4,95 -15,01
31.17 -4,95 -16,26
31.20 -4,94 -17,65
31.23 -4,80 -18,90
31.27 -4,80 -19,87
31.30 -4,66 -20,56
31.33 -4,80 -20,56
31.37 -4,94 -19,87
31.40 -5,22 -18,90
31.43 -5,63 -17,51
31.47 -6,05 -15,84
31.50 -6,60 -14,04
31.53 -7,16 -12,23
31.57 -7,72 -10,43
31.60 -8,41 -8,62
31.63 -9,11 -6,68
31.67 -9,94 -4,88
31.70 -10,63 -3,21
31.73 -11,32 -1,55
31.77 -12,02 -0,02
31.80 -12,85 1,50
31.83 -13,41 2,89
31.87 -14,11 4,28
31.90 -14,80 5,53
31.93 -15,50 6,78
31.97 -16,19 8,03
32.00 -16,89 9,27
32.03 -17,58 10,38
32.07 -18,28 11,49
32.10 -18,97 12,46
32.13 -19,67 13,57
32.17 -20,22 14,54
32.20 -20,78 15,51
32.23 -21,34 16,49
32.27 -21,89 17,46
32.30 -22,31 18,43
32.33 -22,72 19,40
32.37 -23,14 20,37
32.40 -23,70 21,34
32.43 -24,25 22,31
32.47 -24,80 23,28
32.50 -25,36 23,98
32.53 -26,05 24,81
32.57 -26,74 25,51
32.60 -27,30 26,06
32.63 -27,85 26,62
32.67 -28,55 27,31
32.70 -28,96 27,86
32.73 -29,38 28,28
32.77 -29,80 28,70
32.80 -30,07 29,11
32.83 -30,21 29,25
32.87 -30,35 29,25
32.90 -30,49 29,11
32.93 -30,63 28,84
32.97 -30,77 28,42
33.00 -30,91 28,00
33.03 -31,05 27,86
33.07 -31,19 27,86
33.10 -31,47 27,86
33.13 -31,74 28,00
33.17 -32,16 28,14
33.20 -32,58 28,42
33.23 -32,99 28,56
33.27 -33,41 28,56
33.30 -33,83 28,69
33.33 -34,38 28,69
33.37 -34,80 28,69
33.40 -35,35 28,83
33.43 -35,77 28,70
33.47 -36,32 28,69
33.50 -36,88 28,69
33.53 -37,43 28,55
33.57 -37,99 28,41
33.60 -38,55 28,27
33.63 -39,24 28,13
33.67 -39,93 27,99
33.70 -40,77 27,86
33.73 -41,60 27,58
33.77 -42,43 27,30
33.80 -43,54 27,02
33.83 -44,65 26,61
33.87 -45,90 26,05
33.90 -46,73 25,64
33.93 -46,18 26,05
33.97 -45,76 26,19
34.00 -45,34 25,64
34.03 -45,48 25,36
34.07 -45,76 24,80
34.10 -46,32 24,11
34.13 -46,73 23,55
