#Kinovea Trajectory data export
#T X Y

# Trajectory 1
1.70 -2,67 22,92
1.73 -2,67 22,92
1.77 -2,66 22,92
1.80 -2,65 22,92
1.83 -2,64 22,93
1.87 -2,64 22,93
1.90 -2,65 22,94
1.93 -2,65 22,95
1.97 -2,66 22,96
2.00 -2,67 22,97
2.03 -2,69 22,82
2.07 -2,53 22,82
2.10 -2,55 22,82
2.13 -2,56 22,82
2.17 -2,57 22,82
2.20 -2,59 22,82
2.23 -2,60 22,83
2.27 -2,62 22,85
2.30 -2,63 22,86
2.33 -2,65 22,87
2.37 -2,66 22,87
2.40 -2,68 22,87
2.43 -2,69 22,87
2.47 -2,54 22,87
2.50 -2,56 22,88
2.53 -2,57 22,89
2.57 -2,59 22,90
2.60 -2,61 22,91
2.63 -2,62 22,93
2.67 -2,64 22,93
2.70 -2,66 22,93
2.73 -2,67 22,94
2.77 -2,69 22,94
2.80 -2,54 22,95
2.83 -2,56 22,96
2.87 -2,57 22,97
2.90 -2,59 22,81
2.93 -2,61 22,82
2.97 -2,63 22,83
3.00 -2,64 22,83
3.03 -2,66 22,84
3.07 -2,68 22,84
3.10 -2,70 22,85
3.13 -2,55 22,87
3.17 -2,56 22,88
3.20 -2,58 22,90
3.23 -2,60 22,91
3.27 -2,61 22,92
3.30 -2,63 22,93
3.33 -2,65 22,94
3.37 -2,67 22,95
3.40 -2,68 22,97
3.43 -2,70 22,82
3.47 -2,55 22,83
3.50 -2,57 22,85
3.53 -2,59 22,86
3.57 -2,60 22,88
3.60 -2,62 22,89
3.63 -2,64 22,90
3.67 -2,65 22,92
3.70 -2,67 22,93
3.73 -2,69 22,95
3.77 -2,54 22,96
3.80 -2,55 22,98
3.83 -2,57 22,82
3.87 -2,59 22,83
3.90 -2,60 22,85
3.93 -2,62 22,86
3.97 -2,63 22,87
4.00 -2,65 22,89
4.03 -2,66 22,90
4.07 -2,67 22,92
4.10 -2,69 22,94
4.13 -2,53 22,95
4.17 -2,55 22,96
4.20 -2,56 22,97
4.23 -2,58 22,81
4.27 -2,59 22,82
4.30 -2,61 22,83
4.33 -2,62 22,85
4.37 -2,63 22,86
4.40 -2,65 22,88
4.43 -2,66 22,89
4.47 -2,68 22,90
4.50 -2,69 22,91
4.53 -2,54 22,92
4.57 -2,56 22,94
4.60 -2,57 22,95
4.63 -2,59 22,97
4.67 -2,60 22,83
4.70 -2,62 22,84
4.73 -2,63 22,86
4.77 -2,65 22,88
4.80 -2,66 22,89
4.83 -2,68 22,90
4.87 -2,69 22,92
4.90 -2,54 22,93
4.93 -2,56 22,95
4.97 -2,57 22,97
5.00 -2,59 22,98
5.03 -2,60 22,83
5.07 -2,62 22,84
5.10 -2,64 22,85
5.13 -2,65 22,87
5.17 -2,67 22,88
5.20 -2,68 22,90
5.23 -2,70 22,91
5.27 -2,55 22,93
5.30 -2,57 22,94
5.33 -2,58 22,96
5.37 -2,60 22,97
5.40 -2,61 22,82
5.43 -2,63 22,83
5.47 -2,65 22,85
5.50 -2,66 22,86
5.53 -2,68 22,88
5.57 -2,70 22,90
5.60 -2,55 22,92
5.63 -2,56 22,93
5.67 -2,58 22,95
5.70 -2,59 22,96
5.73 -2,61 22,98
5.77 -2,62 22,83
5.80 -2,64 22,85
5.83 -2,65 22,87
5.87 -2,67 22,89
5.90 -2,68 22,90
5.93 -2,70 22,92
5.97 -2,55 22,93
6.00 -2,56 22,95
6.03 -2,58 22,96
6.07 -2,59 22,98
6.10 -2,61 22,83
6.13 -2,62 22,85
6.17 -2,64 22,87
6.20 -2,65 22,89
6.23 -2,67 22,90
6.27 -2,69 22,92
6.30 -2,53 22,94
6.33 -2,55 22,95
6.37 -2,56 22,97
6.40 -2,58 22,82
6.43 -2,60 22,84
6.47 -2,61 22,86
6.50 -2,63 22,88
6.53 -2,64 22,90
6.57 -2,66 22,92
6.60 -2,67 22,94
6.63 -2,68 22,95
6.67 -2,70 22,97
6.70 -2,55 22,82
6.73 -2,56 22,84
6.77 -2,57 22,86
6.80 -2,59 22,88
6.83 -2,60 22,89
6.87 -2,61 22,91
6.90 -2,63 22,92
6.93 -2,64 22,94
6.97 -2,65 22,96
7.00 -2,67 22,97
7.03 -2,68 22,82
7.07 -2,69 22,84
7.10 -2,54 22,86
7.13 -2,55 22,87
7.17 -2,56 22,89
7.20 -2,58 22,91
7.23 -2,59 22,92
7.27 -2,60 22,94
7.30 -2,62 22,96
7.33 -2,63 22,97
7.37 -2,64 22,82
7.40 -2,66 22,84
7.43 -2,67 22,86
7.47 -2,68 22,87
7.50 -2,70 22,89
7.53 -2,54 22,91
7.57 -2,56 22,93
7.60 -2,57 22,94
7.63 -2,59 22,96
7.67 -2,60 22,98
7.70 -2,62 22,83
7.73 -2,63 22,85
7.77 -2,65 22,87
7.80 -2,66 22,89
7.83 -2,68 22,91
7.87 -2,69 22,92
7.90 -2,54 22,94
7.93 -2,56 22,96
7.97 -2,57 22,98
8.00 -2,59 22,83
8.03 -2,60 22,85
8.07 -2,61 22,87
8.10 -2,63 22,88
8.13 -2,64 22,90
8.17 -2,66 22,92
8.20 -2,67 22,94
8.23 -2,69 22,96
8.27 -2,53 22,98
8.30 -2,55 22,83
8.33 -2,56 22,85
8.37 -2,58 22,87
8.40 -2,59 22,89
8.43 -2,61 22,91
8.47 -2,62 22,93
8.50 -2,64 22,95
8.53 -2,65 22,97
8.57 -2,67 22,82
8.60 -2,68 22,84
8.63 -2,70 22,86
8.67 -2,54 22,87
8.70 -2,56 22,89
8.73 -2,58 22,91
8.77 -2,59 22,94
8.80 -2,61 22,96
8.83 -2,62 22,97
8.87 -2,63 22,83
8.90 -2,65 22,85
8.93 -2,66 22,86
8.97 -2,67 22,88
9.00 -2,69 22,90
9.03 -2,53 22,92
9.07 -2,55 22,94
9.10 -2,56 22,96
9.13 -2,57 22,98
9.17 -2,58 22,83
9.20 -2,60 22,85
9.23 -2,61 22,87
9.27 -2,62 22,89
9.30 -2,64 22,90
9.33 -2,65 22,92
9.37 -2,67 22,94
9.40 -2,68 22,96
9.43 -2,69 22,98
9.47 -2,54 22,83
9.50 -2,55 22,85
9.53 -2,57 22,87
9.57 -2,58 22,89
9.60 -2,60 22,91
9.63 -2,61 22,93
9.67 -2,62 22,95
9.70 -2,64 22,97
9.73 -2,65 22,82
9.77 -2,67 22,84
9.80 -2,68 22,86
9.83 -2,70 22,88
9.87 -2,54 22,89
9.90 -2,56 22,91
9.93 -2,57 22,93
9.97 -2,59 22,95
10.00 -2,60 22,97
10.03 -2,62 22,82
10.07 -2,63 22,84
10.10 -2,65 22,86
10.13 -2,66 22,88
10.17 -2,68 22,90
10.20 -2,69 22,93
10.23 -2,54 22,95
10.27 -2,55 22,97
10.30 -2,57 22,83
10.33 -2,58 22,85
10.37 -2,60 22,87
10.40 -2,62 22,89
10.43 -2,63 22,91
10.47 -2,65 22,93
10.50 -2,66 22,95
10.53 -2,68 22,97
10.57 -2,69 22,83
10.60 -2,54 22,85
10.63 -2,55 22,87
10.67 -2,57 22,89
10.70 -2,58 22,91
10.73 -2,60 22,93
10.77 -2,61 22,95
10.80 -2,63 22,97
10.83 -2,64 22,83
10.87 -2,66 22,85
10.90 -2,67 22,87
10.93 -2,69 22,89
10.97 -2,54 22,91
11.00 -2,55 22,93
11.03 -2,57 22,95
11.07 -2,58 22,98
11.10 -2,60 22,83
11.13 -2,61 22,85
11.17 -2,63 22,87
11.20 -2,64 22,89
11.23 -2,66 22,92
11.27 -2,67 22,94
11.30 -2,69 22,96
11.33 -2,54 22,98
11.37 -2,55 22,84
11.40 -2,57 22,86
11.43 -2,58 22,88
11.47 -2,60 22,90
11.50 -2,61 22,92
11.53 -2,63 22,94
11.57 -2,64 22,97
11.60 -2,66 22,99
11.63 -2,67 22,84
11.67 -2,69 22,86
11.70 -2,70 22,88
11.73 -2,55 22,91
11.77 -2,56 22,93
11.80 -2,58 22,95
11.83 -2,59 22,97
11.87 -2,61 22,82
11.90 -2,62 22,85
11.93 -2,64 22,87
11.97 -2,65 22,89
12.00 -2,67 22,91
12.03 -2,68 22,93
12.07 -2,70 22,95
12.10 -2,55 22,98
12.13 -2,56 22,83
12.17 -2,58 22,85
12.20 -2,59 22,87
12.23 -2,61 22,89
12.27 -2,62 22,92
12.30 -2,64 22,94
12.33 -2,65 22,96
12.37 -2,67 22,98
12.40 -2,68 22,83
12.43 -2,70 22,85
12.47 -2,54 22,87
12.50 -2,56 22,90
12.53 -2,57 22,92
12.57 -2,58 22,94
12.60 -2,60 22,96
12.63 -2,61 22,99
12.67 -2,63 22,84
12.70 -2,64 22,86
12.73 -2,66 22,89
12.77 -2,67 22,91
12.80 -2,68 22,93
12.83 -2,70 22,96
12.87 -2,54 22,98
12.90 -2,56 22,84
12.93 -2,57 22,86
12.97 -2,59 22,88
13.00 -2,60 22,91
13.03 -2,62 22,93
13.07 -2,63 22,96
13.10 -2,64 22,98
13.13 -2,66 22,84
13.17 -2,67 22,86
13.20 -2,69 22,89
13.23 -2,54 22,91
13.27 -2,55 22,93
13.30 -2,57 22,96
13.33 -2,58 22,98
13.37 -2,59 22,84
13.40 -2,61 22,86
13.43 -2,62 22,89
13.47 -2,64 22,91
13.50 -2,66 22,94
13.53 -2,67 22,96
13.57 -2,69 22,98
13.60 -2,70 22,84
13.63 -2,55 22,86
13.67 -2,56 22,89
13.70 -2,58 22,91
13.73 -2,59 22,93
13.77 -2,61 22,96
13.80 -2,62 22,98
13.83 -2,64 22,83
13.87 -2,65 22,86
13.90 -2,66 22,88
13.93 -2,68 22,90
13.97 -2,69 22,93
14.00 -2,54 22,95
14.03 -2,56 22,97
14.07 -2,57 22,83
14.10 -2,59 22,85
14.13 -2,60 22,88
14.17 -2,62 22,90
14.20 -2,64 22,92
14.23 -2,65 22,95
14.27 -2,67 22,97
14.30 -2,68 22,83
14.33 -2,70 22,85
14.37 -2,55 22,88
14.40 -2,56 22,90
14.43 -2,58 22,93
14.47 -2,59 22,95
14.50 -2,61 22,97
14.53 -2,62 22,83
14.57 -2,64 22,86
14.60 -2,65 22,88
14.63 -2,67 22,90
14.67 -2,68 22,93
14.70 -2,70 22,95
14.73 -2,55 22,97
14.77 -2,56 22,83
14.80 -2,58 22,85
14.83 -2,59 22,88
14.87 -2,61 22,90
14.90 -2,62 22,92
14.93 -2,64 22,95
14.97 -2,65 22,97
15.00 -2,67 22,83
15.03 -2,68 22,85
15.07 -2,70 22,87
15.10 -2,55 22,90
15.13 -2,56 22,92
15.17 -2,58 22,94
15.20 -2,60 22,97
15.23 -2,61 22,82
15.27 -2,63 22,85
15.30 -2,64 22,87
15.33 -2,66 22,90
15.37 -2,67 22,92
15.40 -2,69 22,94
15.43 -2,54 22,97
15.47 -2,56 22,83
15.50 -2,57 22,85
15.53 -2,59 22,87
15.57 -2,60 22,90
15.60 -2,62 22,92
15.63 -2,64 22,95
15.67 -2,65 22,97
15.70 -2,67 22,83
15.73 -2,69 22,85
15.77 -2,70 22,88
15.80 -2,55 22,90
15.83 -2,57 22,93
15.87 -2,58 22,95
15.90 -2,60 22,98
15.93 -2,61 22,83
15.97 -2,63 22,86
16.00 -2,65 22,88
16.03 -2,66 22,91
16.07 -2,68 22,93
16.10 -2,69 22,96
16.13 -2,54 22,98
16.17 -2,56 22,84
16.20 -2,57 22,87
16.23 -2,59 22,89
16.27 -2,61 22,92
16.30 -2,62 22,94
16.33 -2,64 22,97
16.37 -2,65 22,83
16.40 -2,67 22,85
16.43 -2,68 22,88
16.47 -2,70 22,90
16.50 -2,55 22,93
16.53 -2,57 22,96
16.57 -2,58 22,98
16.60 -2,60 22,84
16.63 -2,61 22,86
16.67 -2,63 22,89
16.70 -2,64 22,92
16.73 -2,66 22,94
16.77 -2,68 22,97
16.80 -2,69 22,82
16.83 -2,54 22,85
16.87 -2,56 22,88
16.90 -2,57 22,90
16.93 -2,59 22,93
16.97 -2,61 22,95
17.00 -2,62 22,98
17.03 -2,64 22,84
17.07 -2,66 22,86
17.10 -2,67 22,89
17.13 -2,69 22,91
17.17 -2,54 22,94
17.20 -2,56 22,96
17.23 -2,57 22,99
17.27 -2,59 22,85
17.30 -2,61 22,87
17.33 -2,63 22,90
17.37 -2,64 22,93
17.40 -2,66 22,95
17.43 -2,68 22,98
17.47 -2,70 22,83
17.50 -2,55 22,86
17.53 -2,56 22,89
17.57 -2,58 22,91
17.60 -2,60 22,94
17.63 -2,61 22,96
17.67 -2,63 22,99
17.70 -2,65 22,85
17.73 -2,67 22,87
17.77 -2,68 22,90
17.80 -2,70 22,93
17.83 -2,55 22,95
17.87 -2,57 22,98
17.90 -2,58 22,84
17.93 -2,60 22,86
17.97 -2,62 22,89
18.00 -2,63 22,92
18.03 -2,65 22,94
18.07 -2,67 22,97
18.10 -2,68 22,83
18.13 -2,70 22,86
18.17 -2,55 22,88
18.20 -2,56 22,91
18.23 -2,58 22,94
18.27 -2,60 22,96
18.30 -2,61 22,99
18.33 -2,63 22,85
18.37 -2,65 22,87
18.40 -2,66 22,90
18.43 -2,68 22,92
18.47 -2,70 22,95
18.50 -2,55 22,98
18.53 -2,57 22,83
18.57 -2,58 22,86
18.60 -2,60 22,89
18.63 -2,62 22,91
18.67 -2,63 22,94
18.70 -2,65 22,96
18.73 -2,67 22,99
18.77 -2,68 22,85
18.80 -2,70 22,87
18.83 -2,55 22,90
18.87 -2,57 22,93
18.90 -2,58 22,95
18.93 -2,60 22,98
18.97 -2,61 22,95
19.00 -2,62 22,98
19.03 -2,64 22,84
19.07 -2,65 22,86
19.10 -2,66 22,89
19.13 -2,67 22,92
19.17 -2,67 22,94
19.20 -2,67 22,97
19.23 -2,67 22,99
19.27 -2,67 22,84
19.30 -2,66 22,86
19.33 -2,64 22,88
19.37 -2,63 22,90
19.40 -2,46 23,05
19.43 -2,46 23,02
19.47 -2,46 23,02
19.50 -2,45 23,02
19.53 -2,43 23,01
19.57 -2,42 23,01
19.60 -2,40 23,01
19.63 -2,24 23,02
19.67 -2,25 23,02
19.70 -2,25 23,03
19.73 -2,25 23,03
19.77 -2,25 23,04
19.80 -2,24 23,05
19.83 -2,23 23,05
19.87 -2,23 23,05
19.90 -2,22 23,05
19.93 -2,21 23,05
19.97 -2,20 23,05
20.00 -2,19 23,04
20.03 -2,17 23,04
20.07 -2,18 23,05
20.10 -2,18 23,05
20.13 -2,17 23,05
20.17 -2,16 23,05
20.20 -1,99 23,06
20.23 -1,99 23,06
20.27 -1,98 23,06
20.30 -1,81 23,07
20.33 -1,81 23,07
20.37 -1,65 23,08
20.40 -1,65 23,09
20.43 -1,64 23,10
20.47 -1,47 23,10
20.50 -1,46 23,11
20.53 -1,31 23,12
20.57 -1,30 23,13
20.60 -1,14 23,14
20.63 -1,14 22,98
20.67 -0,98 22,98
20.70 -0,98 22,99
20.73 -0,98 22,99
20.77 -0,96 22,99
20.80 -0,80 23,00
20.83 -0,80 23,00
20.87 -0,79 23,00
20.90 -0,77 23,00
20.93 -0,62 23,01
20.97 -0,63 23,01
21.00 -0,64 23,02
21.03 -0,64 23,03
21.07 -0,65 23,04
21.10 -0,80 23,04
21.13 -0,79 23,04
21.17 -0,79 23,05
21.20 -0,79 23,05
21.23 -0,95 23,05
21.27 -0,95 23,05
21.30 -1,10 23,05
21.33 -1,12 23,06
21.37 -1,28 23,06
21.40 -1,29 23,06
21.43 -1,45 23,06
21.47 -1,46 23,06
21.50 -1,61 23,05
21.53 -1,61 23,04
21.57 -1,63 23,04
21.60 -1,79 23,03
21.63 -1,80 23,03
21.67 -1,96 23,02
21.70 -1,96 23,01
21.73 -1,97 23,00
21.77 -1,98 23,00
21.80 -1,99 22,99
21.83 -2,01 22,99
21.87 -2,02 22,98
21.90 -1,86 22,98
21.93 -1,87 22,97
21.97 -1,86 22,97
22.00 -1,85 22,96
22.03 -1,69 23,12
22.07 -1,68 23,12
22.10 -1,67 23,11
22.13 -1,69 23,11
22.17 -1,53 23,10
22.20 -1,53 23,10
22.23 -1,53 23,09
22.27 -1,52 23,09
22.30 -1,52 23,08
22.33 -1,51 23,08
22.37 -1,67 23,07
22.40 -1,67 23,07
22.43 -1,66 23,06
22.47 -1,66 23,05
22.50 -1,65 23,05
22.53 -1,66 23,04
22.57 -1,67 23,04
22.60 -1,68 23,04
22.63 -1,67 23,03
22.67 -1,83 23,02
22.70 -1,83 23,01
22.73 -1,83 23,01
22.77 -1,84 23,00
22.80 -1,85 23,00
22.83 -1,83 22,99
22.87 -1,99 22,98
22.90 -1,97 22,97
22.93 -1,96 22,96
22.97 -1,95 23,12
23.00 -1,94 23,11
23.03 -1,94 23,10
23.07 -1,93 23,09
23.10 -1,92 23,08
23.13 -1,91 23,07
23.17 -1,90 23,06
23.20 -1,89 23,05
23.23 -1,87 23,04
23.27 -1,86 23,03
23.30 -1,70 23,02
23.33 -1,72 23,02
23.37 -1,73 23,01
23.40 -1,73 23,00
23.43 -1,74 22,99
23.47 -1,75 22,99
23.50 -1,75 22,98
23.53 -1,76 22,97
23.57 -1,76 22,96
23.60 -1,77 23,12
23.63 -1,77 23,11
23.67 -1,77 23,10
23.70 -1,78 23,10
23.73 -1,78 23,09
23.77 -1,79 23,08
23.80 -1,79 23,07
23.83 -1,80 23,06
23.87 -1,80 23,05
23.90 -1,81 23,05
23.93 -1,81 23,04
23.97 -1,82 23,03
24.00 -1,83 23,02
24.03 -1,83 23,02
24.07 -1,84 23,01
24.10 -1,85 23,00
24.13 -1,86 23,00
24.17 -1,70 22,99
24.20 -1,71 22,98
24.23 -1,71 22,98
24.27 -1,72 22,97
24.30 -1,73 22,97
24.33 -1,74 23,13
24.37 -1,75 23,12
24.40 -1,76 23,11
24.43 -1,77 23,11
24.47 -1,78 23,10
24.50 -1,79 23,10
24.53 -1,80 23,09
24.57 -1,81 23,08
24.60 -1,82 23,08
24.63 -1,84 23,07
24.67 -1,85 23,06
24.70 -1,86 23,06
24.73 -1,70 23,05
24.77 -1,71 23,04
24.80 -1,72 23,04
24.83 -1,73 23,03
24.87 -1,74 23,02
24.90 -1,75 23,02
24.93 -1,76 23,01
24.97 -1,77 23,00
25.00 -1,78 23,00
25.03 -1,78 22,99
25.07 -1,79 22,99
25.10 -1,80 22,98
25.13 -1,81 22,98
25.17 -1,82 22,97
25.20 -1,82 22,97
25.23 -1,83 22,96
25.27 -1,84 23,12
25.30 -1,85 23,12
25.33 -1,86 23,11
25.37 -1,70 23,11
25.40 -1,70 23,10
25.43 -1,71 23,10
25.47 -1,72 23,09
25.50 -1,73 23,08
25.53 -1,74 23,08
25.57 -1,74 23,07
25.60 -1,75 23,06
25.63 -1,76 23,06
25.67 -1,77 23,05
25.70 -1,78 23,04
25.73 -1,79 23,03
25.77 -1,80 23,02
25.80 -1,81 23,02
25.83 -1,81 23,01
25.87 -1,82 23,00
25.90 -1,83 22,99
25.93 -1,84 22,98
25.97 -1,85 22,97
26.00 -1,69 22,96
26.03 -1,70 23,12
26.07 -1,71 23,11
26.10 -1,72 23,11
26.13 -1,73 23,10
26.17 -1,74 23,09
26.20 -1,75 23,08
26.23 -1,76 23,08
26.27 -1,77 23,07
26.30 -1,78 23,07
26.33 -1,80 23,06
26.37 -1,81 23,05
26.40 -1,82 23,05
26.43 -1,83 23,04
26.47 -1,84 23,03
26.50 -1,85 23,03
26.53 -1,69 23,02
26.57 -1,71 23,02
26.60 -1,72 23,01
26.63 -1,73 23,01
26.67 -1,74 23,00
26.70 -1,75 23,00
26.73 -1,76 22,99
26.77 -1,77 22,99
26.80 -1,78 22,98
26.83 -1,79 22,98
26.87 -1,80 22,97
26.90 -1,81 22,97
26.93 -1,82 23,13
26.97 -1,83 23,12
27.00 -1,84 23,12
27.03 -1,85 23,11
27.07 -1,70 23,11
27.10 -1,71 23,10
27.13 -1,72 23,10
27.17 -1,73 23,09
27.20 -1,74 23,09
27.23 -1,75 23,08
27.27 -1,76 23,08
27.30 -1,77 23,08
27.33 -1,78 23,07
27.37 -1,79 23,07
27.40 -1,80 23,06
27.43 -1,81 23,06
27.47 -1,82 23,05
27.50 -1,83 23,05
27.53 -1,84 23,04
27.57 -1,85 23,04
27.60 -1,70 23,03
27.63 -1,71 23,03
27.67 -1,72 23,02
27.70 -1,73 23,02
27.73 -1,75 23,01
27.77 -1,76 23,01
27.80 -1,77 23,01
27.83 -1,78 23,00
27.87 -1,80 23,00
27.90 -1,81 22,99
27.93 -1,82 22,99
27.97 -1,83 22,99
28.00 -1,85 22,98
28.03 -1,86 22,98
28.07 -1,70 22,97
28.10 -1,71 22,97
28.13 -1,72 22,96
28.17 -1,74 23,12
28.20 -1,75 23,12
28.23 -1,76 23,11
28.27 -1,77 23,11
28.30 -1,79 23,10
28.33 -1,80 23,10
28.37 -1,81 23,09
28.40 -1,82 23,09
28.43 -1,84 23,08
28.47 -1,85 23,08
28.50 -1,86 23,08
28.53 -1,71 23,07
28.57 -1,72 23,07
28.60 -1,73 23,06
28.63 -1,74 23,06
28.67 -1,76 23,05
28.70 -1,77 23,05
28.73 -1,78 23,04
28.77 -1,79 23,04
28.80 -1,81 23,03
28.83 -1,82 23,03
28.87 -1,83 23,02
28.90 -1,84 23,02
28.93 -1,86 23,01
28.97 -1,70 23,01
29.00 -1,71 23,01
29.03 -1,73 23,00
29.07 -1,74 23,00
29.10 -1,75 22,99
29.13 -1,77 22,99
29.17 -1,78 22,98
29.20 -1,79 22,98
29.23 -1,80 22,98
29.27 -1,82 22,97
29.30 -1,83 22,97
29.33 -1,84 22,96
29.37 -1,86 23,12
29.40 -1,70 23,12
29.43 -1,71 23,11
29.47 -1,73 23,11
29.50 -1,74 23,10
29.53 -1,75 23,10
29.57 -1,77 23,09
29.60 -1,78 23,09
29.63 -1,79 23,08
29.67 -1,80 23,07
29.70 -1,82 23,07
29.73 -1,83 23,06
29.77 -1,84 23,05
29.80 -1,86 23,05
29.83 -1,70 23,04
29.87 -1,71 23,03
29.90 -1,73 23,03
29.93 -1,74 23,02
29.97 -1,75 23,01
30.00 -1,77 23,00
30.03 -1,78 23,00
30.07 -1,79 22,99
30.10 -1,81 22,98
30.13 -1,82 22,98
30.17 -1,84 22,97
30.20 -1,85 22,96
30.23 -1,70 23,12
30.27 -1,71 23,12
30.30 -1,73 23,11
30.33 -1,74 23,10
30.37 -1,76 23,10
30.40 -1,77 23,09
30.43 -1,79 23,09
30.47 -1,80 23,08
30.50 -1,82 23,08
30.53 -1,83 23,07
30.57 -1,85 23,07
30.60 -1,86 23,06
30.63 -1,71 23,06
30.67 -1,73 23,05
30.70 -1,74 23,05
30.73 -1,76 23,04
30.77 -1,77 23,04
30.80 -1,79 23,03
30.83 -1,81 23,03
30.87 -1,82 23,03
30.90 -1,84 23,02
30.93 -1,85 23,02
30.97 -1,70 23,02
31.00 -1,72 23,01
31.03 -1,74 23,01
31.07 -1,75 23,01
31.10 -1,77 23,00
31.13 -1,79 23,00
31.17 -1,94 22,99
31.20 -1,92 22,99
31.23 -1,77 22,98
31.27 -1,79 22,98
31.30 -1,80 22,98
31.33 -1,81 22,97
31.37 -1,82 22,97
31.40 -1,83 22,97
31.43 -1,83 22,96
31.47 -1,84 23,13
31.50 -1,85 23,12
31.53 -1,69 23,12
31.57 -1,70 23,12
31.60 -1,69 23,11
31.63 -1,69 23,11
31.67 -1,69 23,10
31.70 -1,68 23,09
31.73 -1,84 23,08
31.77 -1,83 23,07
31.80 -1,83 23,06
31.83 -1,82 23,06
31.87 -1,81 23,05
31.90 -1,81 23,04
31.93 -1,80 23,03
31.97 -1,80 23,02
32.00 -1,80 23,01
32.03 -1,79 23,00
32.07 -1,79 22,99
32.10 -1,80 22,97
32.13 -1,80 22,96
32.17 -1,80 23,12
32.20 -1,79 23,11
32.23 -1,78 23,10
32.27 -1,77 23,09
32.30 -1,76 23,09
32.33 -1,76 23,08
32.37 -1,75 23,07
32.40 -1,74 23,06
32.43 -1,73 23,05
32.47 -1,72 23,04
32.50 -1,72 23,03
32.53 -1,71 23,03
32.57 -1,71 23,02
32.60 -1,72 23,02
32.63 -1,72 23,02
32.67 -1,72 23,02
32.70 -1,72 23,02
32.73 -1,73 23,01
32.77 -1,73 23,01
32.80 -1,74 23,01
32.83 -1,75 23,00
32.87 -1,77 23,00
32.90 -1,78 22,99
32.93 -1,80 22,99
32.97 -1,81 22,99
33.00 -1,83 22,98
33.03 -1,84 22,98
33.07 -1,86 22,98
33.10 -1,70 22,98
33.13 -1,71 22,97
33.17 -1,72 22,97
33.20 -1,72 22,96
33.23 -1,71 23,12
33.27 -1,70 23,11
33.30 -1,69 23,10
33.33 -1,54 23,10
33.37 -1,55 23,09
33.40 -1,57 23,09
33.43 -1,58 23,08
33.47 -1,59 23,07
33.50 -1,60 23,07
33.53 -1,76 23,06
33.57 -1,75 23,05
33.60 -1,75 23,05
33.63 -1,76 23,04
33.67 -1,77 23,04
33.70 -1,93 23,03
33.73 -1,92 23,02
33.77 -1,91 23,02
33.80 -1,91 23,01
33.83 -1,92 23,01
33.87 -1,93 23,00
33.90 -1,94 22,99
33.93 -2,09 22,99
33.97 -2,08 22,98
34.00 -2,08 22,98
34.03 -2,09 22,97
34.07 -2,10 22,96
34.10 -2,11 23,13
34.13 -2,12 23,12
34.17 -2,14 23,12
34.20 -2,15 23,12
34.23 -2,16 23,12
34.27 -2,17 23,12
34.30 -2,18 23,11
34.33 -2,03 23,11
34.37 -2,04 23,10
34.40 -2,04 23,09
34.43 -2,03 23,08
34.47 -1,87 23,08
34.50 -1,86 23,07
34.53 -1,71 23,07
34.57 -1,71 23,06
34.60 -1,70 23,06
34.63 -1,54 23,05
34.67 -1,55 23,05
34.70 -1,55 23,05
34.73 -1,54 23,04
34.77 -1,53 23,04
34.80 -1,52 23,04
34.83 -1,37 23,04
34.87 -1,38 23,05
34.90 -1,39 23,05
34.93 -1,39 23,05
34.97 -1,40 23,05
35.00 -1,40 23,05
35.03 -1,41 23,05
35.07 -1,41 23,05
35.10 -1,43 23,04
35.13 -1,44 23,04
35.17 -1,60 23,04
35.20 -1,59 23,03
35.23 -1,58 23,03
35.27 -1,59 23,03
35.30 -1,60 23,02
35.33 -1,61 23,02
35.37 -1,77 23,02
35.40 -1,76 23,01
35.43 -1,75 23,00
35.47 -1,75 23,00
35.50 -1,74 22,99
35.53 -1,74 22,99
35.57 -1,74 22,98
35.60 -1,73 22,97
35.63 -1,72 22,97
35.67 -1,70 22,96
35.70 -1,55 23,13
35.73 -1,55 23,13
35.77 -1,55 23,12
35.80 -1,53 23,12
35.83 -1,37 23,12
35.87 -1,37 23,11
35.90 -1,36 23,11
35.93 -1,21 23,11
35.97 -1,23 23,11
36.00 -1,24 23,11
36.03 -1,26 23,11
36.07 -1,27 23,10
36.10 -1,42 23,10
36.13 -1,41 23,09
36.17 -1,40 23,09
36.20 -1,39 23,09
36.23 -1,39 23,09
36.27 -1,39 23,09
36.30 -1,40 23,09
36.33 -1,42 23,09
36.37 -1,44 23,09
36.40 -1,59 23,09
36.43 -1,58 23,08
36.47 -1,58 23,08
36.50 -1,58 23,08
36.53 -1,58 23,08
36.57 -1,58 23,07
36.60 -1,58 23,07
36.63 -1,59 23,07
36.67 -1,59 23,07
36.70 -1,60 23,06
36.73 -1,61 23,06
36.77 -1,61 23,06
36.80 -1,62 23,06
36.83 -1,62 23,05
36.87 -1,61 23,05
36.90 -1,61 23,05
36.93 -1,59 23,04
36.97 -1,44 23,04
37.00 -1,44 23,04
37.03 -1,45 23,04
37.07 -1,45 23,04
37.10 -1,44 23,04
37.13 -1,43 23,04
37.17 -1,41 23,04
37.20 -1,26 23,04
37.23 -1,27 23,05
37.27 -1,29 23,05
37.30 -1,30 23,05
37.33 -1,32 23,06
37.37 -1,47 23,06
37.40 -1,46 23,06
37.43 -1,46 23,05
37.47 -1,45 23,05
37.50 -1,46 23,05
37.53 -1,47 23,05
37.57 -1,63 23,04
37.60 -1,63 23,04
37.63 -1,64 23,03
37.67 -1,80 23,02
37.70 -1,79 23,02
37.73 -1,80 23,01
37.77 -1,81 23,00
37.80 -1,82 23,00
37.83 -1,83 23,00
37.87 -1,85 22,99
37.90 -1,70 22,99
37.93 -1,71 22,98
37.97 -1,72 22,98
38.00 -1,72 22,97
38.03 -1,71 22,97
38.07 -1,55 22,97
38.10 -1,55 23,13
38.13 -1,54 23,13
38.17 -1,39 23,13
38.20 -1,39 23,13
38.23 -1,38 23,12
38.27 -1,22 23,13
38.30 -1,22 23,13
38.33 -1,23 22,97
38.37 -1,23 22,97
38.40 -1,23 22,98
38.43 -1,23 22,98
38.47 -1,24 22,99
38.50 -1,25 23,00
38.53 -1,27 23,00
38.57 -1,42 23,01
38.60 -1,41 23,01
38.63 -1,41 23,01
38.67 -1,41 23,02
38.70 -1,42 23,02
38.73 -1,43 23,03
38.77 -1,45 23,03
38.80 -1,60 23,04
38.83 -1,59 23,04
38.87 -1,59 23,04
38.90 -1,58 23,05
38.93 -1,57 23,05
38.97 -1,57 23,05
39.00 -1,58 23,06
39.03 -1,58 23,06
39.07 -1,59 23,07
39.10 -1,59 23,07
39.13 -1,60 23,08
39.17 -1,60 23,09
39.20 -1,60 23,10
39.23 -1,59 23,11
39.27 -1,57 23,11
39.30 -1,42 23,13
39.33 -1,42 23,14
39.37 -1,42 22,98
39.40 -1,42 22,99
39.43 -1,41 23,00
39.47 -1,26 23,01
39.50 -1,27 23,03
39.53 -1,27 23,04
39.57 -1,28 23,05
39.60 -1,27 23,05
39.63 -1,28 23,04
39.67 -1,29 23,04
39.70 -1,45 23,03
39.73 -1,45 23,03
39.77 -1,46 23,02
39.80 -1,61 23,02
39.83 -1,61 23,02
39.87 -1,61 23,02
39.90 -1,62 23,02
39.93 -1,64 23,03
39.97 -1,79 23,03
40.00 -1,78 23,03
40.03 -1,77 23,03
40.07 -1,76 23,02
40.10 -1,75 23,02
40.13 -1,74 23,02
40.17 -1,73 23,02
40.20 -1,72 23,01
40.23 -1,70 23,01
40.27 -1,69 23,00
40.30 -1,54 23,00
40.33 -1,55 23,00
40.37 -1,56 23,00
40.40 -1,57 23,00
40.43 -1,57 23,00
40.47 -1,57 23,00
40.50 -1,56 22,99
40.53 -1,41 23,00
40.57 -1,41 23,00
40.60 -1,41 23,00
40.63 -1,40 23,00
40.67 -1,38 23,00
40.70 -1,23 23,00
40.73 -1,25 23,01
40.77 -1,26 23,01
40.80 -1,26 23,02
40.83 -1,26 23,02
40.87 -1,27 23,03
40.90 -1,27 23,03
40.93 -1,27 23,04
40.97 -1,29 23,05
41.00 -1,30 23,05
41.03 -1,31 23,06
41.07 -1,47 23,06
41.10 -1,47 23,06
41.13 -1,47 23,06
41.17 -1,48 23,06
41.20 -1,64 23,05
41.23 -1,65 23,03
41.27 -1,81 22,88
41.30 -1,81 22,91
41.33 -1,97 22,93
41.37 -2,13 22,92
41.40 -2,14 22,92
41.43 -2,31 22,92
41.47 -2,32 22,91
41.50 -2,48 22,91
41.53 -2,49 22,90
41.57 -2,64 22,89
41.60 -2,63 22,88
41.63 -2,62 22,87
41.67 -2,62 22,87
41.70 -2,62 22,86
41.73 -2,62 22,85
41.77 -2,61 22,85
41.80 -2,46 22,85
41.83 -2,46 22,85
41.87 -2,46 22,84
41.90 -2,30 22,85
41.93 -2,30 22,85
41.97 -2,14 22,85
42.00 -2,13 22,85
42.03 -1,97 22,85
42.07 -1,96 22,86
42.10 -1,80 22,87
42.13 -1,79 22,88
42.17 -1,77 22,89
42.20 -1,61 22,90
42.23 -1,61 22,91
42.27 -1,60 22,93
42.30 -1,58 22,94
42.33 -1,42 22,97
42.37 -1,43 22,82
42.40 -1,44 22,84
42.43 -1,44 22,87
42.47 -1,45 22,89
42.50 -1,45 22,91
42.53 -1,46 22,93
42.57 -1,46 22,95
42.60 -1,47 22,98
42.63 -1,48 22,83
42.67 -1,50 22,85
42.70 -1,51 22,88
42.73 -1,66 22,89
42.77 -1,65 22,91
42.80 -1,63 22,93
42.83 -1,61 22,95
42.87 -1,60 22,97
42.90 -1,59 22,99
42.93 -1,58 22,84
42.97 -1,57 22,86
43.00 -1,56 22,88
43.03 -1,55 22,90
43.07 -1,54 22,92
43.10 -1,53 22,94
43.13 -1,52 22,96
43.17 -1,51 22,98
43.20 -1,67 22,83
43.23 -1,66 22,83
43.27 -1,66 22,83
43.30 -1,66 22,82
43.33 -1,67 22,82
43.37 -1,68 22,82
43.40 -1,69 22,82
43.43 -1,54 22,82
43.47 -1,56 22,81
43.50 -1,71 22,81
43.53 -1,69 22,80
43.57 -1,68 22,79
43.60 -1,83 22,94
43.63 -1,82 22,92
43.67 -1,81 22,78
43.70 -1,80 22,79
43.73 -1,80 22,80
43.77 -1,79 22,64
43.80 -1,79 22,65
43.83 -1,96 22,64
43.87 -2,28 22,63
43.90 -2,43 22,78
43.93 -2,59 22,76
43.97 -2,75 22,61
44.00 -2,76 22,63
44.03 -2,93 22,48
44.07 -3,10 22,50
44.10 -3,25 22,50
44.13 -3,42 22,49
44.17 -3,60 22,49
44.20 -3,92 22,49
44.23 -4,09 22,50
44.27 -4,26 22,51
44.30 -4,42 22,67
44.33 -4,59 22,83
44.37 -4,75 22,99
44.40 -4,75 23,14
44.43 -4,77 23,33
44.47 -4,92 23,67
44.50 -4,76 24,16
44.53 -4,76 24,51
44.57 -4,61 25,16
44.60 -4,60 25,67
44.63 -4,44 26,18
44.67 -4,44 26,70
44.70 -4,42 27,38
44.73 -4,26 28,21
44.77 -4,25 29,04
44.80 -4,07 29,88
44.83 -3,90 30,88
44.87 -3,73 31,89
44.90 -3,56 33,06
44.93 -3,38 34,22
44.97 -3,06 35,40
45.00 -2,89 36,74
45.03 -2,73 38,07
45.07 -2,73 39,41
45.10 -2,56 40,91
45.13 -2,56 42,42
45.17 -2,39 44,09
45.20 -2,38 45,76
45.23 -2,22 47,60
45.27 -2,22 49,28
45.30 -2,21 51,28
45.33 -2,21 53,12
45.37 -2,21 55,13
45.40 -2,37 57,14
45.43 -2,37 59,15
45.47 -2,53 61,32
45.50 -2,69 63,33
45.53 -2,86 65,33
45.57 -3,19 67,34
45.60 -3,36 69,35
45.63 -3,70 71,19
45.67 -4,03 72,86
45.70 -4,36 74,20
45.73 -4,53 75,37
45.77 -4,71 76,21
45.80 -4,88 76,71
45.83 -5,21 76,71
45.87 -5,55 76,38
45.90 -6,06 75,88
45.93 -6,56 75,38
45.97 -6,72 74,88
46.00 -6,71 74,55
46.03 -6,55 74,39
46.07 -6,54 74,40
46.10 -6,53 74,41
46.13 -6,70 74,57
46.17 -6,71 74,59
46.20 -6,87 74,75
46.23 -7,19 74,59
46.27 -7,18 74,59
46.30 -7,17 74,26
46.33 -6,99 73,93
46.37 -6,66 73,58
46.40 -6,49 72,92
46.43 -6,16 72,41
46.47 -6,00 71,74
46.50 -5,83 71,07
46.53 -5,65 70,40
46.57 -5,48 69,73
46.60 -5,15 68,90
46.63 -4,99 68,06
46.67 -4,82 67,22
46.70 -4,64 66,21
46.73 -4,31 65,21
46.77 -4,15 64,21
46.80 -4,15 63,21
46.83 -4,15 62,20
46.87 -4,31 61,20
46.90 -4,47 60,19
46.93 -4,65 59,02
46.97 -4,98 57,84
47.00 -5,32 56,51
47.03 -5,65 55,33
47.07 -5,99 53,99
47.10 -6,33 52,65
47.13 -6,67 51,15
47.17 -7,01 49,81
47.20 -7,67 48,48
47.23 -8,00 47,14
47.27 -8,32 45,80
47.30 -8,48 44,30
47.33 -8,49 42,79
47.37 -8,65 41,28
47.40 -8,82 39,77
47.43 -8,99 38,43
47.47 -8,99 37,09
47.50 -8,99 35,75
47.53 -9,00 34,42
47.57 -9,01 33,24
47.60 -9,17 32,07
47.63 -9,17 31,06
47.67 -9,17 30,05
47.70 -9,17 29,06
47.73 -9,17 28,22
47.77 -9,16 27,38
47.80 -9,16 26,38
47.83 -9,15 25,55
47.87 -8,98 24,87
47.90 -8,82 24,04
47.93 -8,65 23,37
47.97 -8,47 22,71
48.00 -8,29 22,21
48.03 -7,96 22,22
48.07 -7,79 22,55
48.10 -7,64 22,71
48.13 -7,79 22,89
48.17 -7,80 23,38
48.20 -7,64 24,05
48.23 -7,48 24,72
48.27 -7,30 25,55
48.30 -6,97 26,39
48.33 -6,80 27,24
48.37 -6,64 28,08
48.40 -6,31 29,08
48.43 -6,13 30,08
48.47 -5,79 31,09
48.50 -5,29 32,42
48.53 -4,94 33,59
48.57 -4,45 34,92
48.60 -4,12 36,10
48.63 -3,79 37,43
48.67 -3,45 38,94
48.70 -3,28 40,28
48.73 -3,11 41,78
48.77 -2,78 43,29
48.80 -2,61 44,96
48.83 -2,60 46,46
48.87 -2,44 48,13
48.90 -2,44 49,64
48.93 -2,44 51,48
48.97 -2,43 53,32
49.00 -2,42 55,00
49.03 -2,42 56,84
49.07 -2,43 58,68
49.10 -2,60 60,52
49.13 -2,77 62,36
49.17 -3,10 63,87
49.20 -3,28 65,38
49.23 -3,62 66,89
49.27 -3,95 68,39
49.30 -4,12 69,56
49.33 -4,46 70,57
49.37 -4,80 71,58
49.40 -5,13 72,41
49.43 -5,29 72,75
49.47 -5,45 73,09
49.50 -5,62 73,24
49.53 -5,97 73,08
49.57 -6,47 72,90
49.60 -6,98 72,56
49.63 -7,48 72,22
49.67 -7,65 71,89
49.70 -7,81 71,73
49.73 -7,81 71,74
49.77 -7,81 71,74
49.80 -7,81 71,76
49.83 -7,98 71,92
49.87 -8,14 71,92
49.90 -8,29 71,92
49.93 -8,29 71,93
49.97 -8,30 71,93
50.00 -8,31 71,77
50.03 -8,31 71,60
50.07 -8,30 71,27
50.10 -8,13 70,93
50.13 -7,96 70,42
50.17 -7,78 69,75
50.20 -7,61 68,92
50.23 -7,44 68,09
50.27 -7,27 67,25
50.30 -7,26 66,24
50.33 -7,26 65,07
50.37 -7,26 64,07
50.40 -7,41 63,06
50.43 -7,42 61,89
50.47 -7,60 60,72
50.50 -7,77 59,55
50.53 -7,94 58,37
50.57 -8,12 57,03
50.60 -8,29 55,69
50.63 -8,62 54,36
50.67 -8,80 53,18
50.70 -9,12 51,85
50.73 -9,29 50,67
50.77 -9,61 49,50
50.80 -9,95 48,33
50.83 -10,28 47,33
50.87 -10,45 46,15
50.90 -10,61 44,64
50.93 -10,79 43,14
50.97 -10,96 41,63
51.00 -11,13 40,29
51.03 -11,12 38,95
51.07 -11,13 37,44
51.10 -11,13 35,94
51.13 -11,14 34,60
51.17 -11,29 33,25
51.20 -11,28 31,91
51.23 -11,27 30,58
51.27 -11,27 29,41
51.30 -11,44 28,24
51.33 -11,60 27,24
51.37 -11,59 26,40
51.40 -11,58 25,39
51.43 -11,42 24,55
51.47 -11,42 23,72
51.50 -11,27 23,04
51.53 -11,27 22,37
51.57 -11,10 21,71
51.60 -10,93 21,55
51.63 -10,77 21,89
51.67 -10,61 22,06
51.70 -10,62 22,39
51.73 -10,78 22,89
51.77 -10,63 23,39
51.80 -10,62 24,05
51.83 -10,46 24,72
51.87 -10,29 25,56
51.90 -9,96 26,41
51.93 -9,63 27,42
51.97 -9,30 28,58
52.00 -8,79 29,74
52.03 -8,29 30,91
52.07 -7,78 32,09
52.10 -7,11 33,59
52.13 -6,60 34,93
52.17 -6,09 36,26
52.20 -5,59 37,61
52.23 -5,09 39,11
52.27 -4,59 40,61
52.30 -4,25 42,12
52.33 -3,75 43,79
52.37 -3,42 45,30
52.40 -3,42 46,64
52.43 -3,26 48,14
52.47 -3,10 49,65
52.50 -3,10 51,16
52.53 -3,09 52,67
52.57 -3,09 54,18
52.60 -3,08 55,85
52.63 -3,10 57,36
52.67 -3,27 59,03
52.70 -3,44 60,71
52.73 -3,62 62,38
52.77 -3,95 63,88
52.80 -4,12 65,39
52.83 -4,46 66,73
52.87 -4,81 68,07
52.90 -5,15 69,24
52.93 -5,64 70,41
52.97 -5,98 71,26
53.00 -6,32 72,09
53.03 -6,65 72,76
53.07 -6,98 73,26
53.10 -7,16 73,60
53.13 -7,66 73,93
53.17 -8,16 73,92
53.20 -8,83 73,59
53.23 -9,32 73,27
53.27 -9,65 72,94
53.30 -9,82 72,77
53.33 -9,83 72,60
53.37 -9,99 72,44
53.40 -9,98 72,44
53.43 -9,99 72,44
53.47 -10,15 72,44
53.50 -10,16 72,44
53.53 -10,33 72,43
53.57 -10,34 72,43
53.60 -10,35 72,43
53.63 -10,51 72,42
53.67 -10,51 72,27
53.70 -10,51 72,27
53.73 -10,51 72,26
53.77 -10,52 72,10
53.80 -10,52 72,11
53.83 -10,52 72,12
53.87 -10,52 72,12
53.90 -10,52 72,28
53.93 -10,53 72,29
53.97 -10,68 72,46
54.00 -10,69 72,62
54.03 -10,85 72,78
54.07 -10,86 72,80
54.10 -11,02 72,96
54.13 -11,03 72,95
54.17 -11,19 72,94
54.20 -11,19 72,78
54.23 -11,20 72,77
54.27 -11,19 72,60
54.30 -11,18 72,42
54.33 -11,02 72,09
54.37 -10,85 71,76
54.40 -10,69 71,27
54.43 -10,52 70,60
54.47 -10,19 69,93
54.50 -10,02 68,92
54.53 -9,84 67,75
54.57 -9,51 66,58
54.60 -9,33 65,41
54.63 -9,01 64,07
54.67 -8,84 62,90
54.70 -8,68 61,56
54.73 -8,69 60,39
54.77 -8,69 59,05
54.80 -8,69 57,88
54.83 -8,70 56,54
54.87 -8,86 55,20
54.90 -8,85 53,86
54.93 -8,86 52,52
54.97 -9,02 51,19
55.00 -9,02 49,85
55.03 -9,03 48,52
55.07 -9,35 47,35
55.10 -9,36 46,34
55.13 -9,53 45,00
55.17 -9,52 43,66
55.20 -9,52 42,15
55.23 -9,51 40,81
55.27 -9,35 39,47
55.30 -9,35 38,13
55.33 -9,35 36,80
55.37 -9,34 35,63
55.40 -9,18 34,46
55.43 -9,18 33,45
55.47 -9,18 32,28
55.50 -9,18 31,11
55.53 -9,19 30,11
55.57 -9,20 29,27
55.60 -9,36 28,43
55.63 -9,38 27,59
55.67 -9,55 26,74
55.70 -9,56 25,91
55.73 -9,40 25,24
55.77 -9,40 24,57
55.80 -9,24 23,90
55.83 -9,23 23,24
55.87 -9,05 22,74
55.90 -8,88 22,25
55.93 -8,72 21,92
55.97 -8,55 21,94
56.00 -8,36 22,27
56.03 -8,35 22,45
56.07 -8,20 22,60
56.10 -8,21 22,43
56.13 -8,22 22,29
56.17 -8,06 22,47
56.20 -8,07 22,65
56.23 -7,91 23,14
56.27 -7,76 23,49
56.30 -7,59 24,14
56.33 -7,40 24,65
56.37 -7,07 25,33
56.40 -6,72 26,15
56.43 -6,39 26,83
56.47 -6,05 27,67
56.50 -5,71 28,68
56.53 -5,37 29,68
56.57 -5,04 30,68
56.60 -4,88 31,68
56.63 -4,71 32,68
56.67 -4,38 33,85
56.70 -4,06 35,19
56.73 -3,89 36,37
56.77 -3,73 37,71
56.80 -3,57 39,04
56.83 -3,40 40,38
56.87 -3,23 41,88
56.90 -3,07 43,39
56.93 -3,07 44,72
56.97 -3,08 46,06
57.00 -3,09 47,40
57.03 -3,25 49,07
57.07 -3,24 50,58
57.10 -3,25 52,09
57.13 -3,40 53,76
57.17 -3,40 55,44
57.20 -3,57 57,28
57.23 -3,73 58,95
57.27 -3,90 60,63
57.30 -4,39 63,98
57.33 -4,57 65,65
57.37 -4,91 67,15
57.40 -5,24 68,66
57.43 -5,57 70,00
57.47 -5,89 71,17
57.50 -6,06 72,17
57.53 -6,40 73,01
57.57 -6,73 73,68
57.60 -7,07 74,19
57.63 -7,57 74,52
57.67 -8,24 74,53
57.70 -8,90 74,36
57.73 -9,39 74,01
57.77 -9,73 73,84
57.80 -10,06 73,52
57.83 -10,22 73,34
57.87 -10,38 73,34
57.90 -10,72 73,19
57.93 -10,89 73,03
57.97 -11,05 73,03
58.00 -11,38 73,04
58.03 -11,53 73,04
58.07 -11,53 73,03
58.10 -11,54 72,86
58.13 -11,70 72,70
58.17 -11,70 72,54
58.20 -11,69 72,36
58.23 -11,52 72,03
58.27 -11,52 71,70
58.30 -11,34 71,37
58.33 -11,01 71,03
58.37 -10,83 70,52
58.40 -10,49 69,84
58.43 -10,16 69,00
58.47 -9,98 68,16
58.50 -9,65 67,15
58.53 -9,47 65,98
58.57 -9,30 64,81
58.60 -9,12 63,64
58.63 -8,96 62,48
58.67 -8,97 61,30
58.70 -8,98 60,13
58.73 -9,14 58,79
58.77 -9,14 57,45
58.80 -9,31 56,11
58.83 -9,48 54,94
58.87 -9,65 53,61
58.90 -9,98 52,26
58.93 -10,14 50,93
58.97 -10,31 49,76
59.00 -10,64 48,75
59.03 -10,98 47,58
59.07 -11,15 46,41
59.10 -11,32 45,07
59.13 -11,48 43,73
59.17 -11,49 42,40
59.20 -11,65 41,06
59.23 -11,64 39,89
59.27 -11,64 38,55
59.30 -11,80 37,21
59.33 -11,80 36,04
59.37 -11,80 34,70
59.40 -11,80 33,52
59.43 -11,81 32,35
59.47 -11,81 31,34
59.50 -11,81 30,17
59.53 -11,80 29,17
59.57 -11,79 28,17
59.60 -11,64 27,33
59.63 -11,63 26,49
59.67 -11,45 25,64
59.70 -11,13 24,81
59.73 -10,96 23,81
59.77 -10,64 22,81
59.80 -10,46 21,97
59.83 -10,14 21,64
59.87 -10,13 22,47
59.90 -9,81 21,97
59.93 -9,80 22,14
59.97 -9,63 22,14
60.00 -9,46 22,14
60.03 -9,30 22,14
60.07 -9,13 22,14
60.10 -8,97 22,15
60.13 -8,81 22,29
60.17 -8,65 22,31
60.20 -8,49 22,29
60.23 -8,33 22,44
60.27 -8,32 22,42
60.30 -8,15 22,40
60.33 -7,98 22,39
60.37 -7,81 22,37
60.40 -7,65 22,36
60.43 -7,64 22,34
60.47 -7,47 22,33
60.50 -7,32 22,32
60.53 -7,17 22,32
60.57 -7,16 22,32
60.60 -7,01 22,33
60.63 -7,00 22,33
60.67 -6,84 22,34
60.70 -6,83 22,34
60.73 -6,67 22,35
60.77 -6,67 22,36
60.80 -6,65 22,36
60.83 -6,49 22,37
60.87 -6,48 22,38
60.90 -6,47 22,38
60.93 -6,31 22,39
60.97 -6,31 22,39
61.00 -6,31 22,39
61.03 -6,30 22,40
61.07 -6,29 22,40
61.10 -6,27 22,40
61.13 -6,12 22,41
61.17 -6,14 22,41
61.20 -6,15 22,42
61.23 -6,16 22,42
61.27 -6,18 22,43
61.30 -6,19 22,44
61.33 -6,20 22,44
61.37 -6,05 22,45
61.40 -6,06 22,46
61.43 -6,08 22,47
61.47 -6,09 22,31
61.50 -6,25 22,31
61.53 -6,23 22,32
61.57 -6,23 22,33
61.60 -6,23 22,34
61.63 -6,24 22,35
61.67 -6,24 22,35
61.70 -6,25 22,36
61.73 -6,26 22,37
61.77 -6,27 22,37
61.80 -6,28 22,38
61.83 -6,30 22,38
61.87 -6,45 22,39
61.90 -6,44 22,39
61.93 -6,42 22,40
61.97 -6,41 22,40
62.00 -6,40 22,41
62.03 -6,39 22,41
62.07 -6,38 22,41
62.10 -6,37 22,42
62.13 -6,53 22,42
62.17 -6,52 22,43
62.20 -6,51 22,43
62.23 -6,50 22,44
62.27 -6,50 22,44
62.30 -6,49 22,44
62.33 -6,48 22,45
62.37 -6,48 22,45
62.40 -6,47 22,46
62.43 -6,46 22,46
62.47 -6,46 22,47
62.50 -6,45 22,30
62.53 -6,44 22,31
62.57 -6,43 22,31
62.60 -6,42 22,32
62.63 -6,40 22,32
62.67 -6,39 22,32
62.70 -6,37 22,33
62.73 -6,36 22,33
62.77 -6,51 22,34
62.80 -6,49 22,34
62.83 -6,34 22,35
62.87 -6,36 22,35
62.90 -6,38 22,36
62.93 -6,22 22,36
62.97 -6,24 22,37
63.00 -6,26 22,37
63.03 -6,27 22,38
63.07 -6,29 22,38
63.10 -6,30 22,39
63.13 -6,32 22,40
63.17 -6,33 22,40
63.20 -6,35 22,41
63.23 -6,36 22,41
63.27 -6,38 22,42
63.30 -6,23 22,42
63.33 -6,24 22,43
63.37 -6,26 22,43
63.40 -6,28 22,44
63.43 -6,29 22,44
63.47 -6,31 22,45
63.50 -6,33 22,45
63.53 -6,48 22,46
63.57 -6,46 22,46
63.60 -6,44 22,47
63.63 -6,42 22,30
63.67 -6,40 22,31
63.70 -6,38 22,31
63.73 -6,37 22,31
63.77 -6,52 22,32
63.80 -6,50 22,32
63.83 -6,48 22,33
63.87 -6,46 22,33
63.90 -6,44 22,34
63.93 -6,43 22,34
63.97 -6,41 22,35
64.00 -6,39 22,35
64.03 -6,37 22,36
64.07 -6,36 22,36
64.10 -6,51 22,36
64.13 -6,49 22,37
64.17 -6,47 22,37
64.20 -6,45 22,38
64.23 -6,30 22,39
64.27 -6,32 22,39
64.30 -6,34 22,40
64.33 -6,35 22,41
64.37 -6,37 22,41
64.40 -6,22 22,42
64.43 -6,24 22,42
64.47 -6,26 22,43
64.50 -6,27 22,44
64.53 -6,29 22,44
64.57 -6,31 22,45
64.60 -6,32 22,46
64.63 -6,34 22,46
64.67 -6,36 22,47
64.70 -6,38 22,31
64.73 -6,23 22,31
64.77 -6,24 22,32
64.80 -6,26 22,32
64.83 -6,28 22,33
64.87 -6,30 22,33
64.90 -6,31 22,34
64.93 -6,33 22,34
64.97 -6,35 22,35
65.00 -6,37 22,35
65.03 -6,38 22,36
65.07 -6,23 22,36
65.10 -6,25 22,37
65.13 -6,27 22,37
65.17 -6,28 22,38
65.20 -6,30 22,38
65.23 -6,32 22,39
65.27 -6,33 22,39
65.30 -6,35 22,40
65.33 -6,37 22,41
65.37 -6,38 22,41
65.40 -6,23 22,42
65.43 -6,25 22,43
65.47 -6,40 22,43
65.50 -6,38 22,44
65.53 -6,37 22,45
65.57 -6,52 22,46
65.60 -6,50 22,47
65.63 -6,49 22,31
65.67 -6,48 22,32
65.70 -6,46 22,33
65.73 -6,45 22,34
65.77 -6,44 22,35
65.80 -6,42 22,36
65.83 -6,41 22,37
65.87 -6,40 22,38
65.90 -6,39 22,39
65.93 -6,37 22,40
65.97 -6,36 22,42
66.00 -6,52 22,43
66.03 -6,50 22,44
66.07 -6,49 22,45
66.10 -6,48 22,46
66.13 -6,47 22,48
66.17 -6,46 22,32
66.20 -6,46 22,34
66.23 -6,46 22,35
66.27 -6,46 22,37
66.30 -6,46 22,39
66.33 -6,46 22,41
66.37 -6,46 22,43
66.40 -6,46 22,45
66.43 -6,46 22,46
66.47 -6,46 22,32
66.50 -6,47 22,34
66.53 -6,47 22,35
66.57 -6,47 22,37
66.60 -6,47 22,39
66.63 -6,47 22,41
66.67 -6,47 22,43
66.70 -6,47 22,45
66.73 -6,46 22,47
66.77 -6,46 22,32
66.80 -6,46 22,34
66.83 -6,46 22,35
66.87 -6,46 22,37
66.90 -6,46 22,39
66.93 -6,46 22,41
66.97 -6,46 22,43
67.00 -6,46 22,45
67.03 -6,46 22,47
67.07 -6,46 22,32
67.10 -6,46 22,34
67.13 -6,46 22,35
67.17 -6,45 22,37
67.20 -6,45 22,39
67.23 -6,45 22,41
67.27 -6,45 22,43
67.30 -6,45 22,45
67.33 -6,45 22,46
67.37 -6,45 22,32
67.40 -6,44 22,33
67.43 -6,44 22,35
67.47 -6,44 22,37
67.50 -6,44 22,39
67.53 -6,44 22,41
67.57 -6,44 22,43
67.60 -6,44 22,44
67.63 -6,44 22,46
67.67 -6,44 22,48
67.70 -6,44 22,33
67.73 -6,44 22,35
67.77 -6,45 22,37
67.80 -6,46 22,40
67.83 -6,47 22,54
67.87 -6,48 22,52
67.90 -6,48 22,52
67.93 -6,48 22,52
67.97 -6,48 22,52
68.00 -6,48 22,52
68.03 -6,48 22,52
68.07 -6,48 22,52
68.10 -6,48 22,52
68.13 -6,48 22,52
68.17 -6,48 22,52
68.20 -6,48 22,52
