#Kinovea Trajectory data export
#T X Y

# Trajectory 1
0.07 -2,95 -21,03
0.10 -2,94 -21,03
0.13 -2,94 -21,03
0.17 -2,93 -21,04
0.20 -2,79 -21,03
0.23 -2,79 -21,03
0.27 -2,80 -21,03
0.30 -2,81 -21,03
0.33 -2,82 -21,03
0.37 -2,82 -21,03
0.40 -2,82 -21,02
0.43 -2,83 -21,02
0.47 -2,83 -21,02
0.50 -2,83 -21,02
0.53 -2,84 -21,02
0.57 -2,84 -21,02
0.60 -2,84 -21,02
0.63 -2,85 -21,02
0.67 -2,70 -21,01
0.70 -2,71 -21,01
0.73 -2,72 -21,01
0.77 -2,86 -21,01
0.80 -2,86 -21,01
0.83 -2,85 -21,02
0.87 -2,85 -21,02
0.90 -2,84 -21,02
0.93 -2,84 -21,02
0.97 -2,84 -21,02
1.00 -2,85 -21,02
1.03 -2,85 -21,03
1.07 -2,85 -21,03
1.10 -2,86 -21,03
1.13 -2,86 -21,03
1.17 -2,87 -21,03
1.20 -2,88 -21,03
1.23 -2,88 -21,03
1.27 -2,89 -21,03
1.30 -2,89 -21,03
1.33 -2,90 -21,04
1.37 -2,90 -21,04
1.40 -2,91 -21,04
1.43 -2,91 -21,04
1.47 -2,92 -21,04
1.50 -2,92 -21,05
1.53 -2,93 -20,89
1.57 -2,93 -20,90
1.60 -2,94 -20,90
1.63 -2,95 -20,90
1.67 -2,96 -20,90
1.70 -3,10 -20,90
1.73 -3,10 -20,91
1.77 -3,09 -20,91
1.80 -3,09 -20,92
1.83 -3,09 -20,92
1.87 -3,09 -20,93
1.90 -3,09 -20,94
1.93 -3,09 -20,94
1.97 -3,10 -20,95
2.00 -3,11 -20,95
2.03 -3,11 -20,96
2.07 -3,12 -20,97
2.10 -3,26 -20,98
2.13 -3,26 -21,12
2.17 -3,27 -21,11
2.20 -3,27 -21,10
2.23 -3,42 -21,09
2.27 -3,41 -21,08
2.30 -3,40 -21,07
2.33 -3,40 -21,06
2.37 -3,39 -21,04
2.40 -3,39 -21,19
2.43 -3,40 -21,18
2.47 -3,40 -21,17
2.50 -3,40 -21,16
2.53 -3,40 -21,14
2.57 -3,41 -21,13
2.60 -3,41 -21,12
2.63 -3,41 -20,98
2.67 -3,40 -20,99
2.70 -3,39 -21,00
2.73 -3,25 -21,01
2.77 -3,25 -21,02
2.80 -3,25 -21,03
2.83 -3,25 -21,04
2.87 -3,24 -21,05
2.90 -3,24 -20,91
2.93 -3,23 -20,92
2.97 -3,23 -20,92
3.00 -3,23 -20,93
3.03 -3,22 -20,94
3.07 -3,22 -20,95
3.10 -3,23 -20,96
3.13 -3,23 -20,96
3.17 -3,24 -20,97
3.20 -3,39 -20,98
3.23 -3,38 -20,99
3.27 -3,38 -21,00
3.30 -3,37 -21,01
3.33 -3,37 -21,02
3.37 -3,36 -21,02
3.40 -3,35 -21,03
3.43 -3,35 -21,04
3.47 -3,35 -21,05
3.50 -3,35 -21,04
3.53 -3,35 -21,19
3.57 -3,34 -21,19
3.60 -3,34 -21,20
3.63 -3,34 -21,20
3.67 -3,35 -21,05
3.70 -3,50 -21,05
3.73 -3,50 -21,05
3.77 -3,50 -21,05
3.80 -3,51 -21,06
3.83 -3,66 -21,06
3.87 -3,66 -21,06
3.90 -3,65 -21,06
3.93 -3,65 -21,06
3.97 -3,66 -21,07
4.00 -3,65 -21,07
4.03 -3,65 -21,08
4.07 -3,65 -21,23
4.10 -3,65 -21,22
4.13 -3,65 -21,22
4.17 -3,65 -21,22
4.20 -3,64 -21,22
4.23 -3,64 -21,22
4.27 -3,64 -21,23
4.30 -3,79 -21,23
4.33 -3,95 -21,25
4.37 -4,25 -21,39
4.40 -4,25 -21,38
4.43 -4,40 -21,38
4.47 -4,41 -21,38
4.50 -4,41 -21,38
4.53 -4,56 -21,38
4.57 -4,87 -21,53
4.60 -5,02 -21,52
4.63 -5,33 -21,51
4.67 -5,48 -21,36
4.70 -5,48 -21,06
4.73 -5,64 -20,75
4.77 -5,64 -20,30
4.80 -5,64 -19,84
4.83 -5,79 -19,53
4.87 -5,79 -18,93
4.90 -5,94 -18,46
4.93 -6,09 -17,84
4.97 -6,10 -17,08
5.00 -6,24 -16,31
5.03 -6,24 -15,39
5.07 -6,24 -14,47
5.10 -6,23 -13,55
5.13 -6,08 -12,47
5.17 -6,08 -11,24
5.20 -5,93 -10,01
5.23 -5,78 -8,63
5.27 -5,63 -7,25
5.30 -5,47 -5,87
5.33 -5,16 -4,18
5.37 -4,86 -2,64
5.40 -4,70 -0,95
5.43 -4,40 0,74
5.47 -4,24 2,58
5.50 -3,93 4,58
5.53 -3,78 6,42
5.57 -3,47 8,42
5.60 -3,47 10,26
5.63 -3,31 12,26
5.67 -3,16 14,26
5.70 -3,16 16,25
5.73 -3,16 18,25
5.77 -3,16 20,25
5.80 -3,16 22,25
5.83 -3,32 24,24
5.87 -3,47 26,09
5.90 -3,63 27,62
5.93 -3,79 29,00
5.97 -3,95 30,08
6.00 -4,10 30,69
6.03 -4,55 31,15
6.07 -4,72 30,69
6.10 -5,02 30,23
6.13 -5,17 29,62
6.17 -5,17 29,16
6.20 -5,02 28,85
6.23 -4,87 28,70
6.27 -4,71 28,70
6.30 -4,55 28,70
6.33 -4,39 28,85
6.37 -4,23 28,86
6.40 -4,08 29,01
6.43 -3,92 29,01
6.47 -3,77 28,85
6.50 -3,62 28,70
6.53 -3,62 28,70
6.57 -3,46 28,54
6.60 -3,31 28,54
6.63 -3,30 28,54
6.67 -3,15 28,54
6.70 -3,15 28,54
6.73 -3,00 28,54
6.77 -3,00 28,54
6.80 -3,00 28,54
6.83 -2,85 28,38
6.87 -2,86 28,23
6.90 -2,86 28,23
6.93 -2,86 28,08
6.97 -2,71 27,93
7.00 -2,71 27,92
7.03 -2,71 27,77
7.07 -2,55 27,62
7.10 -2,55 27,62
7.13 -2,55 27,62
7.17 -2,40 27,47
7.20 -2,40 27,47
7.23 -2,41 27,47
7.27 -2,41 27,32
7.30 -2,56 27,47
7.33 -2,56 27,47
7.37 -2,56 27,47
7.40 -2,56 27,47
7.43 -2,71 27,62
7.47 -2,72 27,78
7.50 -2,88 28,08
7.53 -3,03 28,23
7.57 -3,18 28,39
7.60 -3,19 28,55
7.63 -3,34 28,71
7.67 -3,35 28,71
7.70 -3,50 28,72
7.73 -3,50 28,72
7.77 -3,49 28,71
7.80 -3,34 28,57
7.83 -3,33 28,57
7.87 -3,18 28,42
7.90 -3,04 28,26
7.93 -3,03 28,26
7.97 -2,88 27,95
8.00 -2,72 27,50
8.03 -2,56 27,04
8.07 -2,41 26,27
8.10 -2,25 25,65
8.13 -2,08 24,72
8.17 -1,78 23,65
8.20 -1,64 22,58
8.23 -1,64 21,50
8.27 -1,63 20,27
8.30 -1,63 19,20
8.33 -1,77 18,12
8.37 -1,92 16,89
8.40 -2,08 15,81
8.43 -2,39 14,58
8.47 -2,85 13,51
8.50 -3,15 12,43
8.53 -3,61 11,20
8.57 -3,92 9,97
8.60 -4,22 8,74
8.63 -4,68 7,51
8.67 -4,84 6,13
8.70 -5,30 4,90
8.73 -5,76 3,67
8.77 -5,92 2,60
8.80 -6,23 1,21
8.83 -6,54 -0,17
8.87 -6,99 -1,71
8.90 -7,15 -3,09
8.93 -7,31 -4,47
8.97 -7,61 -5,85
9.00 -7,77 -7,08
9.03 -8,07 -8,31
9.07 -8,22 -9,54
9.10 -8,37 -10,62
9.13 -8,53 -11,69
9.17 -8,84 -12,77
9.20 -9,15 -13,69
9.23 -9,45 -14,62
9.27 -9,46 -15,38
9.30 -9,61 -16,30
9.33 -9,61 -17,07
9.37 -9,61 -17,83
9.40 -9,62 -18,45
9.43 -9,61 -19,06
9.47 -9,46 -19,53
9.50 -9,46 -20,14
9.53 -9,30 -20,60
9.57 -9,15 -21,06
9.60 -9,15 -21,83
9.63 -9,00 -21,83
9.67 -9,00 -21,52
9.70 -9,15 -21,22
9.73 -9,45 -20,91
9.77 -9,60 -20,44
9.80 -9,61 -19,68
9.83 -9,62 -18,91
9.87 -9,61 -17,99
9.90 -9,47 -17,07
9.93 -9,47 -16,15
9.97 -9,47 -15,23
10.00 -9,32 -14,15
10.03 -9,17 -12,93
10.07 -8,87 -11,54
10.10 -8,71 -10,16
10.13 -8,41 -8,62
10.17 -8,09 -7,09
10.20 -7,63 -5,40
10.23 -7,17 -3,55
10.27 -6,56 -1,56
10.30 -6,10 0,44
10.33 -5,63 2,44
10.37 -5,17 4,59
10.40 -4,86 6,58
10.43 -4,40 8,73
10.47 -4,10 10,88
10.50 -3,94 12,88
10.53 -3,64 15,03
10.57 -3,63 17,18
10.60 -3,48 19,18
10.63 -3,64 21,18
10.67 -3,79 22,86
10.70 -3,94 24,40
10.73 -4,25 25,78
10.77 -4,55 27,01
10.80 -4,86 27,94
10.83 -5,17 28,70
10.87 -5,48 29,16
10.90 -5,93 29,17
10.93 -6,39 29,01
10.97 -6,85 28,55
11.00 -7,01 28,10
11.03 -7,16 27,79
11.07 -7,16 27,48
11.10 -6,86 27,33
11.13 -6,71 27,33
11.17 -6,70 27,32
11.20 -6,55 27,32
11.23 -6,55 27,32
11.27 -6,56 27,31
11.30 -6,70 27,31
11.33 -6,55 27,16
11.37 -6,56 27,16
11.40 -6,41 27,00
11.43 -6,26 26,85
11.47 -6,11 26,69
11.50 -5,81 26,38
11.53 -5,65 26,08
11.57 -5,34 25,61
11.60 -5,03 25,00
11.63 -4,72 24,39
11.67 -4,56 23,77
11.70 -4,25 22,85
11.73 -3,95 21,77
11.77 -3,80 20,85
11.80 -3,64 19,62
11.83 -3,64 18,55
11.87 -3,64 17,47
11.90 -3,79 16,24
11.93 -4,10 15,16
11.97 -4,40 13,93
12.00 -4,71 12,70
12.03 -5,02 11,32
12.07 -5,47 10,09
12.10 -5,78 8,71
12.13 -6,24 7,32
12.17 -6,70 6,10
12.20 -7,31 4,87
12.23 -7,77 3,79
12.27 -8,23 2,25
12.30 -8,54 0,72
12.33 -8,99 -0,97
12.37 -9,30 -2,51
12.40 -9,61 -4,04
12.43 -9,91 -5,57
12.47 -10,06 -7,11
12.50 -10,37 -8,65
12.53 -10,67 -10,34
12.57 -10,82 -11,72
12.60 -10,98 -13,25
12.63 -11,14 -14,48
12.67 -11,13 -15,87
12.70 -11,28 -17,09
12.73 -11,13 -18,17
12.77 -11,13 -19,40
12.80 -11,13 -20,32
12.83 -10,98 -21,24
12.87 -10,97 -22,01
12.90 -10,82 -22,01
12.93 -10,66 -21,55
12.97 -10,81 -21,40
13.00 -11,11 -21,25
13.03 -11,27 -20,79
13.07 -11,42 -20,17
13.10 -11,42 -19,41
13.13 -11,12 -18,48
13.17 -10,81 -17,56
13.20 -10,66 -16,64
13.23 -10,50 -15,56
13.27 -10,19 -14,64
13.30 -9,88 -13,56
13.33 -9,42 -12,18
13.37 -8,96 -10,80
13.40 -8,65 -9,41
13.43 -8,20 -8,03
13.47 -7,74 -6,49
13.50 -7,28 -4,80
13.53 -6,66 -2,96
13.57 -6,04 -1,12
13.60 -5,43 0,72
13.63 -4,97 2,57
13.67 -4,66 4,26
13.70 -4,20 6,10
13.73 -3,74 8,10
13.77 -3,43 9,94
13.80 -3,12 11,78
13.83 -2,81 13,62
13.87 -2,66 15,47
13.90 -2,51 17,31
13.93 -2,51 19,15
13.97 -2,66 20,69
14.00 -2,66 22,07
14.03 -2,97 23,30
14.07 -3,27 24,38
14.10 -3,58 25,14
14.13 -4,04 25,76
14.17 -4,49 26,22
14.20 -4,95 26,38
14.23 -5,41 26,38
14.27 -6,03 26,38
14.30 -6,65 26,07
14.33 -7,26 25,91
14.37 -7,57 25,61
14.40 -7,73 25,46
14.43 -7,88 25,46
14.47 -7,88 25,45
14.50 -7,73 25,45
14.53 -7,73 25,30
14.57 -7,74 25,30
14.60 -7,89 25,30
14.63 -7,89 25,29
14.67 -7,89 25,28
14.70 -7,89 25,28
14.73 -7,89 25,28
14.77 -7,74 25,28
14.80 -7,59 25,28
14.83 -7,44 25,28
14.87 -7,14 25,12
14.90 -6,98 24,81
14.93 -6,67 24,34
14.97 -6,35 23,73
15.00 -6,04 22,96
15.03 -5,74 22,04
15.07 -5,58 21,12
15.10 -5,43 20,19
15.13 -5,28 18,97
15.17 -5,28 17,89
15.20 -5,43 16,81
15.23 -5,58 15,58
15.27 -5,73 14,35
15.30 -6,04 13,12
15.33 -6,34 11,74
15.37 -6,80 10,51
15.40 -7,10 9,28
15.43 -7,41 8,05
15.47 -7,72 6,66
15.50 -8,18 5,28
15.53 -8,64 4,21
15.57 -9,10 2,82
15.60 -9,26 1,29
15.63 -9,57 -0,40
15.67 -9,87 -1,94
15.70 -10,02 -3,32
15.73 -10,02 -4,86
15.77 -10,18 -6,24
15.80 -10,33 -7,78
15.83 -10,48 -9,16
15.87 -10,63 -10,70
15.90 -10,63 -12,08
15.93 -10,78 -13,30
15.97 -10,78 -14,53
16.00 -10,78 -15,61
16.03 -10,78 -16,69
16.07 -10,78 -17,76
16.10 -10,77 -18,68
16.13 -10,62 -19,45
16.17 -10,47 -20,07
16.20 -10,46 -20,83
16.23 -10,31 -21,30
16.27 -10,31 -21,91
16.30 -10,31 -22,22
16.33 -10,31 -21,93
16.37 -10,30 -21,76
16.40 -10,45 -21,62
16.43 -10,75 -21,78
16.47 -11,06 -21,77
16.50 -11,36 -21,45
16.53 -11,36 -20,84
16.57 -11,36 -20,23
16.60 -11,21 -19,61
16.63 -10,90 -18,69
16.67 -10,75 -17,93
16.70 -10,59 -17,16
16.73 -10,29 -16,24
16.77 -10,13 -15,31
16.80 -9,83 -14,24
16.83 -9,52 -13,01
16.87 -9,21 -11,78
16.90 -9,05 -10,55
16.93 -8,75 -9,32
16.97 -8,44 -7,79
17.00 -7,97 -6,25
17.03 -7,36 -4,41
17.07 -6,90 -2,72
17.10 -6,44 -0,87
17.13 -6,13 0,97
17.17 -5,68 2,81
17.20 -5,37 4,51
17.23 -5,06 6,35
17.27 -4,75 8,19
17.30 -4,44 10,03
17.33 -4,14 11,87
17.37 -3,98 13,72
17.40 -3,83 15,41
17.43 -3,68 17,25
17.47 -3,68 18,78
17.50 -3,68 20,32
17.53 -3,84 21,55
17.57 -3,99 22,78
17.60 -4,14 24,00
17.63 -4,45 24,93
17.67 -4,75 25,85
17.70 -4,91 26,61
17.73 -5,22 27,22
17.77 -5,52 27,68
17.80 -5,84 27,83
17.83 -6,45 27,84
17.87 -6,90 27,83
17.90 -7,21 27,53
17.93 -7,37 27,37
17.97 -7,51 27,22
18.00 -7,36 27,07
18.03 -7,36 27,07
18.07 -7,21 26,91
18.10 -7,20 26,76
18.13 -7,05 26,61
18.17 -7,04 26,46
18.20 -6,89 26,31
18.23 -6,89 26,16
18.27 -6,89 26,16
18.30 -6,88 26,15
18.33 -6,74 26,00
18.37 -6,74 26,00
18.40 -6,74 25,85
18.43 -6,73 25,85
18.47 -6,73 25,84
18.50 -6,73 25,69
18.53 -6,72 25,69
18.57 -6,72 25,53
18.60 -6,72 25,53
18.63 -6,72 25,38
18.67 -6,72 25,38
18.70 -6,72 25,38
18.73 -6,72 25,38
18.77 -6,87 25,53
18.80 -6,87 25,68
18.83 -6,87 25,69
18.87 -7,02 25,84
18.90 -7,02 25,99
18.93 -7,17 25,99
18.97 -7,32 26,15
19.00 -7,32 26,15
19.03 -7,47 26,30
19.07 -7,48 26,30
19.10 -7,48 26,30
19.13 -7,49 26,30
19.17 -7,49 26,30
19.20 -7,50 26,30
19.23 -7,50 26,15
19.27 -7,51 26,15
19.30 -7,50 25,84
19.33 -7,36 25,54
19.37 -7,36 25,08
19.40 -7,21 24,62
19.43 -7,06 23,85
19.47 -7,05 23,08
19.50 -6,75 21,85
19.53 -6,60 20,78
19.57 -6,44 19,55
19.60 -6,29 18,17
19.63 -6,30 16,94
19.67 -6,30 15,56
19.70 -6,45 14,33
19.73 -6,61 12,94
19.77 -6,76 11,56
19.80 -6,91 10,02
19.83 -7,07 8,64
19.87 -7,22 7,26
19.90 -7,38 5,88
19.93 -7,84 4,65
19.97 -8,15 3,42
20.00 -8,45 2,19
20.03 -8,60 0,81
20.07 -8,75 -0,73
20.10 -8,90 -2,26
20.13 -9,06 -3,65
20.17 -9,06 -5,03
20.20 -9,06 -6,42
20.23 -9,20 -7,80
20.27 -9,21 -9,18
20.30 -9,22 -10,26
20.33 -9,37 -11,49
20.37 -9,37 -12,56
20.40 -9,52 -13,64
20.43 -9,52 -14,56
20.47 -9,53 -15,48
20.50 -9,53 -16,25
20.53 -9,53 -17,01
20.57 -9,54 -17,78
20.60 -9,69 -18,55
20.63 -9,68 -19,32
20.67 -9,68 -19,93
20.70 -9,53 -20,55
20.73 -9,38 -21,17
20.77 -9,37 -21,78
20.80 -9,22 -22,39
20.83 -9,22 -22,39
20.87 -9,37 -22,08
20.90 -9,52 -21,62
20.93 -9,68 -21,01
20.97 -9,68 -20,24
21.00 -9,53 -19,17
21.03 -9,37 -18,25
21.07 -9,06 -17,33
21.10 -8,74 -16,25
21.13 -8,43 -15,18
21.17 -8,12 -14,10
21.20 -7,81 -13,03
21.23 -7,50 -11,80
21.27 -7,04 -10,57
21.30 -6,59 -9,19
21.33 -6,28 -7,81
21.37 -5,97 -6,58
21.40 -5,51 -5,05
21.43 -5,05 -3,51
21.47 -4,59 -1,98
21.50 -4,13 -0,44
21.53 -3,83 0,94
21.57 -3,67 2,33
21.60 -3,36 3,86
21.63 -3,06 5,40
21.67 -2,75 6,78
21.70 -2,60 8,32
21.73 -2,29 9,85
21.77 -2,14 11,39
21.80 -1,99 12,92
21.83 -1,99 14,30
21.87 -1,98 15,69
21.90 -1,98 17,07
21.93 -1,98 18,45
21.97 -2,13 19,53
22.00 -2,28 20,75
22.03 -2,43 21,68
22.07 -2,59 22,60
22.10 -2,89 23,37
22.13 -3,05 23,98
22.17 -3,36 24,60
22.20 -3,51 25,06
22.23 -3,83 25,37
22.27 -4,44 25,53
22.30 -5,06 25,52
22.33 -5,67 25,37
22.37 -6,13 25,22
22.40 -6,59 25,06
22.43 -6,59 25,07
22.47 -6,58 25,21
22.50 -6,57 25,21
22.53 -6,57 25,20
22.57 -6,57 25,05
22.60 -6,58 25,05
22.63 -6,73 24,90
22.67 -6,74 24,90
22.70 -6,88 24,91
22.73 -6,88 24,91
22.77 -6,88 25,06
22.80 -6,88 25,06
22.83 -6,87 25,06
22.87 -6,72 25,06
22.90 -6,56 24,75
22.93 -6,40 24,45
22.97 -6,10 23,99
23.00 -5,94 23,37
23.03 -5,64 22,60
23.07 -5,48 21,68
23.10 -5,32 20,76
23.13 -5,02 19,69
23.17 -5,01 18,62
23.20 -4,86 17,54
23.23 -4,86 16,46
23.27 -5,01 15,39
23.30 -5,16 14,31
23.33 -5,32 13,24
23.37 -5,62 12,16
23.40 -5,93 10,93
23.43 -6,24 10,01
23.47 -6,55 8,93
23.50 -7,01 7,70
23.53 -7,32 6,63
23.57 -7,78 5,55
23.60 -8,39 4,78
23.63 -9,00 3,86
23.67 -9,31 2,93
23.70 -9,62 1,55
23.73 -9,93 0,32
23.77 -10,24 -1,06
23.80 -10,39 -2,29
23.83 -10,40 -3,52
23.87 -10,55 -4,90
23.90 -10,71 -6,13
23.93 -10,87 -7,36
23.97 -10,87 -8,59
24.00 -11,03 -9,67
24.03 -11,18 -10,90
24.07 -11,34 -11,97
24.10 -11,48 -13,05
24.13 -11,48 -13,97
24.17 -11,48 -14,90
24.20 -11,48 -15,81
24.23 -11,48 -16,58
24.27 -11,33 -17,35
24.30 -11,32 -17,97
24.33 -11,17 -18,58
24.37 -11,02 -19,20
24.40 -11,02 -19,81
24.43 -11,01 -20,28
24.47 -11,01 -20,74
24.50 -11,00 -21,35
24.53 -11,00 -21,81
24.57 -10,99 -22,27
24.60 -10,99 -22,42
24.63 -10,98 -22,12
24.67 -11,13 -21,97
24.70 -11,28 -21,97
24.73 -11,29 -22,12
24.77 -11,29 -22,12
24.80 -11,14 -21,97
24.83 -11,15 -21,66
24.87 -11,30 -21,36
24.90 -11,15 -20,90
24.93 -11,14 -20,44
24.97 -10,98 -19,82
25.00 -10,68 -19,06
25.03 -10,52 -18,29
25.07 -10,06 -17,37
25.10 -9,60 -16,45
25.13 -9,29 -15,53
25.17 -9,29 -14,75
25.20 -9,13 -13,83
25.23 -8,98 -12,76
25.27 -8,67 -11,68
25.30 -8,37 -10,45
25.33 -8,21 -9,22
25.37 -7,91 -7,99
25.40 -7,60 -6,76
25.43 -7,15 -5,38
25.47 -6,83 -4,00
25.50 -6,53 -2,47
25.53 -6,07 -1,09
25.57 -5,92 0,14
25.60 -5,77 1,37
25.63 -5,61 2,76
25.67 -5,30 4,14
25.70 -5,15 5,53
25.73 -4,84 7,06
25.77 -4,54 8,60
25.80 -4,23 10,13
25.83 -4,08 11,51
25.87 -3,77 13,05
25.90 -3,62 14,59
25.93 -3,46 16,13
25.97 -3,31 17,66
26.00 -3,31 18,89
26.03 -3,30 20,12
26.07 -3,46 21,20
26.10 -3,61 22,27
26.13 -3,76 23,20
26.17 -3,91 23,97
26.20 -4,06 24,74
26.23 -4,22 25,35
26.27 -4,53 25,97
26.30 -4,99 26,27
26.33 -5,45 26,28
26.37 -5,91 26,28
26.40 -6,52 26,13
26.43 -6,83 25,98
26.47 -6,97 25,97
26.50 -6,97 25,82
26.53 -6,81 25,82
26.57 -6,65 25,83
26.60 -6,50 25,83
26.63 -6,50 25,84
26.67 -6,50 25,84
26.70 -6,51 25,84
26.73 -6,51 25,84
26.77 -6,52 25,84
26.80 -6,67 25,99
26.83 -6,66 25,99
26.87 -6,66 25,99
26.90 -6,51 25,99
26.93 -6,36 25,83
26.97 -6,22 25,53
27.00 -6,06 25,21
27.03 -5,90 24,60
27.07 -5,60 23,98
27.10 -5,44 23,06
27.13 -5,14 21,99
27.17 -5,13 20,91
27.20 -4,98 19,53
27.23 -4,98 18,30
27.27 -4,98 16,92
27.30 -5,28 15,54
27.33 -5,59 14,30
27.37 -5,90 12,92
27.40 -6,36 11,54
27.43 -6,97 10,00
27.47 -7,43 8,62
27.50 -7,90 7,24
27.53 -8,51 5,85
27.57 -9,12 4,62
27.60 -9,89 3,55
27.63 -10,50 2,62
27.67 -10,81 1,39
27.70 -11,12 0,01
27.73 -11,58 -1,37
27.77 -11,88 -2,76
27.80 -12,03 -3,99
27.83 -12,04 -5,37
27.87 -12,34 -6,75
27.90 -12,64 -8,14
27.93 -12,80 -9,52
27.97 -12,96 -10,91
28.00 -12,96 -12,14
28.03 -13,11 -13,52
28.07 -13,11 -15,06
28.10 -13,11 -16,44
28.13 -13,11 -17,83
28.17 -12,96 -19,21
28.20 -12,81 -20,59
28.23 -12,66 -22,13
28.27 -12,51 -22,28
28.30 -12,20 -21,51
28.33 -12,05 -21,67
28.37 -12,05 -22,13
28.40 -12,04 -21,66
28.43 -11,89 -21,97
28.47 -11,74 -21,67
28.50 -11,74 -21,82
28.53 -11,59 -21,67
28.57 -11,59 -21,82
28.60 -11,44 -21,67
28.63 -11,44 -21,67
28.67 -11,43 -21,68
28.70 -11,29 -21,68
28.73 -11,28 -21,68
28.77 -11,13 -21,68
28.80 -11,14 -21,68
28.83 -10,98 -21,68
28.87 -10,83 -21,68
28.90 -10,84 -21,68
28.93 -10,84 -21,68
28.97 -10,84 -21,68
29.00 -10,83 -21,69
29.03 -10,68 -21,69
29.07 -10,69 -21,69
29.10 -10,69 -21,69
29.13 -10,70 -21,69
29.17 -10,70 -21,69
29.20 -10,70 -21,69
29.23 -10,71 -21,69
29.27 -10,71 -21,69
29.30 -10,86 -21,69
29.33 -10,86 -21,69
29.37 -10,85 -21,69
29.40 -10,85 -21,69
29.43 -10,85 -21,69
29.47 -10,85 -21,69
29.50 -10,86 -21,69
29.53 -10,86 -21,70
29.57 -11,01 -21,70
29.60 -11,01 -21,70
29.63 -11,01 -21,70
29.67 -11,01 -21,70
29.70 -11,01 -21,70
29.73 -11,01 -21,70
29.77 -11,01 -21,70
29.80 -11,02 -21,70
29.83 -11,02 -21,70
29.87 -11,03 -21,70
29.90 -11,04 -21,71
29.93 -11,18 -21,71
29.97 -11,18 -21,71
30.00 -11,17 -21,71
