#Kinovea Trajectory data export
#T X Y

# Trajectory 1
0.10 5,14 -21,33
0.13 5,14 -21,34
0.17 4,96 -21,17
0.20 4,96 -21,17
0.23 4,96 -21,36
0.27 4,96 -21,37
0.30 4,96 -21,18
0.33 4,95 -21,19
0.37 4,95 -21,38
0.40 4,95 -21,38
0.43 4,94 -21,38
0.47 4,94 -21,37
0.50 4,94 -21,37
0.53 4,95 -21,36
0.57 5,13 -21,35
0.60 5,12 -21,34
0.63 5,12 -21,33
0.67 5,12 -21,32
0.70 5,12 -21,50
0.73 5,12 -21,49
0.77 5,13 -21,48
0.80 5,14 -21,47
0.83 5,14 -21,46
0.87 5,15 -21,46
0.90 5,16 -21,45
0.93 5,16 -21,44
0.97 5,16 -21,44
1.00 5,16 -21,43
1.03 5,16 -21,42
1.07 5,16 -21,42
1.10 5,16 -21,41
1.13 5,16 -21,40
1.17 5,16 -21,39
1.20 5,17 -21,38
1.23 5,17 -21,37
1.27 5,18 -21,37
1.30 5,20 -21,36
1.33 5,37 -21,35
1.37 5,36 -21,33
1.40 5,35 -21,32
1.43 5,35 -21,51
1.47 5,34 -21,31
1.50 5,33 -21,32
1.53 5,34 -21,52
1.57 5,34 -21,34
1.60 5,34 -21,33
1.63 5,35 -21,52
1.67 5,35 -21,52
1.70 5,36 -21,33
1.73 5,54 -21,33
1.77 5,36 -21,34
1.80 5,37 -21,34
1.83 5,37 -21,35
1.87 5,38 -21,35
1.90 5,37 -21,34
1.93 5,37 -21,34
1.97 5,37 -21,33
2.00 5,36 -21,33
2.03 5,35 -21,50
2.07 5,17 -21,50
2.10 5,18 -21,49
2.13 5,18 -21,48
2.17 5,17 -21,47
2.20 5,17 -21,46
2.23 5,16 -21,45
2.27 5,15 -21,44
2.30 4,97 -21,44
2.33 4,98 -21,43
2.37 4,99 -21,42
2.40 5,00 -21,42
2.43 5,00 -21,41
2.47 5,01 -21,40
2.50 5,01 -21,40
2.53 5,02 -21,39
2.57 5,02 -21,38
2.60 5,02 -21,38
2.63 5,03 -21,37
2.67 5,03 -21,37
2.70 5,03 -21,36
2.73 5,03 -21,36
2.77 5,04 -21,35
2.80 5,04 -21,35
2.83 5,04 -21,34
2.87 5,05 -21,33
2.90 5,06 -21,33
2.93 5,07 -21,51
2.97 5,08 -21,50
3.00 5,09 -21,50
3.03 5,10 -21,49
3.07 4,92 -21,48
3.10 4,93 -21,47
3.13 4,94 -21,47
3.17 4,94 -21,46
3.20 4,94 -21,45
3.23 4,94 -21,43
3.27 4,93 -21,42
3.30 4,93 -21,41
3.33 4,92 -21,40
3.37 4,92 -21,39
3.40 4,92 -21,38
3.43 4,92 -21,37
3.47 4,93 -21,36
3.50 4,93 -21,35
3.53 4,94 -21,34
3.57 4,94 -21,34
3.60 4,95 -21,33
3.63 4,95 -21,50
3.67 4,95 -21,49
3.70 4,95 -21,48
3.73 4,95 -21,47
3.77 4,94 -21,45
3.80 4,93 -21,44
3.83 4,76 -21,43
3.87 4,77 -21,42
3.90 4,95 -21,41
3.93 4,94 -21,39
3.97 4,93 -21,38
4.00 4,93 -21,36
4.03 4,92 -21,35
4.07 4,92 -21,33
4.10 4,92 -21,32
4.13 4,92 -21,49
4.17 4,92 -21,48
4.20 4,92 -21,47
4.23 4,93 -21,45
4.27 4,93 -21,44
4.30 4,93 -21,43
4.33 4,94 -21,41
4.37 4,93 -21,40
4.40 4,92 -21,39
4.43 4,75 -21,38
4.47 4,76 -21,37
4.50 4,76 -21,35
4.53 4,76 -21,34
4.57 4,77 -21,33
4.60 4,77 -21,50
4.63 4,78 -21,49
4.67 4,78 -21,48
4.70 4,79 -21,47
4.73 4,79 -21,46
4.77 4,80 -21,45
4.80 4,80 -21,44
4.83 4,81 -21,42
4.87 4,81 -21,41
4.90 4,82 -21,40
4.93 4,82 -21,40
4.97 4,83 -21,39
5.00 4,84 -21,38
5.03 5,02 -21,38
5.07 5,01 -21,37
5.10 5,00 -21,36
5.13 5,00 -21,35
5.17 4,99 -21,35
5.20 4,99 -21,34
5.23 4,98 -21,34
5.27 4,98 -21,34
5.30 4,98 -21,35
5.33 4,99 -21,35
5.37 5,17 -21,35
5.40 5,16 -21,35
5.43 5,16 -21,35
5.47 5,17 -21,36
5.50 5,18 -21,36
5.53 5,36 -21,36
5.57 5,35 -21,35
5.60 5,35 -21,35
5.63 5,34 -21,34
5.67 5,34 -21,34
5.70 5,34 -21,33
5.73 5,33 -21,51
5.77 5,32 -21,50
5.80 5,15 -21,49
5.83 5,15 -21,49
5.87 5,15 -21,48
5.90 5,15 -21,47
5.93 5,14 -21,46
5.97 4,96 -21,45
6.00 4,96 -21,44
6.03 4,95 -21,43
6.07 4,95 -21,42
6.10 4,94 -21,41
6.13 4,77 -21,41
6.17 4,94 -21,40
6.20 4,93 -21,39
6.23 4,92 -21,38
6.27 4,92 -21,38
6.30 4,91 -21,37
6.33 5,09 -21,37
6.37 5,09 -21,36
6.40 5,09 -21,35
6.43 5,10 -21,35
6.47 5,10 -21,35
6.50 4,93 -21,34
6.53 4,94 -21,34
6.57 4,95 -21,34
6.60 4,96 -21,33
6.63 4,97 -21,33
6.67 4,98 -21,51
6.70 4,99 -21,51
6.73 5,00 -21,50
6.77 5,01 -21,50
6.80 5,01 -21,49
6.83 5,02 -21,48
6.87 5,03 -21,48
6.90 5,03 -21,47
6.93 5,04 -21,46
6.97 5,04 -21,45
7.00 5,05 -21,45
7.03 5,06 -21,44
7.07 5,24 -21,43
7.10 5,23 -21,42
7.13 5,23 -21,41
7.17 5,22 -21,40
7.20 5,22 -21,40
7.23 5,23 -21,39
7.27 5,23 -21,38
7.30 5,23 -21,37
7.33 5,24 -21,36
7.37 5,24 -21,36
7.40 5,24 -21,35
7.43 5,24 -21,34
7.47 5,25 -21,33
7.50 5,25 -21,32
7.53 5,24 -21,50
7.57 5,24 -21,49
7.60 5,24 -21,48
7.63 5,23 -21,47
7.67 5,23 -21,46
7.70 5,22 -21,45
7.73 5,22 -21,44
7.77 5,21 -21,43
7.80 5,21 -21,42
7.83 5,20 -21,41
7.87 5,20 -21,40
7.90 5,19 -21,39
7.93 5,19 -21,38
7.97 5,19 -21,37
8.00 5,18 -21,36
8.03 5,18 -21,35
8.07 5,18 -21,35
8.10 5,18 -21,34
8.13 5,18 -21,33
8.17 5,18 -21,33
8.20 5,18 -21,51
8.23 5,18 -21,50
8.27 5,19 -21,50
8.30 5,36 -21,50
8.33 5,36 -21,51
8.37 5,35 -21,68
8.40 5,34 -21,67
8.43 5,34 -21,66
8.47 5,33 -21,64
8.50 5,34 -21,63
8.53 5,34 -21,62
8.57 5,34 -21,61
8.60 5,34 -21,60
8.63 5,34 -21,58
8.67 5,34 -21,57
8.70 5,33 -21,55
8.73 5,16 -21,54
8.77 5,17 -21,53
8.80 5,17 -21,52
8.83 5,17 -21,51
8.87 5,17 -21,70
8.90 5,17 -21,70
8.93 5,17 -21,71
8.97 5,17 -21,70
9.00 5,34 -21,87
9.03 5,53 -21,88
9.07 5,71 -21,88
9.10 5,72 -21,89
9.13 5,90 -21,71
9.17 5,91 -21,72
9.20 6,10 -21,73
9.23 6,28 -21,75
9.27 6,28 -21,91
9.30 6,28 -21,90
9.33 6,29 -21,88
9.37 6,47 -21,90
9.40 6,47 -21,72
9.43 6,65 -21,72
9.47 6,65 -21,73
9.50 6,65 -21,72
9.53 6,83 -21,54
9.57 6,65 -21,53
9.60 6,65 -21,33
9.63 6,65 -20,96
9.67 6,46 -20,76
9.70 6,28 -20,58
9.73 6,28 -20,22
9.77 6,10 -19,68
9.80 5,92 -19,32
9.83 5,74 -18,95
9.87 5,56 -18,39
9.90 5,36 -17,81
9.93 4,99 -17,08
9.97 4,63 -16,35
10.00 4,44 -15,77
10.03 4,25 -15,04
10.07 4,07 -14,47
10.10 3,89 -13,71
10.13 3,71 -12,78
10.17 3,53 -11,85
10.20 3,34 -10,91
10.23 3,15 -9,97
10.27 2,96 -9,03
10.30 2,78 -7,93
10.33 2,59 -6,82
10.37 2,41 -5,69
10.40 2,22 -4,39
10.43 2,03 -3,08
10.47 1,84 -1,59
10.50 1,66 -0,11
10.53 1,48 1,38
10.57 1,47 2,88
10.60 1,27 4,55
10.63 1,09 6,21
10.67 1,08 7,89
10.70 0,90 9,56
10.73 0,90 11,42
10.77 0,90 13,10
10.80 0,90 14,97
10.83 1,08 16,83
10.87 1,08 18,69
10.90 1,27 20,55
10.93 1,47 22,41
10.97 1,84 24,26
11.00 2,20 25,94
11.03 2,39 27,43
11.07 2,76 28,73
11.10 3,12 29,85
11.13 3,31 30,79
11.17 3,50 31,35
11.20 4,06 31,71
11.23 4,43 31,54
11.27 4,81 31,53
11.30 4,99 31,35
11.33 5,17 31,35
11.37 4,81 31,35
11.40 4,79 31,53
11.43 4,61 31,53
11.47 4,61 31,71
11.50 4,61 31,71
11.53 4,79 31,71
11.57 4,97 31,72
11.60 5,15 31,71
11.63 5,16 31,52
11.67 5,51 31,52
11.70 5,51 31,34
11.73 5,69 31,35
11.77 5,69 31,33
11.80 5,88 31,32
11.83 5,88 31,14
11.87 5,87 30,97
11.90 5,69 30,80
11.93 5,68 30,62
11.97 5,49 30,26
12.00 5,30 29,89
12.03 4,93 29,34
12.07 4,73 28,78
12.10 4,35 28,05
12.13 3,98 27,31
12.17 3,62 26,38
12.20 3,07 25,45
12.23 2,87 24,51
12.27 2,50 23,41
12.30 2,14 22,29
12.33 1,97 21,17
12.37 1,96 20,05
12.40 1,79 18,74
12.43 1,96 17,62
12.47 1,96 16,33
12.50 2,13 14,86
12.53 2,32 13,56
12.57 2,51 12,27
12.60 2,87 10,98
12.63 3,25 9,84
12.67 3,62 8,53
12.70 3,99 7,23
12.73 4,19 5,92
12.77 4,56 4,99
12.80 5,12 3,87
12.83 5,31 2,75
12.87 5,50 1,45
12.90 5,69 -0,04
12.93 5,87 -1,34
12.97 6,06 -2,64
13.00 6,06 -3,76
13.03 6,06 -4,88
13.07 6,06 -6,38
13.10 6,07 -7,68
13.13 6,07 -8,81
13.17 6,07 -9,91
13.20 6,06 -10,85
13.23 6,07 -11,80
13.27 6,07 -12,91
13.30 6,25 -13,82
13.33 6,24 -14,58
13.37 6,24 -15,51
13.40 6,06 -16,45
13.43 5,88 -17,37
13.47 5,89 -18,12
13.50 5,88 -18,69
13.53 5,87 -19,42
13.57 5,69 -19,96
13.60 5,69 -20,35
13.63 5,51 -21,28
13.67 5,51 -22,03
13.70 5,51 -22,22
13.73 5,51 -21,84
13.77 5,69 -21,46
13.80 5,87 -21,09
13.83 6,23 -20,53
13.87 6,24 -19,96
13.90 6,42 -19,20
13.93 6,42 -18,27
13.97 6,42 -17,34
14.00 6,41 -16,41
14.03 6,41 -15,49
14.07 6,41 -14,74
14.10 6,23 -13,99
14.13 6,23 -13,06
14.17 6,04 -12,14
14.20 5,85 -11,40
14.23 5,66 -10,64
14.27 5,48 -9,72
14.30 5,28 -8,97
14.33 5,09 -8,04
14.37 4,73 -7,11
14.40 4,53 -6,17
14.43 4,34 -5,23
14.47 3,96 -4,12
14.50 3,59 -3,01
14.53 3,21 -1,90
14.57 2,66 -0,79
14.60 2,29 0,50
14.63 2,11 1,62
14.67 1,91 2,73
14.70 1,54 3,85
14.73 1,36 5,16
14.77 1,18 6,46
14.80 0,99 7,77
14.83 0,99 8,88
14.87 0,98 10,37
14.90 0,80 11,85
14.93 0,98 13,35
14.97 0,98 15,02
15.00 1,16 16,51
15.03 1,34 18,18
15.07 1,53 19,67
15.10 1,72 21,16
15.13 2,08 22,47
15.17 2,27 23,59
15.20 2,65 24,71
15.23 3,02 25,65
15.27 3,39 26,39
15.30 3,59 26,95
15.33 3,79 27,33
15.37 4,17 27,68
15.40 4,53 27,86
15.43 4,91 27,87
15.47 5,28 28,04
15.50 5,46 28,03
15.53 5,45 28,03
15.57 5,27 28,03
15.60 5,28 28,03
15.63 5,28 28,02
15.67 5,28 28,00
15.70 5,28 27,99
15.73 5,10 27,97
15.77 5,11 27,79
15.80 4,93 27,80
15.83 4,93 27,82
15.87 4,93 28,00
15.90 4,93 28,00
15.93 4,93 28,00
15.97 4,92 28,01
16.00 4,91 28,03
16.03 5,09 28,04
16.07 5,08 28,05
16.10 5,07 28,06
16.13 5,07 28,08
16.17 5,07 28,06
16.20 5,07 28,24
16.23 5,06 28,26
16.27 5,05 28,26
16.30 4,87 28,27
16.33 4,87 28,43
16.37 4,87 28,61
16.40 4,86 28,60
16.43 4,69 28,59
16.47 4,69 28,58
16.50 4,70 28,57
16.53 4,70 28,55
16.57 4,70 28,55
16.60 4,69 28,55
16.63 4,68 28,57
16.67 4,68 28,74
16.70 4,69 28,76
16.73 4,86 28,95
16.77 4,87 29,12
16.80 4,88 29,13
16.83 5,06 29,14
16.87 5,24 29,31
16.90 5,24 29,13
16.93 5,24 28,95
16.97 5,24 28,77
17.00 5,23 28,59
17.03 5,04 28,23
17.07 4,85 27,87
17.10 4,66 27,50
17.13 4,47 26,95
17.17 4,28 26,37
17.20 4,09 25,62
17.23 3,89 24,69
17.27 3,71 23,74
17.30 3,52 22,61
17.33 3,52 21,31
17.37 3,33 19,83
17.40 3,33 18,52
17.43 3,52 17,21
17.47 3,70 15,90
17.50 3,88 14,41
17.53 4,06 12,93
17.57 4,26 11,62
17.60 4,62 10,31
17.63 4,81 9,01
17.67 5,00 7,89
17.70 5,20 6,58
17.73 5,39 5,28
17.77 5,76 3,97
17.80 5,76 2,66
17.83 5,76 1,17
17.87 5,77 -0,50
17.90 5,95 -1,81
17.93 5,95 -3,11
17.97 5,95 -4,42
18.00 5,95 -5,91
18.03 6,13 -7,39
18.07 6,31 -8,70
18.10 6,32 -10,01
18.13 6,69 -11,50
18.17 6,88 -12,80
18.20 7,26 -14,29
18.23 7,45 -15,60
18.27 7,63 -16,89
18.30 7,64 -18,01
18.33 7,82 -19,13
18.37 7,83 -20,25
18.40 7,83 -21,19
18.43 7,83 -21,94
18.47 7,82 -22,49
18.50 7,64 -22,10
18.53 7,64 -21,55
18.57 7,64 -21,17
18.60 7,64 -20,81
18.63 7,63 -20,79
18.67 7,63 -20,79
18.70 7,80 -20,98
18.73 7,99 -21,17
18.77 8,36 -21,18
18.80 8,53 -21,00
18.83 8,53 -20,80
18.87 8,53 -20,25
18.90 8,35 -19,87
18.93 8,17 -19,29
18.97 8,17 -18,55
19.00 7,99 -17,99
19.03 7,98 -17,42
19.07 7,61 -16,68
19.10 7,42 -15,92
19.13 7,05 -15,18
19.17 6,86 -14,43
19.20 6,67 -13,67
19.23 6,30 -12,73
19.27 5,93 -11,62
19.30 5,56 -10,51
19.33 5,18 -9,39
19.37 4,80 -8,09
19.40 4,25 -6,79
19.43 3,87 -5,29
19.47 3,50 -4,17
19.50 2,75 -1,19
19.53 2,20 0,49
19.57 2,01 1,97
19.60 1,64 3,47
19.63 1,27 5,14
19.67 0,90 7,00
19.70 0,71 8,67
19.73 0,52 10,35
19.77 0,33 12,21
19.80 0,14 14,07
19.83 0,14 15,93
19.87 -0,05 17,61
19.90 -0,04 19,47
19.93 0,15 21,34
19.97 0,33 23,01
20.00 0,52 24,51
20.03 0,71 26,00
20.07 1,08 27,49
20.10 1,45 28,61
20.13 1,82 29,54
20.17 2,18 30,29
20.20 2,37 30,86
20.23 2,74 31,42
20.27 3,11 31,62
20.30 3,67 31,63
20.33 4,23 31,81
20.37 4,60 31,81
20.40 4,78 31,80
20.43 4,60 31,97
20.47 4,60 31,79
20.50 4,59 31,61
20.53 4,59 31,43
20.57 4,60 31,05
20.60 4,61 30,68
20.63 4,61 30,32
20.67 4,62 29,94
20.70 4,63 29,76
20.73 4,64 29,40
20.77 4,63 29,23
20.80 4,63 29,22
20.83 4,63 29,06
20.87 4,63 29,05
20.90 4,63 28,87
20.93 4,64 28,70
20.97 4,64 28,53
21.00 4,65 28,36
21.03 4,83 28,36
21.07 4,82 28,18
21.10 4,81 28,17
21.13 4,80 28,00
21.17 4,79 28,01
21.20 4,78 28,03
21.23 4,61 28,04
21.27 4,79 28,21
21.30 4,79 28,19
21.33 4,79 28,19
21.37 4,80 28,18
21.40 4,98 28,19
21.43 4,98 28,20
21.47 5,17 28,37
21.50 5,17 28,37
21.53 5,35 28,55
21.57 5,37 28,71
21.60 5,54 28,74
21.63 5,55 28,93
21.67 5,74 29,11
21.70 5,92 29,29
21.73 6,10 29,46
21.77 6,12 29,46
21.80 6,48 29,64
21.83 6,49 29,62
21.87 6,67 29,44
21.90 6,67 29,26
21.93 6,85 29,08
21.97 6,85 28,89
22.00 6,84 28,69
22.03 6,65 28,34
22.07 6,65 28,17
22.10 6,47 27,97
22.13 6,28 27,43
22.17 6,27 27,04
22.20 6,07 26,29
22.23 5,71 25,35
22.27 5,52 24,24
22.30 5,33 23,12
22.33 5,13 21,81
22.37 4,94 20,51
22.40 4,76 19,20
22.43 4,76 17,90
22.47 4,76 16,78
22.50 4,76 15,48
22.53 4,95 14,17
22.57 4,95 12,69
22.60 5,13 11,39
22.63 5,31 10,26
22.67 5,49 8,97
22.70 5,67 7,85
22.73 5,85 6,72
22.77 6,03 5,42
22.80 6,22 4,30
22.83 6,22 2,81
22.87 6,22 1,33
22.90 6,22 -0,16
22.93 6,23 -1,47
22.97 6,23 -2,78
23.00 6,42 -4,08
23.03 6,60 -5,39
23.07 6,60 -6,69
23.10 6,79 -7,99
23.13 6,98 -9,29
23.17 7,17 -10,41
23.20 7,36 -11,54
23.23 7,73 -12,84
23.27 7,92 -13,96
23.30 8,29 -15,27
23.33 8,48 -16,57
23.37 8,66 -17,68
23.40 8,66 -18,79
23.43 8,66 -19,72
23.47 8,66 -20,46
23.50 8,48 -21,03
23.53 8,48 -21,59
23.57 8,30 -21,97
23.60 8,30 -22,14
23.63 8,11 -21,77
23.67 7,93 -21,57
23.70 7,92 -21,39
23.73 7,74 -21,59
23.77 7,74 -21,78
23.80 7,75 -21,79
23.83 7,94 -21,61
23.87 8,13 -21,61
23.90 8,50 -21,44
23.93 8,69 -21,43
23.97 9,05 -21,05
24.00 9,06 -20,49
24.03 9,07 -19,94
24.07 9,07 -19,55
24.10 8,89 -18,81
24.13 8,70 -18,06
24.17 8,32 -17,30
24.20 7,94 -16,55
24.23 7,76 -15,99
24.27 7,75 -15,43
24.30 7,57 -14,86
24.33 7,39 -14,30
24.37 7,20 -13,56
24.40 7,02 -13,01
24.43 7,02 -12,45
24.47 6,83 -11,89
24.50 6,46 -11,15
24.53 6,09 -10,41
24.57 5,90 -9,48
24.60 5,34 -8,74
24.63 5,16 -7,81
24.67 4,79 -7,06
24.70 4,41 -6,13
24.73 4,04 -5,21
24.77 3,67 -4,28
24.80 3,30 -3,35
24.83 2,93 -2,42
24.87 2,57 -1,31
24.90 2,20 -0,20
24.93 2,01 0,74
24.97 1,82 1,68
25.00 1,45 2,79
25.03 1,26 3,73
25.07 0,89 5,03
25.10 0,71 6,14
25.13 0,53 7,07
25.17 0,34 8,38
25.20 0,16 9,68
25.23 -0,03 10,98
25.27 -0,21 12,10
25.30 -0,39 13,41
25.33 -0,40 14,72
25.37 -0,40 16,02
25.40 -0,58 17,33
25.43 -0,58 18,45
25.47 -0,58 19,75
25.50 -0,57 20,88
25.53 -0,39 22,00
25.57 -0,38 23,12
25.60 -0,20 24,24
25.63 -0,02 25,36
25.67 0,16 26,28
25.70 0,34 27,03
25.73 0,52 27,77
25.77 0,70 28,32
25.80 1,06 28,69
25.83 1,44 28,87
25.87 2,18 29,05
25.90 2,74 29,04
25.93 3,29 29,04
25.97 3,66 29,05
26.00 3,84 29,05
26.03 3,85 29,06
26.07 3,86 29,06
26.10 3,86 28,89
26.13 3,86 28,72
26.17 3,87 28,52
26.20 3,86 28,16
26.23 3,86 27,96
26.27 3,86 27,77
26.30 3,85 27,59
26.33 3,85 27,59
26.37 3,85 27,58
26.40 3,85 27,59
26.43 4,03 27,60
26.47 4,21 27,78
26.50 4,22 27,78
26.53 4,41 27,77
26.57 4,59 27,76
26.60 4,77 27,59
26.63 4,95 27,59
26.67 5,13 27,60
26.70 5,31 27,61
26.73 5,49 27,79
26.77 5,49 27,81
26.80 5,67 27,98
26.83 5,67 28,00
26.87 5,67 28,18
26.90 5,68 28,16
26.93 5,68 27,98
26.97 5,50 27,79
27.00 5,31 27,42
27.03 5,12 27,04
27.07 4,92 26,30
27.10 4,73 25,55
27.13 4,55 24,60
27.17 4,37 23,49
27.20 4,38 22,55
27.23 4,39 21,42
27.27 4,57 20,12
27.30 4,76 18,82
27.33 4,95 17,52
27.37 5,14 16,40
27.40 5,51 14,91
27.43 5,88 13,42
27.47 6,25 12,11
27.50 6,81 10,81
27.53 7,36 9,70
27.57 7,74 8,58
27.60 8,30 7,45
27.63 8,86 6,15
27.67 9,41 5,04
27.70 9,79 3,74
27.73 10,17 2,43
27.77 10,54 0,94
27.80 10,91 -0,74
27.83 11,10 -2,05
27.87 11,28 -3,54
27.90 11,47 -5,03
27.93 11,66 -6,52
27.97 11,85 -7,83
28.00 11,86 -9,32
28.03 12,04 -10,99
28.07 12,04 -12,48
28.10 12,03 -13,79
28.13 12,03 -15,10
28.17 12,03 -16,40
28.20 11,84 -17,71
28.23 11,65 -19,01
28.27 11,29 -20,30
28.30 11,10 -21,41
28.33 10,73 -22,52
28.37 10,54 -21,78
28.40 10,17 -20,67
28.43 9,98 -20,85
28.47 9,80 -21,78
28.50 9,81 -21,22
28.53 9,81 -21,03
28.57 9,99 -21,41
28.60 9,81 -21,05
28.63 9,81 -21,06
28.67 9,81 -21,08
28.70 9,80 -21,09
28.73 9,62 -21,11
28.77 9,63 -21,13
28.80 9,62 -21,14
28.83 9,62 -21,13
28.87 9,61 -21,13
28.90 9,42 -21,13
28.93 9,42 -21,12
28.97 9,24 -21,11
29.00 9,24 -21,10
29.03 9,24 -21,09
29.07 9,24 -21,08
29.10 9,05 -21,07
29.13 9,05 -21,06
29.17 9,05 -21,05
29.20 8,87 -21,04
29.23 8,87 -21,03
29.27 8,87 -21,02
29.30 8,86 -21,01
29.33 8,68 -21,00
29.37 8,69 -20,99
29.40 8,68 -20,98
29.43 8,68 -20,98
29.47 8,67 -20,97
29.50 8,49 -20,96
29.53 8,49 -20,95
