#Kinovea Trajectory data export
#T X Y

# Trajectory 1
0.03 18,00 1,53 
0.07 18,00 1,53 
0.10 18,00 1,53 
0.13 17,99 1,53 
0.17 17,98 1,53 
0.20 17,83 1,53 
0.23 17,84 1,53 
0.27 17,84 1,53 
0.30 17,84 1,53 
0.33 17,84 1,53 
0.37 17,83 1,54 
0.40 17,82 1,37 
0.43 17,66 1,37 
0.47 17,67 1,37 
0.50 17,67 1,37 
0.53 17,67 1,37 
0.57 17,66 1,37 
0.60 17,65 1,37 
0.63 17,64 1,37 
0.67 17,63 1,37 
0.70 17,62 1,37 
0.73 17,61 1,37 
0.77 17,77 1,37 
0.80 17,76 1,37 
0.83 17,75 1,36 
0.87 17,74 1,53 
0.90 17,74 1,52 
0.93 17,73 1,51 
0.97 17,73 1,50 
1.00 17,74 1,49 
1.03 17,74 1,49 
1.07 17,75 1,49 
1.10 17,77 1,48 
1.13 17,93 1,48 
1.17 17,91 1,48 
1.20 17,91 1,48 
1.23 17,90 1,47 
1.27 17,89 1,48 
1.30 17,89 1,48 
1.33 17,88 1,48 
1.37 17,87 1,48 
1.40 17,86 1,49 
1.43 17,86 1,49 
1.47 17,84 1,49 
1.50 17,83 1,50 
1.53 17,81 1,50 
1.57 17,80 1,51 
1.60 17,78 1,51 
1.63 17,77 1,52 
1.67 17,92 1,53 
1.70 17,91 1,53 
1.73 17,90 1,54 
1.77 17,90 1,38 
1.80 17,89 1,38 
1.83 17,89 1,39 
1.87 17,89 1,39 
1.90 17,90 1,40 
1.93 17,91 1,41 
1.97 17,92 1,41 
2.00 17,93 1,41 
2.03 17,95 1,42 
2.07 18,11 1,43 
2.10 18,09 1,43 
2.13 18,08 1,44 
2.17 18,07 1,44 
2.20 18,07 1,45 
2.23 18,06 1,45 
2.27 18,05 1,45 
2.30 18,04 1,45 
2.33 17,88 1,44 
2.37 17,90 1,43 
2.40 17,90 1,43 
2.43 17,90 1,42 
2.47 17,89 1,41 
2.50 17,88 1,41 
2.53 17,72 1,40 
2.57 17,74 1,40 
2.60 17,75 1,39 
2.63 17,76 1,38 
2.67 17,92 1,38 
2.70 17,91 1,37 
2.73 17,91 1,37 
2.77 17,92 1,36 
2.80 18,08 1,36 
2.83 18,07 1,53 
2.87 18,08 1,52 
2.90 18,24 1,52 
2.93 18,24 1,52 
2.97 18,25 1,51 
3.00 18,26 1,51 
3.03 18,42 1,51 
3.07 18,41 1,50 
3.10 18,40 1,50 
3.13 18,39 1,50 
3.17 18,39 1,49 
3.20 18,38 1,49 
3.23 18,37 1,49 
3.27 18,21 1,49 
3.30 18,23 1,48 
3.33 18,24 1,48 
3.37 18,23 1,48 
3.40 18,23 1,48 
3.43 18,22 1,49 
3.47 18,06 1,49 
3.50 18,06 1,49 
3.53 18,06 1,49 
3.57 18,06 1,50 
3.60 18,05 1,51 
3.63 17,89 1,52 
3.67 17,90 1,52 
3.70 17,90 1,53 
3.73 17,89 1,54 
3.77 17,87 1,38 
3.80 17,72 1,38 
3.83 17,73 1,39 
3.87 17,74 1,39 
3.90 17,75 1,39 
3.93 17,76 1,39 
3.97 17,77 1,38 
4.00 17,79 1,37 
4.03 17,78 1,37 
4.07 17,94 1,36 
4.10 17,95 1,52 
4.13 17,96 1,51 
4.17 17,95 1,50 
4.20 18,11 1,49 
4.23 18,11 1,48 
4.27 18,12 1,47 
4.30 18,13 1,46 
4.33 18,12 1,46 
4.37 18,28 1,45 
4.40 18,27 1,45 
4.43 18,27 1,46 
4.47 18,27 1,46 
4.50 18,28 1,46 
4.53 18,44 1,46 
4.57 18,43 1,48 
4.60 18,42 1,49 
4.63 18,42 1,50 
4.67 18,42 1,52 
4.70 18,42 1,53 
4.73 18,43 1,54 
4.77 18,43 1,39 
4.80 18,44 1,40 
4.83 18,44 1,42 
4.87 18,45 1,43 
4.90 18,46 1,44 
4.93 18,30 1,46 
4.97 18,32 1,47 
5.00 18,47 1,49 
5.03 18,46 1,50 
5.07 18,45 1,51 
5.10 18,61 1,52 
5.13 18,61 1,54 
5.17 18,60 1,38 
5.20 18,60 1,39 
5.23 18,60 1,40 
5.27 18,59 1,41 
5.30 18,59 1,42 
5.33 18,59 1,43 
5.37 18,59 1,44 
5.40 18,58 1,45 
5.43 18,57 1,46 
5.47 18,41 1,47 
5.50 18,43 1,48 
5.53 18,44 1,49 
5.57 18,44 1,50 
5.60 18,44 1,50 
5.63 18,43 1,51 
5.67 18,42 1,51 
5.70 18,41 1,51 
5.73 18,25 1,51 
5.77 18,26 1,51 
5.80 18,26 1,50 
5.83 18,25 1,50 
5.87 18,24 1,49 
5.90 18,08 1,49 
5.93 18,09 1,48 
5.97 18,10 1,47 
6.00 18,11 1,46 
6.03 18,11 1,46 
6.07 18,12 1,45 
6.10 18,12 1,44 
6.13 17,96 1,43 
6.17 17,96 1,42 
6.20 17,97 1,42 
6.23 17,98 1,41 
6.27 17,99 1,40 
6.30 18,00 1,40 
6.33 18,02 1,39 
6.37 18,17 1,38 
6.40 18,15 1,38 
6.43 18,14 1,37 
6.47 18,13 1,37 
6.50 18,11 1,36 
6.53 18,12 1,52 
6.57 17,96 1,50 
6.60 17,95 1,35 
6.63 17,94 1,36 
6.67 17,96 1,37 
6.70 17,79 1,21 
6.73 17,79 1,22 
6.77 17,79 1,23 
6.80 17,78 1,24 
6.83 17,77 1,25 
6.87 17,93 1,26 
6.90 17,77 1,27 
6.93 17,78 1,28 
6.97 17,63 1,29 
7.00 17,64 1,30 
7.03 17,66 1,31 
7.07 17,67 1,32 
7.10 17,68 1,32 
7.13 17,69 1,33 
7.17 17,70 1,33 
7.20 17,70 1,32 
7.23 17,70 1,31 
7.27 17,70 1,30 
7.30 17,71 1,15 
7.33 17,72 1,17 
7.37 17,88 1,18 
7.40 17,88 1,19 
7.43 18,03 1,03 
7.47 18,04 1,04 
7.50 18,04 1,05 
7.53 18,04 1,06 
7.57 18,04 1,06 
7.60 17,88 1,07 
7.63 17,90 1,07 
7.67 17,91 1,08 
7.70 17,93 1,08 
7.73 17,95 1,08 
7.77 17,96 1,08 
7.80 17,78 1,09 
7.83 17,78 1,09 
7.87 17,60 1,10 
7.90 17,76 1,12 
7.93 17,76 1,29 
7.97 17,92 1,46 
8.00 18,09 1,80 
8.03 18,26 1,97 
8.07 18,42 2,31 
8.10 18,44 2,64 
8.13 18,61 2,82 
8.17 18,62 3,16 
8.20 18,79 3,51 
8.23 18,80 4,01 
8.27 18,80 4,36 
8.30 18,97 5,03 
8.33 19,15 5,54 
8.37 19,15 6,06 
8.40 19,15 6,73 
8.43 19,15 7,24 
8.47 19,16 7,91 
8.50 19,32 8,59 
8.53 19,48 9,44 
8.57 19,81 10,46 
8.60 20,14 11,48 
8.63 20,32 12,50 
8.67 20,68 13,70 
8.70 21,01 15,06 
8.73 21,53 16,42 
8.77 21,70 17,78 
8.80 21,87 19,14 
8.83 22,21 20,68 
8.87 22,38 22,21 
8.90 22,56 23,91 
8.93 22,73 25,61 
8.97 22,72 27,48 
9.00 22,71 29,19 
9.03 22,72 31,06 
9.07 22,54 32,93 
9.10 22,53 34,97 
9.13 22,20 37,01 
9.17 22,03 38,88 
9.20 21,70 41,09 
9.23 21,20 43,14 
9.27 20,86 45,35 
9.30 20,52 47,39 
9.33 20,17 49,26 
9.37 19,67 51,30 
9.40 19,32 52,83 
9.43 18,82 54,36 
9.47 18,48 55,21 
9.50 18,15 56,06 
9.53 17,98 56,23 
9.57 17,64 56,06 
9.60 17,46 55,72 
9.63 17,29 55,21 
9.67 17,13 54,87 
9.70 17,29 54,19 
9.73 17,29 54,02 
9.77 17,46 53,69 
9.80 17,47 53,69 
9.83 17,63 53,52 
9.87 17,64 53,69 
9.90 17,81 53,70 
9.93 18,15 53,86 
9.97 18,48 53,86 
10.00 18,81 53,86 
10.03 19,15 53,69 
10.07 19,48 53,35 
10.10 19,66 53,35 
10.13 20,00 52,84 
10.17 20,17 52,67 
10.20 20,51 52,50 
10.23 20,67 52,33 
10.27 21,00 52,16 
10.30 21,17 52,16 
10.33 21,34 52,16 
10.37 21,51 52,16 
10.40 21,68 52,16 
10.43 21,85 51,98 
10.47 22,03 51,81 
10.50 22,19 51,65 
10.53 22,20 51,64 
10.57 22,37 51,47 
10.60 22,53 51,30 
10.63 22,53 51,30 
10.67 22,70 51,13 
10.70 22,71 51,13 
10.73 22,87 51,13 
10.77 22,88 51,13 
10.80 23,04 51,13 
10.83 23,04 51,13 
10.87 23,04 51,13 
10.90 23,04 51,13 
10.93 23,05 51,13 
10.97 23,04 51,13 
11.00 23,04 50,96 
11.03 22,87 51,13 
11.07 22,87 50,96 
11.10 22,69 51,13 
11.13 22,53 51,13 
11.17 22,52 50,96 
11.20 22,34 50,96 
11.23 22,18 50,96 
11.27 22,01 50,96 
11.30 21,84 50,96 
11.33 21,51 50,96 
11.37 21,35 50,96 
11.40 21,19 50,96 
11.43 20,85 51,13 
11.47 20,68 51,13 
11.50 20,52 51,30 
11.53 20,51 51,13 
11.57 20,34 51,30 
11.60 20,17 51,30 
11.63 20,17 51,13 
11.67 20,17 50,97 
11.70 20,00 51,14 
11.73 20,00 50,97 
11.77 20,00 50,97 
11.80 20,00 50,80 
11.83 19,99 50,79 
11.87 20,15 50,79 
11.90 20,14 50,78 
11.93 20,13 50,77 
11.97 20,11 50,76 
12.00 20,09 50,76 
12.03 20,07 50,76 
12.07 19,92 50,77 
12.10 19,92 50,94 
12.13 19,92 50,94 
12.17 19,77 51,11 
12.20 19,77 51,12 
12.23 19,76 51,12 
12.27 19,59 51,29 
12.30 19,43 51,12 
12.33 19,42 50,95 
12.37 19,42 50,78 
12.40 19,58 50,61 
12.43 19,58 50,45 
12.47 19,59 50,45 
12.50 19,61 50,45 
12.53 19,62 50,44 
12.57 19,63 50,45 
12.60 19,64 50,46 
12.63 19,65 50,46 
12.67 19,80 50,28 
12.70 19,80 49,95 
12.73 19,97 49,44 
12.77 20,13 48,94 
12.80 20,29 48,26 
12.83 20,45 47,75 
12.87 20,64 46,90 
12.90 20,97 46,05 
12.93 21,30 45,03 
12.97 21,47 44,01 
13.00 21,64 43,16 
13.03 21,81 42,14 
13.07 21,97 41,12 
13.10 21,98 40,10 
13.13 22,14 38,91 
13.17 22,13 37,89 
13.20 21,97 37,04 
13.23 21,96 35,85 
13.27 21,79 34,82 
13.30 21,62 33,63 
13.33 21,45 32,44 
13.37 21,27 31,42 
13.40 21,10 30,06 
13.43 20,77 29,04 
13.47 20,43 27,85 
13.50 20,09 26,83 
13.53 19,91 25,64 
13.57 19,57 24,28 
13.60 19,24 22,92 
13.63 19,06 21,56 
13.67 18,73 20,36 
13.70 18,56 19,17 
13.73 18,23 17,98 
13.77 17,90 16,79 
13.80 17,71 15,59 
13.83 17,39 14,23 
13.87 17,22 13,04 
13.90 16,88 12,02 
13.93 16,55 10,83 
13.97 16,38 9,98 
14.00 16,21 8,95 
14.03 16,03 7,93 
14.07 15,86 6,91 
14.10 15,52 6,06 
14.13 15,36 5,21 
14.17 15,35 4,35 
14.20 15,34 3,34 
14.23 15,33 2,48 
14.27 15,32 1,46 
14.30 15,32 0,78 
14.33 15,32 0,61 
14.37 15,49 0,95 
14.40 15,65 1,29 
14.43 15,66 1,63 
14.47 15,84 1,97 
14.50 16,00 2,14 
14.53 16,00 2,30 
14.57 15,84 2,64 
14.60 15,84 3,15 
14.63 15,85 3,83 
14.67 16,02 4,51 
14.70 16,19 5,36 
14.73 16,37 6,38 
14.77 16,71 7,40 
14.80 17,05 8,59 
14.83 17,38 9,79 
14.87 17,72 11,15 
14.90 18,06 12,68 
14.93 18,40 14,04 
14.97 18,75 15,57 
15.00 19,25 17,27 
15.03 19,59 18,97 
15.07 19,94 20,68 
15.10 20,44 22,55 
15.13 20,78 24,42 
15.17 21,11 26,46 
15.20 21,28 28,50 
15.23 21,45 30,37 
15.27 21,62 32,25 
15.30 21,78 34,46 
15.33 21,78 36,50 
15.37 21,77 38,72 
15.40 21,77 40,93 
15.43 21,60 42,97 
15.47 21,43 45,01 
15.50 21,26 47,05 
15.53 20,93 49,10 
15.57 20,75 50,80 
15.60 20,40 52,67 
15.63 19,90 54,03 
15.67 19,73 55,22 
15.70 19,55 55,73 
15.73 19,21 56,07 
15.77 18,70 56,24 
15.80 17,85 55,90 
15.83 17,34 55,39 
15.87 16,99 54,71 
15.90 16,83 54,54 
15.93 16,83 54,37 
15.97 16,83 54,20 
16.00 17,00 54,03 
16.03 17,00 54,03 
16.07 16,99 54,03 
16.10 16,82 53,86 
16.13 16,64 53,69 
16.17 16,47 53,52 
16.20 16,30 53,35 
16.23 16,30 53,01 
16.27 16,30 52,50 
16.30 16,47 51,82 
16.33 16,47 51,48 
16.37 16,64 50,63 
16.40 16,81 49,95 
16.43 16,98 49,10 
16.47 17,15 48,25 
16.50 17,32 47,23 
16.53 17,50 46,04 
16.57 17,67 44,85 
16.60 17,67 44,00 
16.63 17,84 42,64 
16.67 17,83 41,45 
16.70 17,82 40,43 
16.73 17,66 39,24 
16.77 17,66 38,22 
16.80 17,48 37,03 
16.83 17,15 35,66 
16.87 16,99 34,65 
16.90 16,84 33,62 
16.93 16,68 32,43 
16.97 16,66 31,24 
17.00 16,49 29,88 
17.03 16,49 28,69 
17.07 16,31 27,50 
17.10 15,96 26,31 
17.13 15,62 25,11 
17.17 15,46 23,92 
17.20 15,46 22,39 
17.23 15,45 20,86 
17.27 15,44 19,50 
17.30 15,27 18,31 
17.33 15,28 16,95 
17.37 15,28 15,76 
17.40 15,28 14,40 
17.43 15,11 13,21 
17.47 15,10 12,02 
17.50 15,09 10,83 
17.53 14,93 9,64 
17.57 14,92 8,62 
17.60 14,75 7,60 
17.63 14,59 6,75 
17.67 14,59 5,90 
17.70 14,59 4,88 
17.73 14,59 4,20 
17.77 14,60 3,51 
17.80 14,75 2,83 
17.83 14,76 2,15 
17.87 14,92 1,81 
17.90 14,92 1,47 
17.93 15,08 1,13 
17.97 15,07 0,96 
18.00 15,08 0,96 
18.03 15,08 0,96 
18.07 15,08 0,96 
18.10 15,07 0,96 
18.13 14,90 0,96 
18.17 14,74 1,13 
18.20 14,75 1,48 
18.23 14,76 2,15 
18.27 14,94 2,67 
18.30 15,12 3,35 
18.33 15,46 4,20 
18.37 15,80 5,05 
18.40 16,15 5,91 
18.43 16,49 6,93 
18.47 16,84 7,94 
18.50 17,17 8,97 
18.53 17,51 10,16 
18.57 17,85 11,35 
18.60 18,36 12,88 
18.63 18,86 14,41 
18.67 19,37 15,94 
18.70 19,71 17,47 
18.73 20,06 19,17 
18.77 20,57 20,88 
18.80 21,09 22,92 
18.83 21,43 24,79 
18.87 21,60 26,49 
18.90 21,92 28,54 
18.93 22,08 30,58 
18.97 22,24 32,62 
19.00 22,24 34,49 
19.03 22,24 36,53 
19.07 22,25 38,40 
19.10 22,24 40,44 
19.13 22,08 42,32 
19.17 21,92 44,36 
19.20 21,91 45,89 
19.23 21,58 47,76 
19.27 21,40 49,46 
19.30 21,22 50,65 
19.33 20,89 52,01 
19.37 20,71 53,03 
19.40 20,53 53,71 
19.43 20,36 54,22 
19.47 20,02 54,56 
19.50 19,51 54,22 
19.53 19,00 53,88 
19.57 18,67 53,37 
19.60 18,66 53,20 
19.63 18,65 52,86 
19.67 18,65 52,86 
19.70 18,66 52,69 
19.73 18,67 52,69 
19.77 18,84 52,69 
19.80 18,84 52,69 
19.83 18,83 52,68 
19.87 18,84 52,51 
19.90 19,00 52,16 
19.93 19,00 51,65 
19.97 19,17 50,97 
20.00 19,35 50,29 
20.03 19,69 49,10 
20.07 20,02 47,91 
20.10 20,19 46,72 
20.13 20,36 45,36 
20.17 20,53 44,00 
20.20 20,54 42,81 
20.23 20,70 41,28 
20.27 20,54 40,09 
20.30 20,38 38,73 
20.33 20,22 37,37 
20.37 20,05 36,18 
20.40 19,73 34,99 
20.43 19,55 33,63 
20.47 19,20 32,43 
20.50 18,85 31,07 
20.53 18,51 29,88 
20.57 18,18 28,52 
20.60 17,67 27,16 
20.63 17,17 25,97 
20.67 16,99 24,61 
20.70 16,66 23,25 
20.73 16,48 21,72 
20.77 16,16 20,18 
20.80 16,00 18,82 
20.83 16,00 17,46 
20.87 15,99 15,93 
20.90 15,83 14,40 
20.93 15,83 13,04 
20.97 15,67 11,51 
21.00 15,68 10,31 
21.03 15,84 8,95 
21.07 15,83 7,59 
21.10 15,82 6,40 
21.13 15,80 5,21 
21.17 15,80 4,19 
21.20 15,98 3,17 
21.23 16,15 2,32 
21.27 16,31 1,64 
21.30 16,48 0,96 
21.33 16,49 0,62 
21.37 16,50 0,78 
21.40 16,68 1,11 
21.43 16,69 1,27 
21.47 16,70 1,11 
21.50 16,70 0,94 
21.53 16,52 0,77 
21.57 16,36 0,93 
21.60 16,36 1,10 
21.63 16,36 1,62 
21.67 16,53 2,30 
21.70 16,71 2,99 
21.73 17,05 3,83 
21.77 17,40 4,52 
21.80 17,90 5,54 
21.83 18,24 6,39 
21.87 18,74 7,58 
21.90 19,08 8,43 
21.93 19,41 9,46 
21.97 19,75 10,65 
22.00 20,09 11,84 
22.03 20,42 13,03 
22.07 20,77 14,39 
22.10 21,12 15,93 
22.13 21,45 17,63 
22.17 21,64 19,16 
22.20 21,98 20,86 
22.23 22,31 22,56 
22.27 22,49 24,43 
22.30 22,66 26,30 
22.33 22,66 28,00 
22.37 22,82 29,87 
22.40 22,82 31,57 
22.43 22,81 33,44 
22.47 22,80 35,31 
22.50 22,63 37,19 
22.53 22,47 38,89 
22.57 22,30 40,76 
22.60 22,14 42,46 
22.63 21,97 43,99 
22.67 21,79 45,69 
22.70 21,45 47,40 
22.73 21,28 48,76 
22.77 21,10 49,95 
22.80 20,92 51,14 
22.83 20,75 52,16 
22.87 20,58 52,84 
22.90 20,57 53,35 
22.93 20,41 53,69 
22.97 20,42 53,69 
23.00 20,26 53,52 
23.03 20,09 53,01 
23.07 19,91 52,50 
23.10 19,74 52,16 
23.13 19,73 51,82 
23.17 19,73 51,65 
23.20 19,74 51,65 
23.23 19,91 51,48 
23.27 20,08 51,48 
23.30 20,24 51,48 
23.33 20,40 51,48 
23.37 20,56 51,31 
23.40 20,72 51,14 
23.43 20,73 50,98 
23.47 20,90 50,81 
23.50 21,06 50,64 
23.53 21,07 50,47 
23.57 21,23 50,31 
23.60 21,24 50,31 
23.63 21,26 50,32 
23.67 21,42 50,32 
23.70 21,41 50,32 
23.73 21,40 50,49 
23.77 21,39 50,49 
23.80 21,23 50,65 
23.83 21,23 50,64 
23.87 21,21 50,64 
23.90 21,05 50,64 
23.93 21,04 50,64 
23.97 20,86 50,80 
24.00 20,70 50,80 
24.03 20,54 50,81 
24.07 20,54 50,82 
24.10 20,37 50,98 
24.13 20,20 50,99 
24.17 20,03 50,99 
24.20 19,87 51,16 
24.23 19,71 51,15 
24.27 19,70 51,14 
24.30 19,53 51,14 
24.33 19,52 51,13 
24.37 19,35 51,12 
24.40 19,34 51,11 
24.43 19,18 50,95 
24.47 19,18 50,95 
24.50 19,17 50,79 
24.53 19,01 50,79 
24.57 19,02 50,79 
24.60 19,02 50,62 
24.63 19,03 50,62 
24.67 19,04 50,62 
24.70 19,04 50,61 
24.73 19,04 50,45 
24.77 19,04 50,46 
24.80 18,88 50,62 
24.83 18,89 50,62 
24.87 18,89 50,61 
24.90 18,88 50,61 
24.93 18,88 50,45 
24.97 18,87 50,44 
25.00 18,88 50,27 
25.03 19,04 49,93 
25.07 19,04 49,76 
25.10 19,20 49,43 
25.13 19,20 49,25 
25.17 19,38 48,74 
25.20 19,56 48,06 
25.23 19,91 47,04 
25.27 20,25 45,85 
25.30 20,58 44,49 
25.33 20,92 42,96 
25.37 21,09 41,59 
25.40 21,27 40,23 
25.43 21,44 38,87 
25.47 21,45 37,68 
25.50 21,45 36,15 
25.53 21,45 34,79 
25.57 21,28 33,43 
25.60 21,11 32,07 
25.63 20,94 30,71 
25.67 20,61 29,35 
25.70 20,10 28,32 
25.73 19,76 27,13 
25.77 19,43 25,94 
25.80 19,26 24,58 
25.83 18,93 23,05 
25.87 18,76 21,69 
25.90 18,76 20,16 
25.93 18,75 18,63 
25.97 18,58 17,26 
26.00 18,42 15,73 
26.03 18,25 14,20 
26.07 18,24 12,84 
26.10 18,23 11,48 
26.13 18,05 10,29 
26.17 17,87 9,10 
26.20 17,69 8,07 
26.23 17,52 7,06 
26.27 17,50 6,20 
26.30 17,49 5,18 
26.33 17,48 4,16 
26.37 17,32 3,31 
26.40 17,32 2,63 
26.43 17,33 1,95 
26.47 17,35 1,44 
26.50 17,51 0,93 
26.53 17,50 0,76 
26.57 17,35 0,76 
26.60 17,17 1,09 
26.63 16,83 1,43 
26.67 16,66 2,11 
26.70 16,50 2,95 
26.73 16,66 3,80 
26.77 16,67 4,65 
26.80 17,00 5,67 
26.83 17,18 6,69 
26.87 17,52 7,89 
26.90 17,70 8,91 
26.93 18,04 10,10 
26.97 18,37 11,12 
27.00 18,70 12,48 
27.03 19,05 13,84 
27.07 19,56 15,37 
27.10 20,07 16,90 
27.13 20,40 18,43 
27.17 20,58 19,62 
27.20 21,08 21,33 
27.23 21,42 23,03 
27.27 21,76 24,56 
27.30 21,93 26,26 
27.33 22,10 27,96 
27.37 22,27 29,49 
27.40 22,43 31,19 
27.43 22,44 32,90 
27.47 22,60 34,60 
27.50 22,58 36,30 
27.53 22,57 37,83 
27.57 22,41 39,53 
27.60 22,40 41,23 
27.63 22,24 42,76 
27.67 22,23 44,30 
27.70 21,89 47,36 
27.73 21,73 48,55 
27.77 21,57 49,57 
27.80 21,41 50,59 
27.83 21,40 51,10 
27.87 21,22 51,78 
27.90 21,05 51,95 
27.93 20,73 51,95 
27.97 20,39 51,78 
28.00 20,05 51,44 
28.03 19,71 50,93 
28.07 19,53 50,76 
28.10 19,36 50,59 
28.13 19,36 50,59 
28.17 19,37 50,59 
28.20 19,54 50,59 
28.23 19,71 50,76 
28.27 19,87 50,76 
28.30 19,88 50,59 
28.33 19,89 50,59 
28.37 20,05 50,25 
28.40 20,05 49,91 
28.43 20,06 49,40 
28.47 20,23 48,73 
28.50 20,24 48,05 
28.53 20,57 46,69 
28.57 20,73 45,50 
28.60 20,74 44,30 
28.63 20,90 42,94 
28.67 20,90 41,58 
28.70 20,88 40,39 
28.73 20,70 39,20 
28.77 20,36 37,84 
28.80 20,02 36,65 
28.83 19,67 35,63 
28.87 19,16 34,27 
28.90 18,65 33,08 
28.93 18,14 31,88 
28.97 17,80 30,69 
29.00 17,29 29,33 
29.03 16,77 28,14 
29.07 16,25 26,95 
29.10 15,91 25,76 
29.13 15,74 24,23 
29.17 15,23 22,70 
29.20 14,89 21,17 
29.23 14,72 19,64 
29.27 14,71 18,28 
29.30 14,53 16,75 
29.33 14,19 15,39 
29.37 14,03 14,03 
29.40 14,02 12,67 
29.43 13,86 11,31 
29.47 13,86 10,11 
29.50 13,70 8,75 
29.53 13,52 7,56 
29.57 13,54 6,37 
29.60 13,52 5,35 
29.63 13,70 4,16 
29.67 13,85 3,31 
29.70 13,86 2,46 
29.73 14,01 1,78 
29.77 14,01 0,93 
29.80 14,01 0,42 
29.83 14,00 0,42 
29.87 13,84 0,59 
29.90 13,83 1,10 
29.93 13,66 1,61 
29.97 13,66 2,46 
30.00 13,67 3,32 
30.03 13,85 4,00 
30.07 14,18 4,85 
30.10 14,52 5,70 
30.13 14,86 6,72 
30.17 15,37 7,58 
30.20 15,72 8,60 
30.23 16,23 9,45 
30.27 16,58 10,47 
30.30 17,09 11,49 
30.33 17,61 12,68 
30.37 18,28 14,04 
30.40 18,79 15,23 
30.43 19,30 16,59 
30.47 19,81 17,95 
30.50 20,32 19,48 
30.53 20,83 21,01 
30.57 21,34 22,54 
30.60 21,67 24,07 
30.63 21,85 25,60 
30.67 22,18 27,14 
30.70 22,35 28,67 
30.73 22,53 30,20 
30.77 22,69 31,90 
30.80 22,85 33,60 
30.83 22,86 35,30 
30.87 22,87 36,84 
30.90 22,88 38,54 
30.93 22,71 40,07 
30.97 22,71 41,60 
31.00 22,55 43,13 
31.03 22,22 44,49 
31.07 22,06 45,68 
31.10 21,90 46,87 
31.13 21,73 47,72 
31.17 21,57 48,57 
31.20 21,42 49,43 
31.23 21,41 50,10 
31.27 21,24 50,78 
31.30 21,23 51,12 
31.33 21,07 51,64 
31.37 21,08 51,80 
31.40 21,06 51,97 
31.43 20,73 51,97 
31.47 20,40 51,80 
31.50 20,07 51,64 
31.53 19,89 51,47 
31.57 19,72 51,30 
31.60 19,55 51,30 
31.63 19,53 51,13 
31.67 19,37 51,12 
31.70 19,37 50,95 
31.73 19,38 50,78 
31.77 19,39 50,62 
31.80 19,40 50,61 
31.83 19,57 50,44 
31.87 19,57 50,27 
31.90 19,57 50,11 
31.93 19,59 49,94 
31.97 19,60 49,94 
32.00 19,61 49,77 
32.03 19,62 49,77 
32.07 19,63 49,61 
32.10 19,64 49,61 
32.13 19,66 49,62 
32.17 19,49 49,62 
32.20 19,50 49,62 
32.23 19,50 49,62 
32.27 19,49 49,62 
32.30 19,48 49,62 
32.33 19,47 49,62 
32.37 19,48 49,62 
32.40 19,49 49,63 
32.43 19,31 49,80 
32.47 19,30 49,79 
32.50 19,31 49,79 
32.53 19,15 49,80 
32.57 19,14 49,80 
32.60 19,14 49,81 
32.63 18,96 49,81 
32.67 18,96 49,81 
32.70 18,80 49,81 
32.73 18,79 49,81 
32.77 18,63 49,82 
32.80 18,46 49,82 
32.83 18,47 49,83 
32.87 18,30 49,84 
32.90 18,13 49,84 
32.93 18,12 49,85 
32.97 17,96 49,85 
33.00 17,94 49,84 
33.03 17,95 49,68 
33.07 17,94 49,68 
33.10 17,78 49,68 
33.13 17,62 49,69 
33.17 17,62 49,69 
33.20 17,62 49,85 
33.23 17,62 49,86 
33.27 17,61 50,02 
33.30 17,61 50,02 
33.33 17,77 50,02 
33.37 17,77 50,02 
33.40 17,76 50,03 
33.43 17,75 49,86 
33.47 17,73 49,86 
33.50 17,73 49,70 
33.53 17,72 49,69 
33.57 17,72 49,52 
33.60 17,88 49,35 
33.63 17,89 49,18 
33.67 18,06 48,84 
33.70 18,24 48,33 
33.73 18,57 47,64 
33.77 18,74 46,79 
33.80 19,07 45,60 
33.83 19,24 44,41 
33.87 19,41 43,22 
33.90 19,41 42,03 
33.93 19,42 40,67 
33.97 19,41 39,48 
34.00 19,24 38,29 
34.03 19,07 37,10 
34.07 18,73 35,90 
34.10 18,40 34,54 
34.13 18,22 33,35 
34.17 17,87 32,16 
34.20 17,54 30,80 
34.23 17,37 29,61 
34.27 16,86 28,42 
34.30 16,53 27,23 
34.33 16,35 25,87 
34.37 16,18 24,50 
34.40 16,01 23,14 
34.43 15,85 21,78 
34.47 15,85 20,25 
34.50 15,85 18,89 
34.53 16,01 17,36 
34.57 16,00 16,17 
34.60 16,00 14,64 
34.63 16,17 13,45 
34.67 16,34 12,09 
34.70 16,49 10,89 
34.73 16,48 9,70 
34.77 16,49 8,68 
34.80 16,50 7,83 
34.83 16,66 6,81 
34.87 16,65 5,78 
34.90 16,65 4,94 
34.93 16,65 4,08 
34.97 16,66 3,40 
35.00 16,83 2,55 
35.03 16,99 1,87 
35.07 16,99 1,19 
35.10 17,16 0,68 
35.13 17,16 0,34 
35.17 17,16 0,34 
35.20 17,16 0,51 
35.23 17,00 0,68 
35.27 16,99 0,69 
35.30 16,81 1,03 
35.33 16,63 1,20 
35.37 16,44 1,71 
35.40 16,26 2,22 
35.43 16,10 2,91 
35.47 16,25 3,59 
35.50 16,26 4,44 
35.53 16,43 5,12 
35.57 16,76 5,97 
35.60 16,93 6,82 
35.63 17,27 7,68 
35.67 17,28 8,53 
35.70 17,61 9,38 
35.73 17,78 10,40 
35.77 18,11 11,59 
35.80 18,46 12,61 
35.83 18,79 13,64 
35.87 18,96 14,83 
35.90 19,13 16,02 
35.93 19,32 17,21 
35.97 19,48 18,57 
36.00 19,65 19,76 
36.03 19,83 21,12 
36.07 19,99 22,48 
36.10 20,16 23,67 
36.13 20,33 25,03 
36.17 20,49 26,23 
36.20 20,49 27,76 
36.23 20,50 29,12 
36.27 20,51 30,48 
36.30 20,52 32,01 
36.33 20,54 33,37 
36.37 20,55 34,90 
36.40 20,56 36,43 
36.43 20,56 37,96 
36.47 20,56 39,67 
36.50 20,55 41,20 
36.53 20,39 42,73 
36.57 20,39 44,26 
36.60 20,23 45,79 
36.63 20,23 47,15 
36.67 20,07 48,34 
36.70 20,06 49,03 
36.73 19,89 49,88 
36.77 19,73 50,56 
36.80 19,72 51,07 
36.83 19,56 51,41 
36.87 19,56 51,58 
36.90 19,39 51,75 
36.93 19,39 51,75 
36.97 19,22 51,75 
37.00 19,05 51,58 
37.03 18,89 51,41 
37.07 18,89 51,41 
37.10 18,88 51,24 
37.13 18,89 51,24 
37.17 19,05 51,07 
37.20 19,21 50,90 
37.23 19,38 50,73 
37.27 19,54 50,56 
37.30 19,55 50,56 
37.33 19,71 50,39 
37.37 19,72 50,39 
37.40 19,87 50,22 
37.43 19,87 50,22 
37.47 19,86 50,05 
37.50 19,87 50,05 
37.53 19,87 50,05 
37.57 19,87 50,05 
37.60 19,86 49,88 
37.63 19,84 49,88 
37.67 19,83 49,88 
37.70 19,82 49,71 
37.73 19,67 49,72 
37.77 19,68 49,71 
37.80 19,69 49,54 
37.83 19,69 49,54 
37.87 19,70 49,38 
37.90 19,70 49,38 
37.93 19,72 49,38 
37.97 19,88 49,22 
38.00 19,88 49,22 
38.03 19,89 49,22 
38.07 19,90 49,22 
38.10 20,06 49,22 
38.13 20,06 49,22 
38.17 20,07 49,22 
38.20 20,07 49,22 
38.23 20,09 49,22 
38.27 20,10 49,22 
38.30 20,12 49,21 
38.33 20,13 49,21 
38.37 20,15 49,21 
38.40 20,17 49,21 
38.43 20,15 49,20 
38.47 20,30 49,20 
38.50 20,29 49,20 
38.53 20,27 49,20 
38.57 20,11 49,20 
38.60 20,12 49,21 
38.63 20,12 49,21 
38.67 20,11 49,21 
38.70 20,10 49,22 
38.73 20,08 49,22 
38.77 20,07 49,22 
38.80 20,05 49,22 
38.83 20,04 49,23 
38.87 20,02 49,23 
38.90 20,01 49,23 
38.93 19,99 49,22 
38.97 19,99 49,06 
39.00 20,16 49,06 
39.03 20,00 49,06 
39.07 20,01 49,06 
39.10 20,17 49,06 
39.13 20,17 49,06 
39.17 20,17 49,07 
39.20 20,19 49,24 
39.23 20,34 49,24 
39.27 20,33 49,25 
39.30 20,49 49,41 
39.33 20,48 49,40 
39.37 20,47 49,39 
39.40 20,46 49,23 
39.43 20,45 49,07 
39.47 20,43 49,06 
39.50 20,43 48,88 
39.53 20,45 48,70 
39.57 20,63 48,37 
39.60 20,80 48,19 
39.63 20,97 47,69 
39.67 21,12 47,17 
39.70 21,13 46,50 
39.73 21,47 45,47 
39.77 21,64 44,28 
39.80 21,80 42,92 
39.83 21,81 41,90 
39.87 21,82 40,71 
39.90 21,81 39,35 
39.93 21,65 38,33 
39.97 21,48 37,14 
40.00 21,31 35,94 
40.03 21,14 34,58 
40.07 20,80 33,22 
40.10 20,63 32,03 
40.13 20,29 30,84 
40.17 19,96 29,65 
40.20 19,62 28,63 
40.23 19,11 27,61 
40.27 18,77 26,42 
40.30 18,60 25,23 
40.33 18,27 23,87 
40.37 18,10 22,51 
40.40 18,09 21,15 
40.43 17,93 19,95 
40.47 17,92 18,42 
40.50 17,59 17,23 
40.53 17,42 15,87 
40.57 17,26 14,51 
40.60 17,25 13,15 
40.63 17,09 11,79 
40.67 16,92 10,60 
40.70 16,75 9,41 
40.73 16,74 8,22 
40.77 16,58 7,03 
40.80 16,59 6,00 
40.83 16,42 4,98 
40.87 16,42 3,96 
40.90 16,42 2,94 
40.93 16,43 2,26 
40.97 16,59 1,58 
41.00 16,43 0,90 
41.03 16,44 0,73 
41.07 16,43 0,72 
41.10 16,26 0,89 
41.13 16,10 0,89 
41.17 15,93 1,06 
41.20 15,76 1,06 
41.23 15,59 0,89 
41.27 15,41 0,72 
41.30 15,23 0,74 
41.33 15,06 0,92 
41.37 14,89 1,09 
41.40 14,72 1,07 
41.43 14,54 0,75 
41.47 14,54 0,76 
41.50 14,37 0,91 
41.53 14,19 0,76 
41.57 14,02 0,76 
41.60 13,85 0,77 
41.63 13,68 0,95 
41.67 13,52 1,12 
41.70 13,52 1,47 
41.73 13,51 1,98 
41.77 13,52 2,32 
41.80 13,69 2,66 
41.83 13,87 3,18 
41.87 14,04 3,69 
41.90 14,38 4,37 
41.93 14,73 4,88 
41.97 15,06 5,55 
42.00 15,24 6,06 
42.03 15,58 6,74 
42.07 15,76 7,25 
42.10 16,10 7,94 
42.13 16,44 8,79 
42.17 16,62 9,47 
42.20 16,96 10,32 
42.23 17,14 11,00 
42.27 17,49 12,02 
42.30 17,82 12,87 
42.33 17,99 13,72 
42.37 18,32 14,75 
42.40 18,65 15,77 
42.43 18,81 16,79 
42.47 18,98 17,81 
42.50 19,33 19,00 
42.53 19,67 20,19 
42.57 19,85 21,21 
42.60 20,19 22,40 
42.63 20,53 23,76 
42.67 20,87 24,95 
42.70 21,04 26,14 
42.73 21,22 27,33 
42.77 21,56 28,52 
42.80 21,74 29,72 
42.83 22,06 31,08 
42.87 22,23 32,27 
42.90 22,41 33,46 
42.93 22,73 34,82 
42.97 22,90 36,18 
43.00 23,07 37,37 
43.03 23,23 38,56 
43.07 23,22 39,58 
43.10 23,40 40,94 
43.13 23,24 41,80 
43.17 23,24 42,82 
43.20 23,24 43,84 
43.23 23,23 44,69 
43.27 23,21 45,54 
43.30 23,22 46,22 
43.33 23,21 46,90 
43.37 23,05 47,58 
43.40 23,05 48,09 
43.43 23,04 48,43 
43.47 23,03 48,77 
43.50 22,87 48,94 
43.53 22,86 49,11 
43.57 22,70 49,11 
43.60 22,69 49,28 
43.63 22,36 49,28 
43.67 22,19 49,45 
43.70 21,85 49,45 
43.73 21,52 49,61 
43.77 21,17 49,78 
43.80 20,82 49,77 
43.83 20,32 49,78 
43.87 19,99 49,78 
43.90 19,66 49,78 
43.93 19,32 49,61 
43.97 19,16 49,61 
44.00 19,16 49,43 
44.03 19,34 49,10 
44.07 19,51 48,93 
44.10 19,52 48,76 
44.13 19,53 48,58 
44.17 19,54 48,41 
44.20 19,55 48,41 
44.23 19,55 48,40 
44.27 19,55 48,41 
44.30 19,54 48,58 
44.33 19,39 48,76 
44.37 19,39 48,93 
44.40 19,38 49,10 
44.43 19,37 49,10 
44.47 19,20 49,26 
44.50 19,21 49,25 
44.53 19,20 49,25 
44.57 19,20 49,24 
44.60 19,20 49,25 
44.63 19,21 49,41 
44.67 19,22 49,58 
44.70 19,38 49,75 
44.73 19,38 49,91 
44.77 19,39 49,91 
44.80 19,55 49,92 
44.83 19,54 50,09 
44.87 19,55 50,08 
44.90 19,73 49,91 
44.93 19,90 49,74 
44.97 20,23 49,40 
45.00 20,41 49,06 
45.03 20,75 48,39 
45.07 21,08 47,71 
45.10 21,26 47,03 
45.13 21,60 45,83 
45.17 21,94 44,30 
45.20 22,11 43,28 
45.23 22,29 41,92 
45.27 22,45 40,56 
45.30 22,44 39,37 
45.33 22,28 38,01 
45.37 22,12 36,81 
45.40 21,94 35,28 
45.43 21,60 33,75 
45.47 21,43 32,22 
45.50 21,09 30,69 
45.53 20,74 29,33 
45.57 20,07 27,97 
45.60 19,73 26,61 
45.63 19,39 25,25 
45.67 19,06 23,55 
45.70 18,89 21,84 
45.73 18,56 19,97 
45.77 18,23 18,27 
45.80 18,06 16,57 
45.83 17,90 14,87 
45.87 17,91 13,17 
45.90 17,74 11,47 
45.93 17,57 9,77 
45.97 17,41 8,07 
46.00 17,39 6,20 
46.03 17,23 4,16 
46.07 17,23 2,12 
46.10 17,24 0,25 
46.13 17,41 1,10 
46.17 17,58 2,12 
46.20 17,74 1,94 
46.23 17,76 0,93 
46.27 17,75 1,60 
46.30 17,74 1,43 
46.33 17,57 1,26 
