#Kinovea Trajectory data export
#T X Y

# Trajectory 1
0.03 -0,17 23,74
0.07 -0,17 23,74
0.10 -0,17 23,74
0.13 -0,17 23,74
0.17 -0,18 23,74
0.20 -0,19 23,74
0.23 -0,20 23,74
0.27 -0,34 23,74
0.30 -0,34 23,74
0.33 -0,35 23,74
0.37 -0,49 23,74
0.40 -0,48 23,74
0.43 -0,49 23,75
0.47 -0,50 23,75
0.50 -0,51 23,75
0.53 -0,65 23,76
0.57 -0,64 23,77
0.60 -0,50 23,77
0.63 -0,51 23,62
0.67 -0,52 23,63
0.70 -0,51 23,64
0.73 -0,36 23,64
0.77 -0,36 23,65
0.80 -0,23 23,65
0.83 -0,07 23,65
0.87 -0,07 23,66
0.90 -0,21 23,67
0.93 -0,07 23,67
0.97 0,06 23,67
1.00 0,05 23,68
1.03 0,04 23,68
1.07 0,03 23,68
1.10 0,02 23,68
1.13 0,01 23,69
1.17 -0,00 23,69
1.20 -0,02 23,69
1.23 -0,03 23,69
1.27 -0,17 23,69
1.30 -0,16 23,69
1.33 -0,14 23,69
1.37 -0,12 23,70
1.40 -0,11 23,70
1.43 0,03 23,69
1.47 0,01 23,69
1.50 0,01 23,69
1.53 -0,00 23,68
1.57 -0,00 23,68
1.60 -0,00 23,68
1.63 -0,00 23,68
1.67 0,01 23,67
1.70 0,01 23,67
1.73 0,01 23,67
1.77 0,02 23,67
1.80 0,02 23,67
1.83 0,03 23,67
1.87 0,03 23,66
1.90 0,02 23,66
1.93 0,01 23,66
1.97 -0,00 23,66
2.00 -0,01 23,65
2.03 -0,02 23,65
2.07 -0,04 23,65
2.10 -0,18 23,65
2.13 -0,16 23,65
2.17 -0,16 23,65
2.20 -0,15 23,65
2.23 -0,14 23,65
2.27 -0,14 23,65
2.30 -0,13 23,65
2.33 -0,13 23,65
2.37 -0,13 23,65
2.40 -0,12 23,65
2.43 -0,11 23,65
2.47 -0,09 23,65
2.50 0,05 23,64
2.53 0,04 23,64
2.57 0,03 23,63
2.60 0,02 23,63
2.63 0,02 23,63
2.67 0,01 23,62
2.70 -0,00 23,62
2.73 -0,14 23,62
2.77 -0,13 23,62
2.80 -0,13 23,62
2.83 -0,13 23,62
2.87 -0,14 23,61
2.90 -0,15 23,76
2.93 -0,29 23,76
2.97 -0,28 23,76
3.00 -0,27 23,76
3.03 -0,26 23,76
3.07 -0,25 23,76
3.10 -0,24 23,76
3.13 -0,23 23,76
3.17 -0,09 23,76
3.20 -0,11 23,77
3.23 -0,12 23,77
3.27 -0,12 23,77
3.30 -0,12 23,77
3.33 -0,12 23,62
3.37 -0,12 23,62
3.40 -0,12 23,77
3.43 -0,11 23,77
3.47 -0,10 23,62
3.50 -0,09 23,77
3.53 -0,09 23,77
3.57 -0,08 23,77
3.60 -0,08 23,76
3.63 -0,08 23,76
3.67 -0,09 23,76
3.70 -0,10 23,76
3.73 -0,24 23,76
3.77 -0,23 23,76
3.80 -0,23 23,76
3.83 -0,22 23,76
3.87 -0,22 23,76
3.90 -0,22 23,77
3.93 -0,22 23,77
3.97 -0,36 23,77
4.00 -0,35 23,62
4.03 -0,34 23,62
4.07 -0,32 23,62
4.10 -0,31 23,62
4.13 -0,31 23,61
4.17 -0,30 23,76
4.20 -0,30 23,76
4.23 -0,30 23,76
4.27 -0,30 23,76
4.30 -0,30 23,75
4.33 -0,30 23,75
4.37 -0,29 23,75
4.40 -0,29 23,75
4.43 -0,27 23,75
4.47 -0,13 23,74
4.50 -0,15 23,74
4.53 -0,15 23,74
4.57 -0,16 23,73
4.60 -0,16 23,73
4.63 -0,15 23,73
4.67 -0,15 23,73
4.70 -0,15 23,73
4.73 -0,15 23,73
4.77 -0,15 23,73
4.80 -0,16 23,74
4.83 -0,18 23,73
4.87 -0,32 23,74
4.90 -0,31 23,74
4.93 -0,31 23,74
4.97 -0,31 23,74
5.00 -0,31 23,75
5.03 -0,31 23,75
5.07 -0,31 23,75
5.10 -0,31 23,75
5.13 -0,29 23,75
5.17 -0,16 23,75
5.20 -0,17 23,75
5.23 -0,18 23,75
5.27 -0,19 23,75
5.30 -0,19 23,75
5.33 -0,20 23,75
5.37 -0,20 23,75
5.40 -0,21 23,75
5.43 -0,21 23,76
5.47 -0,22 23,76
5.50 -0,09 23,76
5.53 -0,10 23,76
5.57 -0,12 23,76
5.60 -0,13 23,76
5.63 -0,15 23,76
5.67 -0,16 23,76
5.70 -0,17 23,76
5.73 -0,18 23,76
5.77 -0,19 23,76
5.80 -0,20 23,75
5.83 -0,20 23,75
5.87 -0,21 23,75
5.90 -0,21 23,74
5.93 -0,22 23,74
5.97 -0,22 23,74
6.00 -0,07 23,74
6.03 -0,08 23,74
6.07 -0,08 23,74
6.10 -0,08 23,74
6.13 -0,09 23,74
6.17 -0,09 23,75
6.20 -0,10 23,75
6.23 -0,10 23,75
6.27 -0,11 23,76
6.30 -0,12 23,76
6.33 -0,13 23,76
6.37 -0,13 23,77
6.40 -0,14 23,62
6.43 -0,14 23,63
6.47 -0,14 23,63
6.50 -0,15 23,64
6.53 -0,16 23,64
6.57 -0,17 23,65
6.60 -0,31 23,65
6.63 -0,30 23,66
6.67 -0,30 23,67
6.70 -0,29 23,68
6.73 -0,30 23,68
6.77 -0,31 23,69
6.80 -0,32 23,69
6.83 -0,46 23,70
6.87 -0,45 23,70
6.90 -0,44 23,70
6.93 -0,43 23,71
6.97 -0,42 23,71
7.00 -0,41 23,71
7.03 -0,39 23,72
7.07 -0,25 23,72
7.10 -0,25 23,72
7.13 -0,25 23,72
7.17 -0,23 23,72
7.20 -0,09 23,72
7.23 -0,10 23,72
7.27 -0,10 23,73
7.30 -0,10 23,73
7.33 -0,09 23,73
7.37 -0,08 23,73
7.40 -0,07 23,73
7.43 -0,07 23,74
7.47 -0,06 23,74
7.50 -0,21 23,75
7.53 -0,22 23,75
7.57 -0,22 23,76
7.60 -0,07 23,76
7.63 -0,08 23,77
7.67 -0,09 23,62
7.70 -0,09 23,63
7.73 -0,10 23,64
7.77 -0,10 23,64
7.80 -0,11 23,65
7.83 -0,11 23,65
7.87 -0,11 23,66
7.90 -0,11 23,66
7.93 -0,11 23,67
7.97 -0,11 23,67
8.00 -0,10 23,68
8.03 -0,09 23,68
8.07 -0,09 23,69
8.10 -0,08 23,69
8.13 -0,08 23,70
8.17 -0,08 23,70
8.20 -0,07 23,71
8.23 -0,07 23,71
8.27 -0,21 23,72
8.30 -0,21 23,73
8.33 -0,20 23,73
8.37 -0,19 23,74
8.40 -0,18 23,75
8.43 -0,17 23,75
8.47 -0,16 23,76
8.50 -0,16 23,77
8.53 -0,15 23,62
8.57 -0,14 23,63
8.60 -0,13 23,64
8.63 -0,13 23,65
8.67 -0,13 23,66
8.70 -0,13 23,67
8.73 -0,12 23,68
8.77 -0,12 23,68
8.80 -0,13 23,69
8.83 -0,14 23,70
8.87 -0,15 23,71
8.90 -0,29 23,71
8.93 -0,27 23,71
8.97 -0,26 23,70
9.00 -0,12 23,68
9.03 -0,25 23,66
9.07 -0,24 23,64
9.10 -0,22 23,63
9.13 -0,09 23,62
9.17 -0,10 23,75
9.20 -0,11 23,74
9.23 -0,11 23,72
9.27 -0,11 23,71
9.30 -0,11 23,71
9.33 -0,09 23,70
9.37 0,05 23,69
9.40 0,04 23,68
9.43 0,04 23,67
9.47 0,04 23,67
9.50 0,05 23,66
9.53 0,05 23,65
9.57 0,06 23,64
9.60 0,06 23,63
9.63 0,06 23,61
9.67 0,06 23,63
9.70 0,04 23,49
9.73 -0,10 23,50
9.77 -0,10 23,51
9.80 -0,11 23,51
9.83 -0,26 23,51
9.87 -0,24 23,50
9.90 -0,25 23,50
9.93 -0,41 23,49
9.97 -0,70 23,48
10.00 -0,84 23,47
10.03 -0,98 23,46
10.07 -1,13 23,60
10.10 -0,99 23,59
10.13 -1,00 23,58
10.17 -1,01 23,56
10.20 -1,02 23,55
10.23 -1,16 23,54
10.27 -1,15 23,53
10.30 -1,15 23,51
10.33 -1,14 23,37
10.37 -1,13 23,38
10.40 -1,12 23,39
10.43 -1,25 23,39
10.47 -1,11 23,41
10.50 -1,11 23,42
10.53 -1,12 23,44
10.57 -1,12 23,58
10.60 -1,13 23,57
10.63 -1,13 23,59
10.67 -1,12 23,76
10.70 -0,97 24,06
10.73 -0,83 24,35
10.77 -0,66 24,65
10.80 -0,66 25,10
10.83 -0,51 25,57
10.87 -0,37 26,32
10.90 -0,23 26,92
10.93 0,07 27,69
10.97 0,21 28,59
11.00 0,36 29,50
11.03 0,51 30,41
11.07 0,67 31,32
11.10 0,83 32,38
11.13 0,99 33,30
11.17 1,15 34,36
11.20 1,16 35,58
11.23 1,32 36,79
11.27 1,62 38,15
11.30 1,77 39,36
11.33 2,07 40,88
11.37 2,23 42,24
11.40 2,53 43,76
11.43 2,69 45,27
11.47 2,85 46,94
11.50 3,01 48,46
11.53 3,16 50,28
11.57 3,31 51,79
11.60 3,31 53,46
11.63 3,31 55,28
11.67 3,31 57,10
11.70 3,16 58,92
11.73 3,01 60,74
11.77 2,86 62,56
11.80 2,56 64,38
11.83 2,40 66,20
11.87 2,09 68,02
11.90 1,78 69,68
11.93 1,47 71,20
11.97 1,16 72,56
12.00 0,87 73,62
12.03 0,72 74,38
12.07 0,71 74,69
12.10 0,57 74,70
12.13 0,42 74,54
12.17 0,28 74,08
12.20 0,28 73,47
12.23 0,42 73,02
12.27 0,72 72,71
12.30 1,02 72,41
12.33 1,48 72,27
12.37 1,79 72,26
12.40 2,09 72,11
12.43 2,24 72,11
12.47 2,53 71,96
12.50 2,68 71,81
12.53 2,83 71,66
12.57 2,98 71,50
12.60 3,13 71,21
12.63 3,28 71,06
12.67 3,43 70,91
12.70 3,58 70,77
12.73 3,74 70,77
12.77 3,89 70,75
12.80 4,19 70,61
12.83 4,33 70,60
12.87 4,48 70,60
12.90 4,78 70,45
12.93 4,79 70,46
12.97 4,94 70,46
13.00 5,10 70,47
13.03 5,26 70,32
13.07 5,40 70,32
13.10 5,41 70,47
13.13 5,55 70,48
13.17 5,55 70,62
13.20 5,55 70,63
13.23 5,56 70,77
13.27 5,57 70,77
13.30 5,71 70,77
13.33 5,71 70,79
13.37 5,71 70,92
13.40 5,72 70,92
13.43 5,86 71,07
13.47 5,86 71,07
13.50 6,00 70,93
13.53 6,00 70,93
13.57 6,15 70,79
13.60 6,29 70,64
13.63 6,45 70,48
13.67 6,60 70,03
13.70 6,61 69,57
13.73 6,76 68,96
13.77 6,91 68,20
13.80 7,06 67,30
13.83 7,06 66,39
13.87 7,06 65,48
13.90 7,05 64,57
13.93 6,74 63,51
13.97 6,43 62,60
14.00 5,98 61,53
14.03 5,53 60,32
14.07 5,07 59,11
14.10 4,61 58,04
14.13 4,00 56,83
14.17 3,39 55,77
14.20 2,78 54,70
14.23 2,17 53,49
14.27 1,56 52,27
14.30 1,11 51,20
14.33 0,65 49,99
14.37 0,05 48,77
14.40 -0,41 47,71
14.43 -0,86 46,50
14.47 -1,17 45,43
14.50 -1,48 44,22
14.53 -1,93 43,00
14.57 -2,08 41,79
14.60 -2,24 40,73
14.63 -2,53 39,51
14.67 -2,68 38,30
14.70 -2,83 37,24
14.73 -2,84 36,19
14.77 -2,85 35,12
14.80 -3,01 34,06
14.83 -3,30 32,85
14.87 -3,45 31,94
14.90 -3,45 31,02
14.93 -3,46 30,12
14.97 -3,47 29,36
15.00 -3,61 28,60
15.03 -3,61 27,84
15.07 -3,61 27,09
15.10 -3,62 26,48
15.13 -3,62 25,72
15.17 -3,62 25,11
15.20 -3,61 24,50
15.23 -3,47 23,89
15.27 -3,47 23,28
15.30 -3,32 22,83
15.33 -3,18 22,99
15.37 -3,19 23,42
15.40 -3,35 23,73
15.43 -3,65 24,34
15.47 -3,65 25,25
15.50 -3,65 26,15
15.53 -3,49 27,21
15.57 -3,20 28,28
15.60 -2,90 29,49
15.63 -2,59 30,71
15.67 -2,14 32,07
15.70 -1,83 33,28
15.73 -1,23 34,80
15.77 -0,77 36,16
15.80 -0,16 37,83
15.83 0,45 39,35
15.87 1,20 41,16
15.90 1,81 42,83
15.93 2,42 44,49
15.97 3,03 46,16
16.00 3,64 47,98
16.03 4,24 49,80
16.07 4,70 51,47
16.10 5,15 53,14
16.13 5,46 54,81
16.17 5,77 56,47
16.20 6,07 58,14
16.23 6,21 59,81
16.27 6,22 61,47
16.30 6,22 62,99
16.33 6,21 64,65
16.37 5,91 66,17
16.40 5,76 67,53
16.43 5,46 68,74
16.47 5,15 69,80
16.50 4,84 70,71
16.53 4,53 71,32
16.57 4,22 71,77
16.60 3,93 71,94
16.63 3,63 71,93
16.67 3,34 71,61
16.70 3,18 71,16
16.73 2,89 70,71
16.77 2,88 70,26
16.80 2,88 69,96
16.83 3,03 69,80
16.87 3,04 69,65
16.90 3,18 69,49
16.93 3,19 69,35
16.97 3,33 69,21
17.00 3,34 69,06
17.03 3,49 68,76
17.07 3,79 68,45
17.10 3,94 67,85
17.13 4,24 67,25
17.17 4,54 66,64
17.20 4,84 65,88
17.23 5,00 65,12
17.27 5,30 64,22
17.30 5,60 63,32
17.33 5,74 62,41
17.37 5,75 61,50
17.40 5,90 60,44
17.43 5,89 59,53
17.47 5,59 58,46
17.50 5,29 57,41
17.53 4,83 56,50
17.57 4,37 55,59
17.60 3,76 54,69
17.63 3,01 53,78
17.67 2,40 52,72
17.70 1,65 51,66
17.73 1,05 50,59
17.77 0,44 49,53
17.80 -0,31 48,46
17.83 -0,92 47,25
17.87 -1,53 46,04
17.90 -2,13 44,67
17.93 -2,43 43,31
17.97 -2,89 41,94
18.00 -3,50 40,58
18.03 -3,95 39,22
18.07 -4,41 38,00
18.10 -4,56 36,79
18.13 -4,86 35,58
18.17 -5,17 34,37
18.20 -5,48 33,15
18.23 -5,64 32,09
18.27 -5,79 31,03
18.30 -5,78 29,97
18.33 -5,63 29,06
18.37 -5,78 28,00
18.40 -5,78 27,24
18.43 -5,79 26,33
18.47 -5,80 25,58
18.50 -5,80 24,82
18.53 -5,65 24,21
18.57 -5,64 23,45
18.60 -5,49 22,84
18.63 -5,48 22,69
18.67 -5,47 23,14
18.70 -5,48 23,43
18.73 -5,79 23,58
18.77 -6,25 23,88
18.80 -6,55 24,48
18.83 -6,69 25,24
18.87 -6,69 26,14
18.90 -6,55 26,91
18.93 -6,39 27,97
18.97 -6,08 29,03
19.00 -5,62 30,09
19.03 -5,02 31,31
19.07 -4,42 32,68
19.10 -3,82 33,89
19.13 -3,22 35,26
19.17 -2,61 36,47
19.20 -1,85 37,99
19.23 -1,08 39,51
19.27 -0,32 41,03
19.30 0,58 42,69
19.33 1,34 44,36
19.37 1,95 45,87
19.40 2,55 47,39
19.43 3,15 48,91
19.47 3,75 50,58
19.50 4,21 52,25
19.53 4,67 53,91
19.57 5,12 55,58
19.60 5,58 57,40
19.63 5,87 59,23
19.67 6,17 61,04
19.70 6,33 62,71
19.73 6,33 64,38
19.77 6,34 65,90
19.80 6,34 67,41
19.83 6,18 68,63
19.87 6,02 69,84
19.90 5,72 70,75
19.93 5,56 71,50
19.97 5,26 71,81
20.00 4,95 71,97
20.03 4,48 72,11
20.07 3,89 71,96
20.10 3,58 71,81
20.13 3,28 71,66
20.17 3,27 71,51
20.20 3,27 71,51
20.23 3,57 71,51
20.27 3,88 71,52
20.30 3,88 71,51
20.33 4,04 71,34
20.37 4,20 71,03
20.40 4,36 70,57
20.43 4,51 69,97
20.47 4,67 69,21
20.50 4,82 68,30
20.53 4,96 67,24
20.57 4,96 66,18
20.60 4,96 64,97
20.63 4,95 63,75
20.67 4,80 62,54
20.70 4,64 61,18
20.73 4,35 59,81
20.77 4,04 58,45
20.80 3,59 57,08
20.83 2,99 55,72
20.87 2,53 54,35
20.90 1,92 53,14
20.93 1,32 51,62
20.97 0,86 50,26
21.00 0,24 49,05
21.03 -0,51 47,84
21.07 -0,96 46,62
21.10 -1,41 45,11
21.13 -1,71 43,59
21.17 -2,01 42,23
21.20 -2,46 40,71
21.23 -2,77 39,35
21.27 -3,07 37,98
21.30 -3,37 36,62
21.33 -3,38 35,26
21.37 -3,67 33,89
21.40 -3,83 32,52
21.43 -4,13 31,01
21.47 -4,14 29,95
21.50 -4,14 28,88
21.53 -4,14 27,82
21.57 -4,13 26,76
21.60 -3,99 25,85
21.63 -3,99 24,95
21.67 -3,84 24,34
21.70 -3,84 23,73
21.73 -3,68 23,27
21.77 -3,68 22,81
21.80 -3,66 22,81
21.83 -3,66 23,09
21.87 -3,66 23,22
21.90 -3,82 23,08
21.93 -4,13 23,10
21.97 -4,44 23,42
22.00 -4,58 24,02
22.03 -4,57 24,63
22.07 -4,42 25,37
22.10 -4,13 26,13
22.13 -3,82 26,89
22.17 -3,36 27,81
22.20 -2,76 28,87
22.23 -2,30 29,79
22.27 -1,85 30,71
22.30 -1,25 31,77
22.33 -0,79 32,84
22.37 -0,18 34,05
22.40 0,57 35,57
22.43 1,17 36,93
22.47 1,63 38,29
22.50 2,24 39,81
22.53 2,85 41,33
22.57 3,45 43,14
22.60 3,76 44,66
22.63 4,22 46,17
22.67 4,52 47,69
22.70 4,97 49,51
22.73 5,13 51,18
22.77 5,44 52,85
22.80 5,60 54,51
22.83 5,75 56,33
22.87 5,90 58,15
22.90 5,89 59,82
22.93 5,89 61,64
22.97 5,88 63,15
23.00 5,73 64,82
23.03 5,58 66,33
23.07 5,58 67,70
23.10 5,42 68,91
23.13 5,26 69,82
23.17 5,11 70,73
23.20 4,96 71,19
23.23 4,82 71,49
23.27 4,66 71,48
23.30 4,36 71,33
23.33 4,04 71,17
23.37 3,74 70,88
23.40 3,59 70,87
23.43 3,58 70,72
23.47 3,57 70,72
23.50 3,71 70,72
23.53 3,87 70,72
23.57 4,02 70,72
23.60 4,02 70,72
23.63 4,17 70,57
23.67 4,16 70,41
23.70 4,15 70,26
23.73 4,14 70,12
23.77 4,00 70,11
23.80 4,00 69,96
23.83 3,86 69,96
23.87 3,85 69,97
23.90 3,70 70,11
23.93 3,56 70,10
23.97 3,41 70,10
24.00 3,27 70,09
24.03 2,98 70,09
24.07 2,83 69,94
24.10 2,69 69,93
24.13 2,55 69,79
24.17 2,54 69,78
24.20 2,39 69,64
24.23 2,24 69,64
24.27 2,24 69,63
24.30 2,09 69,48
24.33 2,09 69,48
24.37 1,94 69,33
24.40 1,94 69,32
24.43 1,80 69,18
24.47 1,79 69,18
24.50 1,79 69,19
24.53 1,64 69,19
24.57 1,50 69,34
24.60 1,50 69,34
24.63 1,49 69,34
24.67 1,34 69,34
24.70 1,34 69,33
24.73 1,34 69,03
24.77 1,34 68,73
24.80 1,35 68,28
24.83 1,50 67,67
24.87 1,50 66,76
24.90 1,65 65,85
24.93 1,66 64,79
24.97 1,81 63,42
25.00 1,81 62,06
25.03 1,80 60,70
25.07 1,64 59,33
25.10 1,20 57,97
25.13 0,89 56,76
25.17 0,43 55,55
25.20 -0,18 54,33
25.23 -0,64 53,12
25.27 -1,24 51,75
25.30 -1,69 50,39
25.33 -2,00 49,17
25.37 -2,45 47,81
25.40 -2,91 46,45
25.43 -3,21 45,09
25.47 -3,36 43,73
25.50 -3,36 42,21
25.53 -3,52 40,69
25.57 -3,67 39,33
25.60 -3,83 37,96
25.63 -3,83 36,60
25.67 -3,83 35,23
25.70 -3,83 34,02
25.73 -4,13 31,44
25.77 -4,14 30,38
25.80 -4,14 29,32
25.83 -3,99 28,26
25.87 -3,99 27,20
25.90 -4,14 26,14
25.93 -4,14 25,23
25.97 -4,00 24,48
26.00 -3,86 23,87
26.03 -3,72 23,26
26.07 -3,55 22,80
26.10 -3,55 22,65
26.13 -3,55 22,66
26.17 -3,69 22,81
26.20 -3,84 22,82
26.23 -3,98 22,97
26.27 -3,99 23,11
26.30 -4,13 23,41
26.33 -3,99 23,87
26.37 -3,84 24,48
26.40 -3,69 25,09
26.43 -3,53 25,85
26.47 -3,09 26,60
26.50 -2,64 27,51
26.53 -2,17 28,41
26.57 -1,42 29,47
26.60 -0,81 30,38
26.63 -0,35 31,44
26.67 0,25 32,50
26.70 0,85 33,57
26.73 1,61 34,93
26.77 2,21 36,29
26.80 2,97 37,66
26.83 3,73 39,33
26.87 4,34 40,84
26.90 5,09 42,50
26.93 5,69 44,17
26.97 6,15 45,84
27.00 6,60 47,20
27.03 6,91 48,87
27.07 7,21 50,54
27.10 7,51 52,36
27.13 7,81 54,18
27.17 8,12 55,85
27.20 8,27 57,67
27.23 8,27 59,34
27.27 8,42 61,01
27.30 8,27 62,52
27.33 8,27 64,03
27.37 8,12 65,25
27.40 7,97 66,46
27.43 7,81 67,52
27.47 7,82 68,43
27.50 7,67 69,18
27.53 7,51 69,79
27.57 7,51 70,10
27.60 7,34 70,25
27.63 6,89 70,24
27.67 6,58 69,95
27.70 6,28 69,79
27.73 6,13 69,48
27.77 6,27 69,34
27.80 6,42 69,33
27.83 6,73 69,32
27.87 7,04 69,32
27.90 7,20 69,32
27.93 7,21 69,33
27.97 7,22 69,47
28.00 7,21 69,47
28.03 7,21 69,46
28.07 7,37 69,31
28.10 7,37 69,17
28.13 7,53 69,01
28.17 7,82 68,70
28.20 7,98 68,10
28.23 8,27 67,50
28.27 8,43 66,74
28.30 8,73 65,68
28.33 8,87 64,77
28.37 9,02 63,70
28.40 9,02 62,64
28.43 8,87 61,43
28.47 8,71 60,37
28.50 8,40 59,16
28.53 7,95 58,10
28.57 7,64 56,89
28.60 7,04 55,67
28.63 6,58 54,46
28.67 5,98 53,25
28.70 5,51 52,04
28.73 4,91 50,97
28.77 4,15 49,91
28.80 3,69 48,85
28.83 3,23 47,49
28.87 2,78 46,12
28.90 2,17 44,45
28.93 1,72 42,93
28.97 1,41 41,42
29.00 0,96 39,90
29.03 0,50 38,39
29.07 0,05 36,87
29.10 -0,10 35,51
29.13 -0,56 34,00
29.17 -0,86 32,63
29.20 -1,31 31,42
29.23 -1,61 30,21
29.27 -1,76 29,14
29.30 -1,76 28,08
29.33 -1,91 27,17
29.37 -1,92 26,26
29.40 -2,07 25,35
29.43 -2,08 24,60
29.47 -2,08 23,98
29.50 -2,22 23,22
29.53 -2,22 22,62
29.57 -2,22 22,48
29.60 -2,23 22,92
29.63 -2,39 23,23
29.67 -2,70 23,83
29.70 -2,86 24,45
29.73 -3,01 25,36
29.77 -2,86 26,27
29.80 -2,70 27,33
29.83 -2,39 28,39
29.87 -1,93 29,45
29.90 -1,33 30,66
29.93 -0,88 31,72
29.97 -0,57 32,93
30.00 -0,12 33,98
30.03 0,33 35,04
30.07 0,94 36,25
30.10 1,70 37,76
30.13 2,30 38,98
30.17 2,90 40,35
30.20 3,50 41,71
30.23 4,26 43,23
30.27 4,87 44,74
30.30 5,33 46,26
30.33 5,78 47,62
30.37 6,09 48,83
30.40 6,55 50,35
30.43 7,00 51,86
30.47 7,30 53,38
30.50 7,61 54,89
30.53 7,76 56,26
30.57 8,06 57,93
30.60 8,06 59,44
30.63 8,06 60,81
30.67 8,06 62,17
30.70 7,91 63,23
30.73 7,76 64,29
30.77 7,46 65,20
30.80 7,31 66,11
30.83 7,01 66,71
30.87 6,71 67,17
30.90 6,41 67,61
30.93 6,12 67,76
30.97 5,96 67,92
31.00 5,65 67,93
31.03 5,34 67,94
31.07 4,90 67,94
31.10 4,59 67,79
31.13 4,30 67,64
31.17 4,15 67,49
31.20 4,00 67,35
31.23 4,00 67,21
31.27 4,00 67,07
31.30 4,00 67,06
31.33 3,99 66,91
31.37 3,98 66,91
31.40 3,84 66,89
31.43 3,83 66,89
31.47 3,67 66,90
31.50 3,38 67,05
31.53 3,23 67,19
31.57 3,09 67,33
31.60 2,95 67,47
31.63 2,95 67,48
31.67 2,81 67,64
31.70 2,81 67,79
31.73 2,81 67,93
31.77 2,80 68,07
31.80 2,65 68,08
31.83 2,64 68,24
31.87 2,49 68,40
31.90 2,34 68,69
31.93 2,20 68,84
31.97 2,19 68,99
32.00 2,04 69,14
32.03 1,89 69,28
32.07 1,88 69,29
32.10 1,72 69,44
32.13 1,57 69,43
32.17 1,57 69,28
32.20 1,42 69,27
32.23 1,42 68,97
32.27 1,42 68,68
32.30 1,43 68,37
32.33 1,57 67,92
32.37 1,58 67,46
32.40 1,74 66,71
32.43 1,90 65,95
32.47 2,06 65,05
32.50 2,06 63,99
32.53 2,22 62,93
32.57 2,22 61,71
32.60 2,22 60,50
32.63 1,92 59,14
32.67 1,61 58,08
32.70 1,16 56,87
32.73 0,71 55,66
32.77 0,25 54,44
32.80 -0,21 53,08
32.83 -0,82 51,72
32.87 -1,42 50,50
32.90 -2,02 49,14
32.93 -2,47 47,92
32.97 -3,08 46,70
33.00 -3,69 45,34
33.03 -4,14 43,98
33.07 -4,45 42,47
33.10 -4,59 40,96
33.13 -4,74 39,44
33.17 -4,89 38,07
33.20 -5,04 36,56
33.23 -5,19 35,20
33.27 -5,04 33,84
33.30 -4,89 32,63
33.33 -4,90 31,41
33.37 -4,89 30,20
33.40 -4,74 29,13
33.43 -4,59 28,22
33.47 -4,44 27,32
33.50 -4,30 26,56
33.53 -4,30 25,80
33.57 -4,29 25,04
33.60 -4,13 24,58
33.63 -4,12 24,12
33.67 -3,97 23,66
33.70 -3,83 23,21
33.73 -3,83 22,76
33.77 -3,83 22,61
33.80 -3,96 22,91
33.83 -3,97 23,22
33.87 -4,12 23,83
33.90 -3,97 24,59
33.93 -3,83 25,50
33.97 -3,67 26,26
34.00 -3,22 27,17
34.03 -2,78 28,09
34.07 -2,32 29,14
34.10 -1,87 30,05
34.13 -1,41 30,96
34.17 -0,96 31,88
34.20 -0,36 32,94
34.23 0,10 34,15
34.27 0,72 35,36
34.30 1,33 36,57
34.33 1,93 37,93
34.37 2,39 39,29
34.40 2,99 40,66
34.43 3,45 42,17
34.47 3,91 43,69
34.50 4,21 45,05
34.53 4,51 46,41
34.57 4,81 47,78
34.60 5,11 49,29
34.63 5,40 50,81
34.67 5,55 52,33
34.70 5,70 53,69
34.73 5,86 55,21
34.77 6,00 56,73
34.80 6,00 58,10
34.83 6,01 59,31
34.87 6,02 60,67
34.90 6,03 61,89
34.93 6,03 63,10
34.97 6,02 64,16
35.00 5,87 65,07
35.03 5,87 65,98
35.07 5,72 66,74
35.10 5,71 67,49
35.13 5,71 68,10
35.17 5,56 68,41
35.20 5,27 68,72
35.23 4,96 69,01
35.27 4,51 69,00
35.30 4,19 68,99
35.33 3,90 68,85
35.37 3,89 68,85
35.40 3,90 68,99
35.43 4,05 68,99
35.47 4,20 69,14
35.50 4,20 69,15
35.53 4,35 69,29
35.57 4,36 69,30
35.60 4,50 69,30
35.63 4,49 69,30
35.67 4,49 69,16
35.70 4,48 69,15
35.73 4,34 68,99
35.77 4,33 68,84
35.80 4,34 68,84
35.83 4,19 68,70
35.87 4,18 68,70
35.90 4,18 68,69
35.93 4,03 68,55
35.97 3,89 68,55
36.00 3,89 68,40
36.03 3,88 68,25
36.07 3,73 68,11
36.10 3,72 67,96
36.13 3,58 67,81
36.17 3,58 67,65
36.20 3,58 67,51
36.23 3,57 67,51
36.27 3,57 67,51
36.30 3,57 67,52
36.33 3,57 67,66
36.37 3,71 67,67
36.40 3,56 67,81
36.43 3,56 67,81
36.47 3,40 67,82
36.50 3,26 67,82
36.53 3,25 67,83
36.57 3,11 67,83
36.60 3,10 67,81
36.63 3,10 67,66
36.67 3,09 67,51
36.70 3,08 67,36
36.73 3,08 67,06
36.77 3,08 66,61
36.80 3,09 66,15
36.83 3,23 65,40
36.87 3,24 64,49
36.90 3,24 63,43
36.93 3,39 62,37
36.97 3,39 61,15
37.00 3,39 59,94
37.03 3,38 58,58
37.07 3,23 57,36
37.10 2,92 56,15
37.13 2,47 54,94
37.17 2,01 53,87
37.20 1,56 52,66
37.23 1,10 51,45
37.27 0,50 50,09
37.30 0,04 49,03
37.33 -0,72 47,96
37.37 -1,17 46,90
37.40 -1,62 45,68
37.43 -1,93 44,17
37.47 -2,08 42,80
37.50 -2,38 41,28
37.53 -2,53 39,77
37.57 -2,83 38,41
37.60 -2,99 37,20
37.63 -3,14 35,83
37.67 -3,29 34,47
37.70 -3,43 33,26
37.73 -3,57 31,89
37.77 -3,57 30,68
37.80 -3,57 29,62
37.83 -3,57 28,41
37.87 -3,42 27,35
37.90 -3,42 26,29
37.93 -3,42 25,22
37.97 -3,27 24,31
38.00 -3,26 23,40
38.03 -3,10 22,64
38.07 -2,95 22,19
38.10 -2,81 22,50
38.13 -2,80 22,94
38.17 -2,81 23,09
38.20 -3,10 23,24
38.23 -3,25 23,39
38.27 -3,40 23,55
38.30 -3,41 24,00
38.33 -3,26 24,45
38.37 -3,25 24,91
38.40 -2,96 25,37
38.43 -2,81 25,97
38.47 -2,50 26,57
38.50 -2,18 27,18
38.53 -1,88 27,79
38.57 -1,43 28,54
38.60 -1,13 29,14
38.63 -0,68 29,75
38.67 -0,07 30,66
38.70 0,39 31,56
38.73 0,84 32,48
38.77 1,59 33,53
38.80 2,04 34,59
38.83 2,50 35,50
38.87 3,10 36,72
38.90 3,55 37,93
38.93 4,00 39,14
38.97 4,45 40,35
39.00 4,90 41,56
39.03 5,21 42,78
39.07 5,66 44,14
39.10 6,12 45,50
39.13 6,42 46,71
39.17 6,87 48,08
39.20 7,17 49,59
39.23 7,48 50,96
39.27 7,78 52,47
39.30 8,08 53,99
39.33 8,23 55,35
39.37 8,38 56,72
39.40 8,53 58,09
39.43 8,53 59,45
39.47 8,52 60,66
39.50 8,38 61,72
39.53 8,38 62,78
39.57 8,23 63,70
39.60 8,08 64,61
39.63 7,93 65,51
39.67 7,77 66,27
39.70 7,47 66,88
39.73 7,33 67,64
39.77 7,17 68,24
39.80 6,87 68,85
39.83 6,56 69,31
39.87 5,96 69,76
39.90 5,36 69,92
39.93 4,76 70,07
39.97 4,30 70,06
40.00 3,85 69,92
40.03 3,70 69,92
40.07 3,69 69,92
40.10 3,70 69,77
40.13 3,85 69,77
40.17 4,00 69,63
40.20 4,16 69,62
40.23 4,31 69,47
40.27 4,47 69,32
40.30 4,63 69,31
40.33 4,79 69,17
40.37 4,79 69,18
40.40 4,80 69,19
40.43 4,81 69,33
40.47 4,95 69,33
40.50 4,95 69,33
40.53 4,95 69,33
40.57 4,96 69,32
40.60 5,11 69,17
40.63 5,12 69,01
40.67 5,26 68,85
40.70 5,26 68,56
40.73 5,27 68,40
40.77 5,43 68,09
40.80 5,59 67,78
40.83 5,75 67,32
40.87 5,90 66,71
40.90 6,06 65,95
40.93 6,35 64,90
40.97 6,50 63,84
41.00 6,65 62,62
41.03 6,81 61,25
41.07 6,96 59,74
41.10 6,81 58,37
41.13 6,66 57,01
41.17 6,36 55,64
41.20 6,06 54,43
41.23 5,46 52,91
41.27 4,85 51,40
41.30 4,24 50,04
41.33 3,49 48,67
41.37 2,74 47,31
41.40 2,27 45,95
41.43 1,81 44,43
41.47 1,36 42,77
41.50 0,91 40,95
41.53 0,45 39,43
41.57 -0,00 37,76
41.60 -0,31 36,10
41.63 -0,46 34,43
41.67 -0,76 32,76
41.70 -1,06 31,09
41.73 -1,36 29,42
41.77 -1,51 27,61
41.80 -1,52 25,94
41.83 -1,51 24,12
41.87 -1,36 22,45
41.90 -1,21 22,30
41.93 -1,05 23,36
41.97 -0,89 23,22
42.00 -0,88 22,75
42.03 -0,75 23,19
42.07 -0,75 22,90
42.10 -0,75 23,04
42.13 -0,75 23,02
42.17 -0,75 23,01
42.20 -0,75 23,00
42.23 -0,75 23,14
