#Kinovea Trajectory data export
#T X Y

# Trajectory 1
0.03 4,14 16,82
0.07 4,14 16,82
0.10 4,14 16,82
0.13 4,14 16,82
0.17 4,14 16,82
0.20 4,14 16,82
0.23 4,15 16,82
0.27 4,15 16,82
0.30 4,15 16,82
0.33 4,15 16,82
0.37 4,15 16,82
0.40 4,15 16,82
0.43 4,16 16,82
0.47 4,16 16,82
0.50 4,16 16,82
0.53 4,16 16,82
0.57 4,17 16,82
0.60 4,17 16,82
0.63 4,17 16,82
0.67 4,17 16,82
0.70 4,18 16,82
0.73 4,18 16,82
0.77 4,18 16,82
0.80 4,18 16,82
0.83 4,19 16,82
0.87 4,05 16,82
0.90 4,05 16,82
0.93 4,05 16,82
0.97 4,06 16,82
1.00 4,06 16,82
1.03 4,06 16,82
1.07 4,06 16,82
1.10 4,07 16,82
1.13 4,07 16,82
1.17 4,07 16,82
1.20 4,07 16,82
1.23 4,07 16,82
1.27 4,06 16,82
1.30 4,05 16,82
1.33 4,04 16,82
1.37 4,18 16,82
1.40 4,17 16,82
1.43 4,04 16,82
1.47 4,05 16,82
1.50 3,92 16,82
1.53 4,05 16,82
1.57 4,04 16,82
1.60 4,17 16,82
1.63 4,17 16,82
1.67 4,16 16,82
1.70 4,16 16,82
1.73 4,15 16,83
1.77 4,15 16,83
1.80 4,15 16,83
1.83 4,16 16,83
1.87 4,17 16,83
1.90 4,18 16,83
1.93 4,31 16,83
1.97 4,31 16,83
2.00 4,31 16,70
2.03 4,44 16,84
2.07 4,44 16,99
2.10 4,43 17,27
2.13 4,43 17,68
2.17 4,44 18,10
2.20 4,58 18,52
2.23 4,71 18,95
2.27 4,71 19,37
2.30 4,84 19,65
2.33 4,84 19,94
2.37 4,84 20,22
2.40 4,84 20,37
2.43 4,85 20,51
2.47 4,86 20,65
2.50 4,86 20,64
2.53 4,87 20,50
2.57 4,87 20,50
2.60 4,87 20,36
2.63 4,86 20,22
2.67 4,86 20,22
2.70 4,86 20,08
2.73 4,86 19,94
2.77 4,85 19,93
2.80 4,71 19,79
2.83 4,71 19,66
2.87 4,71 19,66
2.90 4,72 19,66
2.93 4,72 19,66
2.97 4,73 19,67
3.00 4,74 19,81
3.03 4,75 19,94
3.07 4,62 19,95
3.10 4,63 19,95
3.13 4,76 19,96
3.17 4,75 19,96
3.20 4,88 19,97
3.23 4,87 19,97
3.27 4,86 19,98
3.30 4,85 19,98
3.33 4,84 19,98
3.37 4,83 19,98
3.40 4,82 19,98
3.43 4,81 19,99
3.47 4,81 19,99
3.50 4,80 19,99
3.53 4,79 20,00
3.57 4,78 20,00
3.60 4,78 20,00
3.63 4,77 20,00
3.67 4,76 20,00
3.70 4,76 20,00
3.73 4,75 20,01
3.77 4,74 20,01
3.80 4,88 20,01
3.83 4,87 20,01
3.87 4,86 20,01
3.90 4,86 20,02
3.93 4,85 20,02
3.97 4,84 20,02
4.00 4,84 20,02
4.03 4,83 20,01
4.07 4,83 19,87
4.10 4,82 19,87
4.13 4,81 19,87
4.17 4,80 19,86
4.20 4,79 19,73
4.23 4,78 19,73
4.27 4,77 19,74
4.30 4,76 19,74
4.33 4,75 19,75
4.37 4,74 19,75
4.40 4,87 19,75
4.43 4,86 19,76
4.47 4,85 19,76
4.50 4,84 19,76
4.53 4,83 19,77
4.57 4,83 19,77
4.60 4,82 19,77
4.63 4,81 19,77
4.67 4,80 19,78
4.70 4,78 19,78
4.73 4,78 19,64
4.77 4,77 19,64
4.80 4,76 19,64
4.83 4,75 19,64
4.87 4,88 19,64
4.90 4,87 19,64
4.93 4,86 19,64
4.97 4,85 19,64
5.00 4,84 19,64
5.03 4,83 19,64
5.07 4,82 19,65
5.10 4,81 19,79
5.13 4,80 19,79
5.17 4,79 19,79
5.20 4,79 19,79
5.23 4,78 19,80
5.27 4,77 19,81
5.30 4,77 19,81
5.33 4,76 19,82
5.37 4,75 19,83
5.40 4,74 19,83
5.43 4,88 19,97
5.47 4,87 19,96
5.50 4,87 19,95
5.53 4,86 19,95
5.57 4,85 19,94
5.60 4,85 19,80
5.63 4,84 19,81
5.67 4,83 19,81
5.70 4,82 19,80
5.73 4,81 19,67
5.77 4,80 19,67
5.80 4,79 19,67
5.83 4,78 19,67
5.87 4,77 19,54
5.90 4,64 19,40
5.93 4,65 19,25
5.97 4,65 18,83
6.00 4,64 18,41
6.03 4,50 17,84
6.07 4,37 17,14
6.10 4,37 16,44
6.13 4,24 15,73
6.17 4,23 14,90
6.20 4,10 14,19
6.23 3,97 13,35
6.27 3,96 12,37
6.30 3,82 11,52
6.33 3,69 10,54
6.37 3,55 9,41
6.40 3,42 8,29
6.43 3,41 7,31
6.47 3,27 6,19
6.50 3,13 5,21
6.53 2,99 4,23
6.57 2,86 3,24
6.60 2,85 2,26
6.63 2,71 1,28
6.67 2,56 0,16
6.70 2,42 -0,82
6.73 2,28 -1,95
6.77 2,15 -2,93
6.80 2,01 -4,06
6.83 2,00 -5,18
6.87 1,86 -6,30
6.90 1,71 -7,28
6.93 1,57 -8,40
6.97 1,43 -9,39
7.00 1,29 -10,37
7.03 1,16 -11,36
7.07 1,15 -12,34
7.10 1,00 -13,32
7.13 0,86 -14,30
7.17 0,73 -15,15
7.20 0,72 -15,99
7.23 0,58 -16,83
7.27 0,45 -17,53
7.30 0,45 -18,09
7.33 0,31 -18,66
7.37 0,31 -19,22
7.40 0,18 -19,78
7.43 0,18 -20,06
7.47 0,18 -20,48
7.50 0,17 -20,76
7.53 0,16 -20,91
7.57 0,03 -21,05
7.60 0,04 -21,19
7.63 0,04 -21,19
7.67 0,05 -21,04
7.70 0,06 -20,76
7.73 0,07 -20,34
7.77 0,21 -19,78
7.80 0,21 -19,09
7.83 0,36 -18,24
7.87 0,50 -17,26
7.90 0,63 -16,14
7.93 0,77 -15,02
7.97 0,90 -13,76
8.00 1,04 -12,50
8.03 1,17 -11,24
8.07 1,31 -9,83
8.10 1,44 -8,57
8.13 1,58 -7,45
8.17 1,71 -6,19
8.20 1,84 -5,06
8.23 1,85 -3,80
8.27 2,00 -2,68
8.30 2,14 -1,42
8.33 2,29 -0,29
8.37 2,43 0,97
8.40 2,58 2,09
8.43 2,72 3,35
8.47 2,87 4,48
8.50 3,01 5,74
8.53 3,15 7,00
8.57 3,29 8,13
8.60 3,44 9,39
8.63 3,58 10,65
8.67 3,73 11,78
8.70 3,87 13,04
8.73 4,01 14,16
8.77 4,15 15,14
8.80 4,29 15,98
8.83 4,30 16,69
8.87 4,44 17,39
8.90 4,45 17,95
8.93 4,58 18,37
8.97 4,58 18,79
9.00 4,59 18,93
9.03 4,60 19,07
9.07 4,60 18,93
9.10 4,60 18,79
9.13 4,59 18,66
9.17 4,59 18,51
9.20 4,57 18,51
9.23 4,56 18,51
9.27 4,55 18,51
9.30 4,54 18,50
9.33 4,41 18,37
9.37 4,42 18,37
9.40 4,43 18,23
9.43 4,44 17,95
9.47 4,44 17,54
9.50 4,43 16,84
9.53 4,29 16,28
9.57 4,16 15,43
9.60 4,03 14,45
9.63 3,89 13,32
9.67 3,88 12,20
9.70 3,74 11,08
9.73 3,59 9,82
9.77 3,45 8,56
9.80 3,30 7,30
9.83 3,15 5,90
9.87 2,88 4,63
9.90 2,75 3,23
9.93 2,62 1,97
9.97 2,61 0,84
10.00 2,46 -0,42
10.03 2,31 -1,68
10.07 2,16 -2,80
10.10 2,02 -3,93
10.13 1,87 -5,19
10.17 1,73 -6,31
10.20 1,59 -7,43
10.23 1,45 -8,41
10.27 1,32 -9,40
10.30 1,19 -10,38
10.33 1,18 -11,37
10.37 1,04 -12,35
10.40 0,90 -13,19
10.43 0,77 -14,03
10.47 0,76 -14,87
10.50 0,62 -15,71
10.53 0,49 -16,41
10.57 0,49 -17,25
10.60 0,35 -17,95
10.63 0,34 -18,52
10.67 0,20 -19,22
10.70 0,19 -19,78
10.73 0,06 -20,20
10.77 0,06 -20,63
10.80 0,05 -20,91
10.83 0,04 -21,19
10.87 0,03 -21,19
10.90 0,03 -21,19
10.93 0,03 -21,05
10.97 0,03 -20,91
11.00 0,04 -20,64
11.03 0,05 -20,35
11.07 0,18 -19,92
11.10 0,19 -19,36
11.13 0,33 -18,66
11.17 0,34 -17,96
11.20 0,48 -17,12
11.23 0,62 -16,14
11.27 0,75 -15,16
11.30 0,76 -14,18
11.33 0,90 -13,20
11.37 1,04 -12,22
11.40 1,05 -11,24
11.43 1,20 -10,25
11.47 1,34 -9,28
11.50 1,47 -8,43
11.53 1,48 -7,59
11.57 1,62 -6,75
11.60 1,76 -5,77
11.63 1,77 -4,92
11.67 1,91 -4,08
11.70 2,05 -3,10
11.73 2,18 -2,25
11.77 2,19 -1,27
11.80 2,33 -0,43
11.83 2,47 0,55
11.87 2,60 1,53
11.90 2,74 2,52
11.93 2,74 3,50
11.97 2,89 4,62
12.00 3,03 5,74
12.03 3,17 6,73
12.07 3,30 7,85
12.10 3,44 8,83
12.13 3,58 9,96
12.17 3,71 11,08
12.20 3,85 12,20
12.23 3,98 13,18
12.27 3,99 14,16
12.30 4,13 15,01
12.33 4,27 15,85
12.37 4,27 16,41
12.40 4,41 16,98
12.43 4,41 17,26
12.47 4,42 17,54
12.50 4,55 17,82
12.53 4,54 17,83
12.57 4,53 17,83
12.60 4,40 17,83
12.63 4,41 17,69
12.67 4,41 17,69
12.70 4,42 17,55
12.73 4,43 17,55
12.77 4,43 17,41
12.80 4,43 17,41
12.83 4,43 17,13
12.87 4,43 16,71
12.90 4,29 16,15
12.93 4,29 15,45
12.97 4,14 14,47
13.00 4,00 13,48
13.03 3,86 12,36
13.07 3,72 11,09
13.10 3,58 9,83
13.13 3,44 8,57
13.17 3,30 7,17
13.20 3,16 5,90
13.23 3,02 4,50
13.27 2,87 3,23
13.30 2,73 1,97
13.33 2,59 0,85
13.37 2,45 -0,28
13.40 2,31 -1,40
13.43 2,17 -2,53
13.47 2,04 -3,65
13.50 1,90 -4,77
13.53 1,90 -5,90
13.57 1,75 -7,02
13.60 1,61 -8,00
13.63 1,47 -8,98
13.67 1,33 -9,96
13.70 1,20 -10,95
13.73 1,19 -11,79
13.77 1,04 -12,77
13.80 0,91 -13,61
13.83 0,77 -14,59
13.87 0,77 -15,43
13.90 0,63 -16,13
13.93 0,50 -16,97
13.97 0,50 -17,54
14.00 0,37 -18,24
14.03 0,36 -18,80
14.07 0,23 -19,36
14.10 0,23 -19,78
14.13 0,22 -20,21
14.17 0,09 -20,63
14.20 0,09 -20,90
14.23 0,09 -21,04
14.27 0,09 -21,05
14.30 0,10 -21,06
14.33 0,10 -21,06
14.37 0,10 -20,92
14.40 0,10 -20,64
14.43 0,11 -20,50
14.47 0,12 -20,23
14.50 0,11 -19,94
14.53 0,26 -19,38
14.57 0,39 -18,82
14.60 0,39 -18,11
14.63 0,53 -17,27
14.67 0,66 -16,29
14.70 0,67 -15,45
14.73 0,81 -14,46
14.77 0,95 -13,48
14.80 1,09 -12,63
14.83 1,09 -11,65
14.87 1,24 -10,67
14.90 1,24 -9,69
14.93 1,51 -8,98
14.97 1,52 -8,14
15.00 1,65 -7,29
15.03 1,66 -6,45
15.07 1,80 -5,61
15.10 1,79 -4,90
15.13 1,94 -4,06
15.17 1,94 -3,36
15.20 2,09 -2,52
15.23 2,09 -1,82
15.27 2,22 -0,98
15.30 2,37 -0,14
15.33 2,37 0,70
15.37 2,50 1,54
15.40 2,51 2,52
15.43 2,65 3,37
15.47 2,79 4,35
15.50 2,93 5,34
15.53 3,06 6,46
15.57 3,33 7,44
15.60 3,34 8,42
15.63 3,49 9,55
15.67 3,49 10,53
15.70 3,63 11,51
15.73 3,77 12,49
15.77 3,90 13,48
15.80 4,05 14,32
15.83 4,06 15,16
15.87 4,19 15,85
15.90 4,20 16,41
15.93 4,34 16,84
15.97 4,34 17,26
16.00 4,35 17,55
16.03 4,36 17,83
16.07 4,36 17,83
16.10 4,37 17,83
16.13 4,37 17,69
16.17 4,37 17,69
16.20 4,36 17,55
16.23 4,36 17,41
16.27 4,35 17,40
16.30 4,34 17,27
16.33 4,34 17,40
16.37 4,33 17,40
16.40 4,32 17,39
16.43 4,46 17,26
16.47 4,45 17,12
16.50 4,32 16,84
16.53 4,32 16,28
16.57 4,31 15,72
16.60 4,16 14,88
16.63 4,02 14,04
16.67 3,88 13,06
16.70 3,75 12,08
16.73 3,74 11,10
16.77 3,60 10,11
16.80 3,45 8,99
16.83 3,32 7,87
16.87 3,18 6,89
16.90 3,05 5,76
16.93 3,04 4,78
16.97 2,90 3,66
17.00 2,75 2,54
17.03 2,61 1,42
17.07 2,48 0,43
17.10 2,34 -0,69
17.13 2,21 -1,81
17.17 2,20 -2,80
17.20 2,06 -3,92
17.23 1,91 -5,04
17.27 1,78 -6,02
17.30 1,64 -7,15
17.33 1,50 -8,13
17.37 1,37 -9,11
17.40 1,36 -10,09
17.43 1,22 -11,08
17.47 1,08 -11,92
17.50 0,94 -12,90
17.53 0,94 -13,75
17.57 0,79 -14,59
17.60 0,66 -15,57
17.63 0,65 -16,28
17.67 0,51 -17,12
17.70 0,37 -17,82
17.73 0,36 -18,53
17.77 0,22 -19,23
17.80 0,22 -19,79
17.83 0,08 -20,22
17.87 0,08 -20,64
17.90 0,07 -20,92
17.93 -0,06 -21,06
17.97 -0,05 -21,06
18.00 -0,05 -21,06
18.03 0,08 -21,06
18.07 0,08 -20,91
18.10 0,07 -20,64
18.13 0,07 -20,36
18.17 0,08 -19,94
18.20 0,22 -19,37
18.23 0,22 -18,81
18.27 0,36 -17,97
18.30 0,49 -17,13
18.33 0,50 -16,29
18.37 0,64 -15,31
18.40 0,78 -14,34
18.43 0,91 -13,36
18.47 0,92 -12,51
18.50 1,06 -11,53
18.53 1,19 -10,68
18.57 1,20 -9,84
18.60 1,34 -8,99
18.63 1,47 -8,15
18.67 1,47 -7,45
18.70 1,60 -6,75
18.73 1,61 -5,90
18.77 1,74 -5,20
18.80 1,75 -4,64
18.83 1,89 -3,93
18.87 1,90 -3,23
18.90 2,03 -2,53
18.93 2,04 -1,83
18.97 2,18 -1,27
19.00 2,19 -0,43
19.03 2,33 0,27
19.07 2,47 1,11
19.10 2,47 1,96
19.13 2,61 2,66
19.17 2,75 3,64
19.20 2,75 4,48
19.23 2,90 5,33
19.27 3,03 6,31
19.30 3,17 7,29
19.33 3,31 8,41
19.37 3,31 9,39
19.40 3,46 10,37
19.43 3,60 11,36
19.47 3,74 12,20
19.50 3,88 13,18
19.53 4,01 14,16
19.57 4,02 14,86
19.60 4,16 15,56
19.63 4,17 16,12
19.67 4,31 16,68
19.70 4,31 16,96
19.73 4,32 17,24
19.77 4,33 17,38
19.80 4,46 17,37
19.83 4,45 17,23
19.87 4,31 17,09
19.90 4,31 16,94
19.93 4,31 16,81
19.97 4,31 16,81
20.00 4,31 16,81
20.03 4,31 16,81
20.07 4,31 16,81
20.10 4,31 16,82
20.13 4,31 16,81
20.17 4,31 16,81
20.20 4,31 16,81
20.23 4,31 16,80
20.27 4,31 16,79
20.30 4,30 16,66
20.33 4,30 16,66
20.37 4,30 16,66
20.40 4,30 16,66
20.43 4,29 16,52
20.47 4,28 16,53
20.50 4,28 16,53
20.53 4,27 16,54
20.57 4,26 16,54
20.60 4,26 16,55
20.63 4,25 16,56
20.67 4,24 16,42
20.70 4,24 16,56
20.73 4,23 16,56
20.77 4,23 16,69
20.80 4,23 16,69
20.83 4,22 16,83
20.87 4,22 16,83
20.90 4,22 16,82
20.93 4,21 16,82
20.97 4,21 16,81
21.00 4,21 16,68
21.03 4,20 16,69
21.07 4,19 16,69
21.10 4,19 16,69
21.13 4,18 16,56
21.17 4,31 16,56
21.20 4,31 16,57
21.23 4,30 16,57
21.27 4,29 16,58
21.30 4,29 16,58
21.33 4,28 16,44
21.37 4,27 16,16
21.40 4,13 15,87
21.43 4,13 15,31
21.47 3,99 14,61
21.50 3,98 13,91
21.53 3,84 13,07
21.57 3,71 12,23
21.60 3,57 11,11
21.63 3,57 10,13
21.67 3,42 9,14
21.70 3,28 8,02
21.73 3,14 6,89
21.77 3,01 5,77
21.80 2,87 4,64
21.83 2,74 3,52
21.87 2,73 2,39
21.90 2,59 1,27
21.93 2,44 0,15
21.97 2,30 -0,97
22.00 2,16 -2,09
22.03 2,02 -3,21
22.07 1,89 -4,20
22.10 1,75 -5,32
22.13 1,75 -6,31
22.17 1,60 -7,43
22.20 1,46 -8,41
22.23 1,33 -9,39
22.27 1,19 -10,37
22.30 1,19 -11,21
22.33 1,05 -12,06
22.37 0,91 -13,03
22.40 0,90 -13,87
22.43 0,76 -14,71
22.47 0,62 -15,55
22.50 0,48 -16,26
22.53 0,48 -17,10
22.57 0,34 -17,80
22.60 0,33 -18,50
22.63 0,19 -19,20
22.67 0,06 -19,77
22.70 0,06 -20,33
22.73 -0,07 -20,89
22.77 -0,07 -21,18
22.80 -0,07 -21,46
22.83 -0,07 -21,60
22.87 -0,07 -21,61
22.90 -0,06 -21,47
22.93 -0,06 -21,33
22.97 -0,06 -21,05
23.00 0,08 -20,63
23.03 0,08 -20,20
23.07 0,21 -19,64
23.10 0,21 -18,94
23.13 0,35 -18,23
23.17 0,36 -17,39
23.20 0,50 -16,41
23.23 0,64 -15,57
23.27 0,77 -14,59
23.30 0,78 -13,61
23.33 0,92 -12,76
23.37 1,06 -11,78
23.40 1,19 -10,94
23.43 1,19 -10,24
23.47 1,33 -9,40
23.50 1,33 -8,69
23.53 1,47 -7,99
23.57 1,47 -7,29
23.60 1,61 -6,58
23.63 1,61 -5,88
23.67 1,75 -5,18
23.70 1,75 -4,62
23.73 1,88 -4,05
23.77 1,88 -3,49
23.80 2,01 -2,79
23.83 2,01 -2,23
23.87 2,02 -1,66
23.90 2,16 -0,96
23.93 2,17 -0,26
23.97 2,31 0,44
24.00 2,44 1,15
24.03 2,45 1,99
24.07 2,59 2,69
24.10 2,72 3,54
24.13 2,73 4,38
24.17 2,87 5,22
24.20 3,00 6,20
24.23 3,13 7,05
24.27 3,14 8,03
24.30 3,28 9,01
24.33 3,42 9,86
24.37 3,55 10,84
24.40 3,69 11,82
24.43 3,69 12,66
24.47 3,83 13,36
24.50 3,97 14,21
24.53 3,98 14,91
24.57 4,11 15,47
24.60 4,12 15,89
24.63 4,25 16,32
24.67 4,25 16,61
24.70 4,25 16,88
24.73 4,25 16,89
24.77 4,25 16,88
24.80 4,25 16,74
24.83 4,25 16,60
24.87 4,24 16,45
24.90 4,11 16,32
24.93 4,12 16,31
24.97 4,13 16,31
25.00 4,13 16,31
25.03 4,14 16,30
25.07 4,15 16,29
25.10 4,16 16,16
25.13 4,17 16,16
25.17 4,17 16,16
25.20 4,18 16,16
25.23 4,19 16,16
25.27 4,05 16,15
25.30 4,06 16,15
25.33 4,06 16,14
25.37 4,07 16,14
25.40 4,08 16,13
25.43 4,08 16,13
25.47 4,09 16,26
25.50 4,09 16,26
25.53 4,10 16,25
25.57 4,10 16,25
25.60 4,11 16,24
25.63 4,12 16,24
25.67 4,12 16,10
25.70 4,12 16,11
25.73 4,13 16,11
25.77 4,13 16,12
25.80 4,14 16,12
25.83 4,14 16,12
25.87 4,15 16,13
25.90 4,15 16,13
25.93 4,15 16,13
25.97 4,16 15,99
26.00 4,16 16,12
26.03 4,17 16,12
26.07 4,17 15,98
26.10 4,17 15,99
26.13 4,18 15,99
26.17 4,18 15,85
26.20 4,18 15,57
26.23 4,17 15,30
26.27 4,16 14,88
26.30 4,02 14,31
26.33 3,89 13,61
26.37 3,89 12,77
26.40 3,75 11,93
26.43 3,62 11,09
26.47 3,61 10,25
26.50 3,47 9,27
26.53 3,33 8,29
26.57 3,20 7,31
26.60 3,19 6,33
26.63 3,05 5,35
26.67 2,91 4,36
26.70 2,78 3,38
26.73 2,77 2,39
26.77 2,63 1,41
26.80 2,49 0,43
26.83 2,35 -0,56
26.87 2,21 -1,68
26.90 2,21 -2,66
26.93 2,06 -3,64
26.97 1,92 -4,63
27.00 1,79 -5,61
27.03 1,78 -6,59
27.07 1,64 -7,43
27.10 1,50 -8,28
27.13 1,36 -9,26
27.17 1,36 -10,10
27.20 1,21 -10,94
27.23 1,08 -11,78
27.27 1,07 -12,49
27.30 0,93 -13,32
27.33 0,92 -13,89
27.37 0,78 -14,59
27.40 0,65 -15,29
27.43 0,65 -15,85
27.47 0,51 -16,56
27.50 0,50 -17,12
27.53 0,37 -17,83
27.57 0,36 -18,52
27.60 0,23 -19,09
27.63 0,22 -19,65
27.67 0,09 -20,06
27.70 0,08 -20,34
27.73 0,08 -20,48
27.77 0,07 -20,76
27.80 -0,06 -20,90
27.83 -0,05 -21,04
27.87 -0,05 -21,05
27.90 -0,04 -21,05
27.93 -0,04 -21,05
27.97 -0,03 -21,05
28.00 -0,02 -20,91
28.03 -0,16 -20,91
28.07 -0,15 -20,77
28.10 -0,02 -20,63
28.13 -0,02 -20,21
28.17 -0,02 -19,79
28.20 0,12 -19,24
28.23 0,12 -18,53
28.27 0,26 -17,83
28.30 0,39 -16,98
28.33 0,53 -16,00
28.37 0,68 -15,02
28.40 0,81 -14,17
28.43 0,82 -13,19
28.47 0,82 -12,35
28.50 0,96 -11,37
28.53 1,09 -10,66
28.57 1,23 -9,82
28.60 1,36 -9,12
28.63 1,37 -8,42
28.67 1,50 -7,86
28.70 1,50 -7,29
28.73 1,50 -6,60
28.77 1,64 -6,04
28.80 1,64 -5,62
28.83 1,77 -5,05
28.87 1,78 -4,49
28.90 1,91 -4,07
28.93 1,91 -3,50
28.97 1,91 -2,94
29.00 2,05 -2,38
29.03 2,05 -1,82
29.07 2,18 -1,25
29.10 2,19 -0,55
29.13 2,32 0,15
29.17 2,33 0,71
29.20 2,46 1,55
29.23 2,47 2,25
29.27 2,61 3,09
29.30 2,75 3,93
29.33 2,76 4,77
29.37 2,90 5,62
29.40 3,04 6,60
29.43 3,18 7,58
29.47 3,31 8,57
29.50 3,45 9,55
29.53 3,45 10,53
29.57 3,60 11,52
29.60 3,74 12,50
29.63 3,87 13,49
29.67 4,01 14,33
29.70 4,02 15,17
29.73 4,16 15,73
29.77 4,29 16,30
29.80 4,29 16,72
29.83 4,30 17,00
29.87 4,30 17,00
29.90 4,30 16,86
29.93 4,30 16,73
29.97 4,29 16,59
30.00 4,28 16,46
30.03 4,27 16,45
30.07 4,14 16,31
30.10 4,15 16,31
30.13 4,16 16,30
30.17 4,16 16,17
30.20 4,17 16,17
30.23 4,18 16,17
30.27 4,18 16,17
30.30 4,19 16,17
30.33 4,06 16,03
30.37 4,06 16,04
30.40 4,07 16,04
30.43 4,07 16,04
30.47 4,08 16,04
30.50 4,08 16,05
30.53 4,09 16,05
30.57 4,10 16,05
30.60 4,10 16,05
30.63 4,11 16,05
30.67 4,11 16,06
30.70 4,12 16,06
30.73 4,13 16,06
30.77 4,13 16,07
30.80 4,14 16,07
30.83 4,15 16,08
30.87 4,15 16,08
30.90 4,16 16,08
30.93 4,17 16,09
30.97 4,17 16,09
31.00 4,18 16,09
31.03 4,19 16,10
31.07 4,05 16,10
31.10 4,06 16,10
31.13 4,06 16,11
31.17 4,07 16,11
31.20 4,08 16,11
31.23 4,08 16,12
31.27 4,09 16,12
31.30 4,09 16,12
31.33 4,10 16,13
31.37 4,10 16,13
31.40 4,11 16,13
31.43 4,11 15,99
31.47 4,12 16,00
31.50 4,12 16,00
31.53 4,13 16,00
31.57 4,14 16,00
31.60 4,14 16,01
31.63 4,15 16,01
31.67 4,15 16,01
31.70 4,16 16,01
31.73 4,16 16,00
31.77 4,17 16,00
31.80 4,17 15,86
31.83 4,17 15,86
31.87 4,18 15,86
31.90 4,18 15,86
31.93 4,18 15,85
31.97 4,18 15,85
32.00 4,18 15,98
32.03 4,18 15,98
32.07 4,18 15,84
32.10 4,19 15,70
32.13 4,04 15,56
32.17 4,17 15,14
32.20 4,04 14,72
32.23 4,03 14,03
32.27 3,89 13,18
32.30 3,76 12,34
32.33 3,75 11,36
32.37 3,61 10,38
32.40 3,47 9,26
32.43 3,33 8,13
32.47 3,19 6,87
32.50 3,05 5,61
32.53 2,91 4,35
32.57 2,78 3,22
32.60 2,64 1,96
32.63 2,37 0,70
32.67 2,23 -0,43
32.70 2,10 -1,69
32.73 1,96 -2,81
32.77 1,95 -3,94
32.80 1,81 -5,06
32.83 1,67 -6,04
32.87 1,52 -7,17
32.90 1,39 -8,29
32.93 1,25 -9,27
32.97 1,24 -10,25
33.00 1,10 -11,09
33.03 0,96 -12,08
33.07 0,82 -13,06
33.10 0,69 -13,90
33.13 0,68 -14,74
33.17 0,54 -15,58
33.20 0,41 -16,56
33.23 0,40 -17,27
33.27 0,26 -18,11
33.30 0,13 -18,81
33.33 0,13 -19,51
33.37 0,00 -20,07
33.40 -0,01 -20,63
33.43 -0,14 -21,06
33.47 -0,14 -21,34
33.50 -0,14 -21,76
33.53 -0,13 -21,76
33.57 -0,13 -21,75
33.60 -0,13 -21,62
33.63 -0,13 -21,48
33.67 -0,13 -21,48
33.70 -0,12 -21,34
33.73 -0,12 -21,20
33.77 -0,11 -21,21
33.80 -0,11 -21,20
33.83 -0,10 -21,06
33.87 0,03 -20,78
33.90 0,03 -20,50
33.93 0,03 -19,94
33.97 0,16 -19,38
34.00 0,17 -18,68
34.03 0,31 -17,97
34.07 0,44 -17,13
34.10 0,44 -16,29
34.13 0,57 -15,45
34.17 0,58 -14,75
34.20 0,72 -13,90
34.23 0,85 -13,06
34.27 0,86 -12,36
34.30 0,99 -11,66
34.33 0,99 -11,10
34.37 1,00 -10,40
34.40 1,13 -9,98
34.43 1,14 -9,42
34.47 1,28 -8,99
34.50 1,28 -8,57
34.53 1,28 -8,15
34.57 1,41 -7,73
34.60 1,41 -7,30
34.63 1,41 -7,02
34.67 1,42 -6,60
34.70 1,56 -6,18
34.73 1,56 -5,76
34.77 1,56 -5,48
34.80 1,69 -5,06
34.83 1,69 -4,77
34.87 1,70 -4,35
34.90 1,83 -3,93
34.93 1,83 -3,51
34.97 1,83 -3,08
35.00 1,96 -2,66
35.03 1,96 -2,24
35.07 1,97 -1,81
35.10 2,10 -1,25
35.13 2,10 -0,83
35.17 2,11 -0,41
35.20 2,24 0,16
35.23 2,25 0,72
35.27 2,38 1,29
35.30 2,39 1,99
35.33 2,52 2,55
35.37 2,53 3,25
35.40 2,67 3,96
35.43 2,67 4,66
35.47 2,82 5,50
35.50 2,95 6,34
35.53 3,09 7,18
35.57 3,09 8,03
35.60 3,23 8,87
35.63 3,36 9,85
35.67 3,49 10,69
35.70 3,50 11,53
35.73 3,64 12,38
35.77 3,78 13,36
35.80 3,91 14,20
35.83 3,92 15,04
35.87 4,06 15,74
35.90 4,19 16,30
35.93 4,19 16,72
35.97 4,20 16,85
36.00 4,20 16,72
36.03 4,20 16,58
36.07 4,20 16,43
36.10 4,06 16,15
36.13 4,07 16,01
36.17 4,07 15,88
36.20 4,08 15,88
36.23 4,08 15,88
36.27 4,09 15,89
36.30 4,09 16,03
36.33 4,10 16,16
36.37 4,24 16,30
36.40 4,23 16,45
36.43 4,23 16,73
36.47 4,24 17,15
36.50 4,37 17,43
36.53 4,37 17,71
36.57 4,37 17,99
36.60 4,37 18,27
36.63 4,38 18,54
36.67 4,52 18,82
36.70 4,51 18,97
36.73 4,51 19,25
36.77 4,52 19,39
36.80 4,52 19,54
36.83 4,53 19,67
36.87 4,53 19,67
36.90 4,54 19,53
36.93 4,54 19,39
36.97 4,54 19,11
37.00 4,53 18,84
37.03 4,39 18,56
37.07 4,39 18,29
37.10 4,38 18,14
37.13 4,24 17,72
37.17 4,24 17,44
37.20 4,24 17,30
37.23 4,24 17,01
37.27 4,11 16,59
37.30 3,98 16,60
