#Kinovea Trajectory data export
#T X Y

# Trajectory 1
0.03 44,10 43,14
0.07 44,10 43,14
0.10 44,10 43,14
0.13 44,11 43,15
0.17 44,12 43,15
0.20 44,12 43,16
0.23 43,95 43,16
0.27 43,96 43,17
0.30 43,97 43,35
0.33 43,99 43,35
0.37 44,00 43,35
0.40 44,02 43,35
0.43 44,03 43,35
0.47 44,05 43,36
0.50 44,05 43,36
0.53 44,05 43,36
0.57 44,05 43,36
0.60 44,06 43,37
0.63 44,06 43,37
0.67 44,07 43,38
0.70 44,08 43,56
0.73 44,10 43,56
0.77 44,11 43,55
0.80 44,13 43,55
0.83 43,96 43,55
0.87 43,98 43,55
0.90 44,00 43,55
0.93 44,02 43,55
0.97 44,04 43,55
1.00 44,06 43,55
1.03 44,08 43,54
1.07 44,10 43,54
1.10 44,12 43,54
1.13 43,95 43,54
1.17 43,97 43,54
1.20 43,99 43,54
1.23 44,01 43,54
1.27 44,03 43,54
1.30 44,05 43,54
1.33 44,06 43,53
1.37 44,08 43,53
1.40 44,10 43,53
1.43 44,12 43,53
1.47 43,95 43,52
1.50 43,96 43,34
1.53 43,97 43,35
1.57 43,98 43,36
1.60 43,98 43,36
1.63 43,99 43,37
1.67 43,99 43,37
1.70 43,99 43,38
1.73 44,00 43,38
1.77 44,00 43,20
1.80 44,00 43,21
1.83 44,00 43,21
1.87 44,00 43,21
1.90 44,00 43,21
1.93 44,00 43,21
1.97 44,00 43,21
2.00 44,00 43,20
2.03 43,99 43,20
2.07 43,99 43,20
2.10 43,98 43,38
2.13 43,98 43,37
2.17 43,97 43,37
2.20 43,97 43,36
2.23 43,96 43,36
2.27 43,96 43,36
2.30 43,95 43,35
2.33 43,95 43,35
2.37 43,94 43,34
2.40 43,94 43,34
2.43 43,93 43,33
2.47 43,93 43,33
2.50 44,11 43,33
2.53 44,11 43,33
2.57 44,11 43,33
2.60 44,11 43,33
2.63 44,11 43,33
2.67 44,12 43,33
2.70 43,94 43,33
2.73 43,95 43,34
2.77 43,97 43,34
2.80 43,98 43,34
2.83 44,00 43,35
2.87 44,01 43,35
2.90 44,03 43,36
2.93 44,19 43,54
2.97 44,17 43,54
3.00 44,15 43,54
3.03 44,13 43,54
3.07 43,96 43,54
3.10 43,96 43,54
3.13 43,96 43,55
3.17 43,96 43,55
3.20 43,95 43,56
3.23 43,94 43,57
3.27 43,94 43,39
3.30 43,93 43,39
3.33 43,92 43,57
3.37 43,92 43,39
3.40 43,73 43,39
3.43 43,54 43,39
3.47 43,35 43,39
3.50 43,17 43,39
3.53 43,16 43,38
3.57 43,16 43,20
3.60 43,17 43,20
3.63 43,18 43,19
3.67 43,17 43,37
3.70 43,18 43,37
3.73 43,18 43,19
3.77 43,18 43,19
3.80 43,18 43,20
3.83 43,17 43,20
3.87 43,16 42,83
3.90 43,17 42,65
3.93 43,16 42,83
3.97 42,97 42,65
4.00 42,97 42,84
4.03 42,97 42,83
4.07 42,97 42,83
4.10 42,96 42,65
4.13 42,95 42,65
4.17 42,94 42,65
4.20 42,77 42,46
4.23 42,79 42,64
4.27 42,78 42,46
4.30 42,79 42,46
4.33 42,78 42,64
4.37 42,77 42,46
4.40 42,76 42,46
4.43 42,76 42,46
4.47 42,58 42,27
4.50 42,58 42,27
4.53 42,58 42,46
4.57 42,57 42,45
4.60 42,57 42,45
4.63 42,57 42,44
4.67 42,57 42,43
4.70 42,57 42,43
4.73 42,57 42,42
4.77 42,57 42,42
4.80 42,57 42,41
4.83 42,58 42,41
4.87 42,58 42,41
4.90 42,58 42,41
4.93 42,59 42,41
4.97 42,60 42,41
5.00 42,61 42,41
5.03 42,62 42,42
5.07 42,63 42,42
5.10 42,80 42,61
5.13 42,79 42,79
5.17 42,79 42,79
5.20 42,79 42,79
5.23 42,79 42,78
5.27 42,80 42,78
5.30 42,81 42,78
5.33 42,82 42,79
5.37 42,83 42,79
5.40 42,81 42,98
5.43 42,98 42,98
5.47 42,98 42,98
5.50 42,98 42,98
5.53 42,99 42,98
5.57 43,00 42,98
5.60 43,01 42,98
5.63 42,84 42,98
5.67 42,86 42,98
5.70 42,87 42,98
5.73 42,87 42,98
5.77 42,88 42,98
5.80 42,88 42,98
5.83 42,89 42,98
5.87 42,90 42,98
5.90 42,89 42,98
5.93 42,89 43,17
5.97 42,88 43,54
6.00 42,88 44,09
6.03 42,87 44,65
6.07 42,86 45,39
6.10 42,86 46,31
6.13 42,85 47,42
6.17 42,68 48,16
6.20 42,68 49,27
6.23 42,67 50,37
6.27 42,50 51,11
6.30 42,50 51,66
6.33 42,48 52,03
6.37 42,31 52,02
6.40 42,30 51,83
6.43 42,12 51,10
6.47 42,11 50,73
6.50 41,93 50,17
6.53 41,94 50,17
6.57 41,93 50,17
6.60 41,92 50,36
6.63 41,91 50,55
6.67 41,92 50,73
6.70 41,92 50,55
6.73 42,09 50,55
6.77 42,09 50,36
6.80 42,10 49,99
6.83 42,11 49,81
6.87 42,13 49,81
6.90 42,30 49,99
6.93 42,29 50,17
6.97 42,29 50,17
7.00 42,29 50,17
7.03 42,28 50,18
7.07 42,28 50,36
7.10 42,11 49,99
7.13 42,13 49,98
7.17 42,13 49,98
7.20 41,95 49,80
7.23 41,77 49,80
7.27 41,76 50,16
7.30 41,58 50,16
7.33 41,39 50,16
7.37 41,21 49,98
7.40 41,21 50,34
7.43 41,03 50,15
7.47 40,85 49,97
7.50 40,66 49,78
7.53 40,48 49,78
7.57 40,29 49,79
7.60 40,11 49,96
7.63 39,75 49,78
7.67 39,57 49,96
7.70 39,21 49,78
7.73 38,86 49,78
7.77 38,51 49,78
7.80 38,15 49,78
7.83 37,77 49,77
7.87 37,23 49,59
7.90 36,68 49,40
7.93 36,14 49,40
7.97 35,60 49,40
8.00 35,05 49,22
8.03 34,50 49,22
8.07 33,95 49,22
8.10 33,40 49,40
8.13 32,85 49,58
8.17 32,30 49,77
8.20 31,74 49,95
8.23 31,18 50,14
8.27 30,62 50,51
8.30 29,89 50,51
8.33 29,33 50,88
8.37 28,60 51,06
8.40 27,86 51,06
8.43 27,12 51,43
8.47 26,38 51,61
8.50 25,65 51,80
8.53 24,92 52,17
8.57 24,18 52,36
8.60 23,45 52,72
8.63 22,54 52,91
8.67 21,82 53,09
8.70 21,09 53,28
8.73 20,37 53,65
8.77 19,81 54,02
8.80 19,07 54,02
8.83 18,33 54,02
8.87 17,62 54,02
8.90 17,06 54,20
8.93 16,49 54,20
8.97 15,77 54,20
9.00 15,21 54,20
9.03 14,63 54,20
9.07 13,91 53,83
9.10 13,33 53,64
9.13 12,58 53,09
9.17 11,85 52,72
9.20 11,11 52,35
9.23 10,39 52,17
9.27 9,66 51,98
9.30 8,91 51,80
9.33 8,00 51,42
9.37 7,25 51,24
9.40 6,35 50,87
9.43 5,61 50,68
9.47 4,86 50,49
9.50 4,11 50,31
9.53 3,38 50,12
9.57 2,80 50,12
9.60 2,07 50,12
9.63 1,53 50,31
9.67 0,99 50,49
9.70 0,45 50,86
9.73 0,06 51,22
9.77 -0,50 51,41
9.80 -0,90 51,77
9.83 -1,45 51,96
9.87 -1,84 52,33
9.90 -2,37 52,51
9.93 -2,73 52,88
9.97 -3,11 53,25
10.00 -3,47 53,62
10.03 -3,68 53,98
10.07 -4,04 54,35
10.10 -4,23 54,72
10.13 -4,43 55,09
10.17 -4,45 55,27
10.20 -4,66 55,28
10.23 -4,84 55,28
10.27 -5,01 55,46
10.30 -5,16 55,46
10.33 -5,37 55,46
10.37 -5,39 55,27
10.40 -5,59 54,90
10.43 -5,78 54,72
10.47 -5,94 54,53
10.50 -6,10 54,16
10.53 -6,11 53,79
10.57 -6,28 53,42
10.60 -6,49 53,06
10.63 -6,48 52,87
10.67 -6,49 52,51
10.70 -6,51 52,32
10.73 -6,66 52,13
10.77 -6,64 51,77
10.80 -6,80 51,58
10.83 -6,64 51,40
10.87 -6,63 51,21
10.90 -6,60 51,03
10.93 -6,45 50,66
10.97 -6,47 50,48
11.00 -6,29 50,29
11.03 -6,29 50,11
11.07 -6,28 49,92
11.10 -6,26 49,92
11.13 -6,43 49,74
11.17 -6,41 49,74
11.20 -6,39 49,74
11.23 -6,36 49,74
11.27 -6,20 49,92
11.30 -6,19 50,11
11.33 -6,16 50,29
11.37 -6,00 50,66
11.40 -6,01 50,66
11.43 -6,03 50,85
11.47 -6,04 51,03
11.50 -6,06 51,22
11.53 -6,08 51,58
11.57 -6,10 51,76
11.60 -6,07 51,77
11.63 -6,25 51,95
11.67 -6,27 51,96
11.70 -6,44 52,14
11.73 -6,46 52,13
11.77 -6,62 52,13
11.80 -6,62 52,13
11.83 -6,64 52,31
11.87 -6,66 52,32
11.90 -6,49 52,50
11.93 -6,48 52,69
11.97 -6,33 52,87
12.00 -6,33 52,87
12.03 -6,17 53,05
12.07 -6,17 53,05
12.10 -6,01 52,87
12.13 -6,00 52,87
12.17 -5,82 52,87
12.20 -5,65 52,69
12.23 -5,63 52,69
12.27 -5,46 52,69
12.30 -5,29 52,69
12.33 -5,13 52,69
12.37 -5,11 52,70
12.40 -4,95 52,88
12.43 -4,96 52,87
12.47 -4,98 52,69
12.50 -5,01 52,50
12.53 -5,01 52,14
12.57 -5,17 51,95
12.60 -5,34 51,77
12.63 -5,34 51,76
12.67 -5,33 51,76
12.70 -5,31 51,76
12.73 -5,13 51,76
12.77 -4,95 51,95
12.80 -4,79 51,95
12.83 -4,62 52,13
12.87 -4,25 51,95
12.90 -4,05 51,95
12.93 -3,89 51,95
12.97 -3,52 51,95
13.00 -3,18 52,14
13.03 -2,97 52,14
13.07 -2,62 52,33
13.10 -2,45 52,51
13.13 -2,28 52,69
13.17 -2,11 52,69
13.20 -2,09 52,69
13.23 -1,92 52,69
13.27 -1,90 52,50
13.30 -1,88 52,14
13.33 -1,86 52,13
13.37 -1,84 52,13
13.40 -2,01 52,13
13.43 -2,01 52,13
13.47 -2,00 52,32
13.50 -2,00 52,32
13.53 -2,00 52,50
13.57 -2,02 52,32
13.60 -2,04 52,32
13.63 -1,88 52,32
13.67 -2,04 52,13
13.70 -2,02 52,13
13.73 -2,19 52,14
13.77 -2,17 52,32
13.80 -2,02 52,51
13.83 -2,03 52,51
13.87 -2,01 52,51
13.90 -1,85 52,51
13.93 -1,67 52,33
13.97 -1,65 52,14
14.00 -1,68 52,14
14.03 -1,50 51,96
14.07 -1,48 51,96
14.10 -1,30 52,14
14.13 -1,28 52,14
14.17 -1,29 52,14
14.20 -1,13 52,32
14.23 -0,96 52,32
14.27 -0,94 52,14
14.30 -0,76 52,15
14.33 -0,74 52,15
14.37 -0,74 52,15
14.40 -0,72 52,33
14.43 -0,55 52,34
14.47 -0,56 52,34
14.50 -0,38 52,34
14.53 -0,37 52,34
14.57 -0,37 52,34
14.60 -0,56 52,16
14.63 -0,40 52,16
14.67 -0,56 51,98
14.70 -0,54 52,16
14.73 -0,72 52,16
14.77 -0,72 52,16
14.80 -0,71 52,35
14.83 -0,70 52,35
14.87 -0,68 52,36
14.90 -0,51 52,54
14.93 -0,51 52,54
14.97 -0,50 52,36
15.00 -0,32 52,54
15.03 -0,30 52,54
15.07 -0,12 52,72
15.10 0,06 52,90
15.13 0,07 52,90
15.17 0,25 53,09
15.20 0,42 53,09
15.23 0,43 53,09
15.27 0,59 53,09
15.30 0,58 53,10
15.33 0,58 53,10
15.37 0,59 53,10
15.40 0,59 53,11
15.43 0,59 53,29
15.47 0,58 53,29
15.50 0,41 53,11
15.53 0,41 52,92
15.57 0,39 52,92
15.60 0,37 52,74
15.63 0,38 52,56
15.67 0,21 52,56
15.70 0,20 52,55
15.73 0,20 52,55
15.77 0,19 52,55
15.80 0,17 52,36
15.83 0,35 52,37
15.87 0,34 52,37
15.90 0,35 52,37
15.93 0,37 52,19
15.97 0,53 52,37
16.00 0,52 52,18
16.03 0,53 52,18
16.07 0,54 52,00
16.10 0,56 52,00
16.13 0,40 52,00
16.17 0,42 52,01
16.20 0,58 52,19
16.23 0,57 52,37
16.27 0,57 52,37
16.30 0,58 52,37
16.33 0,60 52,37
16.37 0,77 52,55
16.40 0,77 52,55
16.43 0,78 52,55
16.47 0,79 52,55
16.50 0,95 52,73
16.53 0,93 52,73
16.57 0,91 52,73
16.60 1,08 52,74
16.63 1,07 52,92
16.67 1,05 52,74
16.70 1,03 52,74
16.73 1,02 52,92
16.77 1,01 52,91
16.80 1,00 52,91
16.83 1,00 52,90
16.87 0,99 52,90
16.90 0,97 52,72
16.93 0,96 52,72
16.97 0,95 52,71
17.00 0,93 52,53
17.03 0,93 52,53
17.07 0,94 52,53
17.10 0,96 52,34
17.13 1,12 52,52
17.17 1,11 52,34
17.20 1,10 52,34
17.23 1,28 52,34
17.27 1,28 52,16
17.30 1,28 52,16
17.33 1,28 52,16
17.37 1,27 52,16
17.40 1,28 52,17
17.43 1,30 52,35
17.47 1,13 52,35
17.50 1,15 52,35
17.53 1,18 52,53
17.57 1,34 52,71
17.60 1,32 52,71
17.63 1,31 52,71
17.67 1,32 52,71
17.70 1,33 52,71
17.73 1,36 52,71
17.77 1,53 52,71
17.80 1,54 52,71
17.83 1,70 52,52
17.87 1,71 52,15
17.90 1,87 51,04
17.93 1,87 49,57
17.97 1,88 47,91
18.00 1,91 45,88
18.03 2,07 43,85
18.07 2,09 42,00
18.10 2,27 40,15
18.13 2,44 38,49
18.17 2,61 36,64
18.20 2,62 34,43
18.23 2,81 32,59
18.27 3,00 30,74
18.30 3,19 28,71
18.33 3,39 26,87
18.37 3,57 25,02
18.40 3,75 23,00
18.43 3,94 21,15
18.47 4,12 19,30
18.50 4,30 17,45
18.53 4,48 15,60
18.57 4,65 13,76
18.60 4,67 11,73
18.63 4,87 9,88
18.67 5,05 8,41
18.70 5,08 6,56
18.73 5,11 4,72
18.77 5,28 3,23
18.80 5,27 1,39
18.83 5,26 -0,27
18.87 5,24 -1,76
18.90 5,22 -3,42
18.93 5,06 -5,26
18.97 5,05 -6,92
19.00 4,88 -8,58
19.03 4,71 -10,24
19.07 4,54 -11,72
19.10 4,37 -13,38
19.13 4,20 -15,04
19.17 4,03 -16,52
19.20 3,85 -18,18
19.23 3,67 -19,65
19.27 3,49 -20,94
19.30 3,31 -22,23
19.33 3,12 -23,34
19.37 2,93 -24,45
19.40 2,75 -25,19
19.43 2,56 -25,93
19.47 2,37 -26,68
19.50 2,01 -27,42
19.53 1,82 -27,97
19.57 1,63 -28,53
19.60 1,26 -29,09
19.63 0,90 -29,46
19.67 0,72 -29,65
19.70 0,53 -29,65
19.73 0,35 -29,65
19.77 -0,01 -29,47
19.80 -0,20 -29,29
19.83 -0,38 -29,29
19.87 -0,38 -29,29
19.90 -0,57 -29,30
19.93 -0,57 -29,47
19.97 -0,58 -29,11
20.00 -0,57 -28,38
20.03 -0,21 -26,90
20.07 -0,01 -25,06
20.10 0,35 -23,03
20.13 0,36 -21,00
20.17 0,54 -18,79
20.20 0,55 -16,76
20.23 0,73 -14,36
20.27 0,73 -11,96
20.30 0,73 -9,56
20.33 0,71 -7,16
20.37 0,54 -4,58
20.40 0,54 -2,36
20.43 0,38 0,22
20.47 0,19 3,00
20.50 0,02 5,58
20.53 0,01 8,35
20.57 -0,16 11,12
20.60 -0,31 13,71
20.63 -0,46 16,48
20.67 -0,62 19,43
20.70 -0,78 22,02
20.73 -0,96 24,79
20.77 -1,17 27,74
20.80 -1,38 30,69
20.83 -1,73 33,64
20.87 -2,07 36,60
20.90 -2,24 39,37
20.93 -2,44 42,13
20.97 -2,80 44,72
21.00 -2,97 46,93
21.03 -3,15 48,78
21.07 -3,34 50,44
21.10 -3,51 51,36
21.13 -3,84 51,73
21.17 -3,86 51,73
21.20 -4,03 51,54
21.23 -4,04 50,99
21.27 -4,04 50,81
21.30 -4,04 50,62
21.33 -3,88 50,62
21.37 -3,52 50,62
21.40 -3,35 50,62
21.43 -3,17 50,07
21.47 -3,00 49,14
21.50 -2,97 47,67
21.53 -2,82 46,00
21.57 -2,83 43,97
21.60 -2,84 41,94
21.63 -2,85 39,91
21.67 -2,85 37,70
21.70 -2,85 35,67
21.73 -2,83 33,64
21.77 -2,82 31,61
21.80 -2,81 29,57
21.83 -2,82 27,54
21.87 -2,82 25,51
21.90 -2,82 23,48
21.93 -2,81 21,45
21.97 -2,81 19,23
22.00 -2,79 17,20
22.03 -2,75 15,35
22.07 -2,76 13,32
22.10 -2,61 11,29
22.13 -2,41 9,44
22.17 -2,23 7,59
22.20 -2,20 5,74
22.23 -2,18 3,90
22.27 -2,01 2,05
22.30 -2,03 0,02
22.33 -1,86 -1,82
22.37 -1,87 -3,49
22.40 -1,88 -5,34
22.43 -2,05 -7,37
22.47 -2,22 -9,21
22.50 -2,23 -10,87
22.53 -2,41 -12,54
22.57 -2,59 -14,39
22.60 -2,77 -16,05
22.63 -3,14 -17,89
22.67 -3,33 -19,37
22.70 -3,51 -20,85
22.73 -3,70 -22,32
22.77 -4,06 -23,61
22.80 -4,43 -24,90
22.83 -4,62 -25,83
22.87 -4,81 -26,75
22.90 -5,00 -27,67
22.93 -5,36 -28,23
22.97 -5,54 -28,96
23.00 -5,72 -29,51
23.03 -5,91 -29,88
23.07 -6,10 -30,25
23.10 -6,46 -30,43
23.13 -6,65 -30,44
23.17 -6,83 -30,43
23.20 -7,01 -30,23
23.23 -7,01 -30,05
23.27 -7,19 -30,04
23.30 -7,37 -30,03
23.33 -7,37 -30,03
23.37 -7,54 -30,22
23.40 -7,54 -30,59
23.43 -7,54 -30,77
23.47 -7,53 -30,77
23.50 -7,17 -30,23
23.53 -6,80 -29,12
23.57 -6,25 -27,46
23.60 -5,88 -25,62
23.63 -5,69 -23,60
23.67 -5,32 -21,57
23.70 -4,96 -19,36
23.73 -4,60 -17,15
23.77 -4,42 -15,12
23.80 -4,24 -12,72
23.83 -4,23 -10,32
23.87 -4,05 -7,93
23.90 -3,89 -5,53
23.93 -3,71 -2,76
23.97 -3,72 -0,18
24.00 -3,72 2,59
24.03 -3,71 5,36
24.07 -3,70 8,31
24.10 -3,70 11,08
24.13 -3,89 14,03
24.17 -4,07 16,80
24.20 -4,25 19,57
24.23 -4,43 22,52
24.27 -4,79 25,29
24.30 -4,98 28,25
24.33 -5,17 31,57
24.37 -5,35 34,70
24.40 -5,54 38,21
24.43 -5,55 41,53
24.47 -5,91 44,67
24.50 -6,09 47,62
24.53 -6,28 50,39
24.57 -6,65 52,79
24.60 -6,85 54,83
24.63 -7,21 56,12
24.67 -7,40 56,86
24.70 -7,76 57,04
24.73 -7,95 56,86
24.77 -8,13 56,49
24.80 -8,13 56,12
24.83 -8,14 55,75
24.87 -8,14 55,75
24.90 -8,14 55,75
24.93 -7,97 56,12
24.97 -7,97 56,12
25.00 -7,78 55,75
25.03 -7,78 55,00
25.07 -7,60 53,71
25.10 -7,42 52,23
25.13 -7,42 50,38
25.17 -7,23 48,17
25.20 -7,24 45,77
25.23 -7,24 43,18
25.27 -7,05 40,79
25.30 -7,05 38,57
25.33 -6,87 35,98
25.37 -6,69 33,58
25.40 -6,51 31,18
25.43 -6,34 28,60
25.47 -6,32 26,02
25.50 -6,13 23,62
25.53 -5,96 21,22
25.57 -5,94 18,63
25.60 -5,93 16,41
25.63 -5,76 13,83
25.67 -5,75 11,62
25.70 -5,75 9,40
25.73 -5,75 6,82
25.77 -5,76 4,42
25.80 -5,93 2,21
25.83 -5,93 -0,19
25.87 -6,10 -2,41
25.90 -6,11 -4,62
25.93 -6,30 -6,83
25.97 -6,49 -9,05
26.00 -6,68 -11,08
26.03 -6,87 -13,12
26.07 -7,05 -15,14
26.10 -7,23 -16,99
26.13 -7,42 -18,83
26.17 -7,60 -20,68
26.20 -7,79 -22,34
26.23 -7,97 -23,81
26.27 -8,16 -25,29
26.30 -8,35 -26,58
26.33 -8,71 -27,69
26.37 -8,90 -28,61
26.40 -9,08 -29,35
26.43 -9,44 -30,28
26.47 -9,63 -31,20
26.50 -10,00 -31,75
26.53 -10,18 -32,12
26.57 -10,18 -32,12
26.60 -10,36 -31,94
26.63 -10,36 -31,57
26.67 -10,54 -31,39
26.70 -10,54 -31,38
26.73 -10,72 -31,38
26.77 -10,72 -31,57
26.80 -10,72 -31,95
26.83 -10,73 -32,50
26.87 -10,73 -32,87
26.90 -10,72 -33,24
26.93 -10,54 -33,25
26.97 -10,35 -32,69
27.00 -9,97 -31,39
27.03 -9,42 -29,55
27.07 -9,04 -27,52
27.10 -8,86 -25,67
27.13 -8,49 -23,63
27.17 -8,12 -21,42
27.20 -7,94 -19,39
27.23 -7,93 -17,35
27.27 -7,75 -15,14
27.30 -7,57 -13,11
27.33 -7,57 -11,08
27.37 -7,56 -8,68
27.40 -7,38 -6,47
27.43 -7,38 -4,06
27.47 -7,37 -1,48
27.50 -7,37 0,92
27.53 -7,37 3,51
27.57 -7,36 6,28
27.60 -7,36 8,86
27.63 -7,37 11,26
27.67 -7,56 13,84
27.70 -7,74 16,42
27.73 -7,93 18,82
27.77 -8,12 21,41
27.80 -8,48 23,99
27.83 -8,67 26,57
27.87 -9,04 29,34
27.90 -9,41 32,11
27.93 -9,59 34,88
27.97 -10,14 38,02
28.00 -10,33 40,60
28.03 -10,70 43,18
28.07 -11,07 45,77
28.10 -11,44 47,98
28.13 -11,63 50,02
28.17 -12,00 51,86
28.20 -12,18 53,34
28.23 -12,37 54,27
28.27 -12,73 55,00
28.30 -12,92 55,19
28.33 -13,10 55,18
28.37 -13,10 55,00
28.40 -13,29 54,82
28.43 -13,47 54,81
28.47 -13,47 54,99
28.50 -13,47 55,36
28.53 -13,66 55,73
28.57 -13,84 56,10
28.60 -13,84 56,10
28.63 -13,84 56,10
28.67 -13,84 56,10
28.70 -13,84 55,92
28.73 -13,84 55,92
28.77 -13,65 56,10
28.80 -13,65 56,29
28.83 -13,46 56,47
28.87 -13,46 56,66
28.90 -13,28 56,66
28.93 -13,28 56,66
28.97 -13,09 56,47
29.00 -13,09 56,47
29.03 -12,91 56,47
29.07 -12,72 56,47
29.10 -12,72 56,47
29.13 -12,53 56,65
29.17 -12,35 56,65
29.20 -12,17 56,66
29.23 -11,98 56,66
29.27 -11,98 56,66
29.30 -11,79 56,66
29.33 -11,61 56,66
29.37 -11,43 56,67
29.40 -11,24 56,85
29.43 -11,24 56,85
29.47 -11,06 57,03
29.50 -11,05 57,03
29.53 -10,87 57,03
29.57 -10,87 56,85
29.60 -10,69 56,85
29.63 -10,69 56,85
29.67 -10,69 56,85
29.70 -10,69 56,85
29.73 -10,50 56,85
29.77 -10,50 56,66
29.80 -10,31 56,48
29.83 -10,13 55,92
29.87 -10,13 55,00
29.90 -9,95 53,53
29.93 -9,95 51,49
29.97 -10,13 49,10
30.00 -10,13 46,70
30.03 -10,13 44,30
30.07 -9,94 42,27
30.10 -9,76 40,05
30.13 -9,76 37,65
30.17 -9,57 35,25
30.20 -9,38 32,85
30.23 -9,20 30,27
30.27 -9,01 27,68
30.30 -8,82 25,10
30.33 -8,63 22,70
30.37 -8,44 20,30
30.40 -8,08 17,71
30.43 -8,07 15,31
30.47 -7,88 13,10
30.50 -7,70 10,89
30.53 -7,52 8,68
30.57 -7,52 6,65
30.60 -7,52 4,62
30.63 -7,52 2,22
30.67 -7,51 0,20
30.70 -7,51 -1,83
30.73 -7,51 -4,05
30.77 -7,52 -6,07
30.80 -7,70 -7,92
30.83 -7,70 -9,95
30.87 -7,70 -11,80
30.90 -7,88 -13,64
30.93 -7,88 -15,49
30.97 -8,06 -17,15
31.00 -8,25 -20,47
31.03 -8,42 -21,95
31.07 -8,43 -23,43
31.10 -8,61 -24,91
31.13 -8,79 -26,20
31.17 -8,79 -27,13
31.20 -8,97 -28,24
31.23 -9,15 -29,16
31.27 -9,33 -29,90
31.30 -9,33 -30,45
31.33 -9,52 -31,19
31.37 -9,71 -31,93
31.40 -10,07 -32,66
31.43 -10,26 -33,03
31.47 -10,45 -33,40
31.50 -10,63 -33,40
31.53 -10,81 -33,21
31.57 -10,99 -32,84
31.60 -10,99 -32,47
31.63 -11,17 -32,10
31.67 -11,35 -32,10
31.70 -11,35 -32,10
31.73 -11,53 -32,29
31.77 -11,53 -32,65
31.80 -11,52 -32,84
31.83 -11,51 -33,03
31.87 -11,33 -32,85
31.90 -11,14 -31,93
31.93 -10,59 -30,64
31.97 -10,22 -28,79
32.00 -9,85 -26,58
32.03 -9,66 -24,74
32.07 -9,48 -22,71
32.10 -9,11 -20,50
32.13 -8,93 -18,46
32.17 -8,93 -16,44
32.20 -8,94 -14,41
32.23 -9,12 -12,20
32.27 -9,29 -9,98
32.30 -9,29 -7,77
32.33 -9,48 -5,37
32.37 -9,66 -3,16
32.40 -9,84 -0,76
32.43 -10,02 1,64
32.47 -10,20 4,04
32.50 -10,21 6,44
32.53 -10,39 9,02
32.57 -10,57 11,24
32.60 -10,75 13,82
32.63 -10,76 16,21
32.67 -10,95 18,62
32.70 -11,13 21,20
32.73 -11,31 23,79
32.77 -11,31 26,19
32.80 -11,50 28,77
32.83 -11,69 31,54
32.87 -11,87 34,31
32.90 -12,05 37,26
32.93 -12,24 40,03
32.97 -12,61 42,62
33.00 -12,80 45,20
33.03 -13,17 47,97
33.07 -13,53 50,37
33.10 -13,72 52,58
33.13 -13,90 54,61
33.17 -14,27 56,09
33.20 -14,45 57,02
33.23 -14,64 57,57
33.27 -14,82 57,57
33.30 -14,82 57,38
33.33 -15,01 56,65
33.37 -15,19 56,10
33.40 -15,19 55,91
33.43 -15,19 55,91
33.47 -15,19 56,28
33.50 -15,19 56,65
33.53 -15,01 56,84
33.57 -15,01 56,65
33.60 -15,01 56,47
33.63 -15,01 56,10
33.67 -15,01 55,73
33.70 -15,01 55,55
33.73 -14,83 55,37
33.77 -14,83 55,37
33.80 -14,65 55,37
33.83 -14,65 55,55
33.87 -14,46 55,55
33.90 -14,28 55,37
33.93 -14,28 55,36
33.97 -14,09 55,18
34.00 -13,91 55,00
34.03 -13,91 55,00
34.07 -13,73 55,00
34.10 -13,54 54,81
34.13 -13,36 54,81
34.17 -13,36 54,81
34.20 -13,18 54,63
34.23 -13,00 54,63
34.27 -12,82 54,63
34.30 -12,82 54,63
34.33 -12,63 54,64
34.37 -12,45 54,82
34.40 -12,45 54,82
34.43 -12,27 54,82
34.47 -12,26 54,81
34.50 -12,08 54,81
34.53 -11,89 54,81
34.57 -11,71 54,63
34.60 -11,53 54,45
34.63 -11,34 54,26
34.67 -11,16 53,52
34.70 -10,79 52,41
34.73 -10,61 50,75
34.77 -10,60 48,72
34.80 -10,42 46,50
34.83 -10,24 44,28
34.87 -10,05 41,89
34.90 -9,68 39,85
34.93 -9,50 37,63
34.97 -9,13 35,23
35.00 -8,94 32,65
35.03 -8,58 30,44
35.07 -8,39 28,03
35.10 -8,19 25,63
35.13 -7,83 23,05
35.17 -7,65 20,84
35.20 -7,45 18,62
35.23 -7,09 16,41
35.27 -6,91 14,19
35.30 -6,74 11,98
35.33 -6,72 9,95
35.37 -6,54 7,73
35.40 -6,54 5,52
35.43 -6,53 3,49
35.47 -6,52 1,27
35.50 -6,51 -0,94
35.53 -6,52 -2,79
35.57 -6,53 -5,00
35.60 -6,53 -7,03
35.63 -6,71 -8,88
35.67 -6,72 -10,73
35.70 -6,89 -12,57
35.73 -6,89 -14,24
35.77 -6,90 -15,90
35.80 -7,08 -17,55
35.83 -7,26 -18,85
35.87 -7,27 -20,32
35.90 -7,45 -21,62
35.93 -7,64 -22,90
35.97 -7,82 -24,01
36.00 -8,01 -25,12
36.03 -8,19 -26,04
36.07 -8,39 -26,96
36.10 -8,75 -27,88
36.13 -9,11 -28,63
36.17 -9,30 -29,54
36.20 -9,67 -30,28
36.23 -10,04 -31,01
36.27 -10,23 -31,38
36.30 -10,42 -31,56
36.33 -10,60 -31,55
36.37 -10,79 -31,17
36.40 -10,96 -30,80
36.43 -10,96 -30,44
36.47 -11,15 -30,44
36.50 -11,33 -30,44
36.53 -11,33 -30,62
36.57 -11,51 -30,81
36.60 -11,69 -31,18
36.63 -11,69 -31,54
36.67 -11,87 -31,72
36.70 -11,86 -31,73
36.73 -11,86 -31,74
36.77 -11,87 -31,74
36.80 -11,87 -31,56
36.83 -11,86 -31,37
36.87 -11,67 -31,19
36.90 -11,30 -30,46
36.93 -10,93 -29,53
36.97 -10,38 -28,05
37.00 -10,01 -26,39
37.03 -9,64 -24,73
37.07 -9,28 -22,89
37.10 -9,09 -21,05
37.13 -8,73 -19,20
37.17 -8,54 -17,35
37.20 -8,54 -15,32
37.23 -8,54 -13,47
37.27 -8,53 -11,62
37.30 -8,54 -9,23
37.33 -8,54 -7,01
37.37 -8,73 -4,80
37.40 -8,92 -2,58
37.43 -9,10 -0,19
37.47 -9,28 2,03
37.50 -9,28 4,43
37.53 -9,46 6,83
37.57 -9,64 9,05
37.60 -9,82 11,45
37.63 -10,00 13,85
37.67 -10,18 16,07
37.70 -10,37 18,28
37.73 -10,73 20,68
37.77 -10,92 22,90
37.80 -11,12 25,30
37.83 -11,48 27,70
37.87 -11,67 30,28
37.90 -11,86 32,87
37.93 -12,22 35,82
37.97 -12,40 38,41
38.00 -12,59 41,18
38.03 -12,96 43,76
38.07 -13,33 46,35
38.10 -13,51 48,75
38.13 -13,70 51,14
38.17 -14,07 53,17
38.20 -14,25 54,83
38.23 -14,25 55,94
38.27 -14,44 56,49
38.30 -14,62 56,68
38.33 -14,81 56,49
38.37 -14,81 55,94
38.40 -14,99 55,38
38.43 -15,18 55,02
38.47 -15,17 55,20
38.50 -15,17 55,75
38.53 -14,99 56,12
38.57 -14,99 56,49
38.60 -14,81 56,68
38.63 -14,81 56,68
38.67 -14,81 56,49
38.70 -14,81 56,13
38.73 -14,62 56,12
38.77 -14,62 56,13
38.80 -14,44 56,31
38.83 -14,25 56,50
38.87 -14,25 56,86
38.90 -14,07 56,87
38.93 -14,07 57,05
38.97 -14,06 56,87
39.00 -14,06 56,68
39.03 -13,88 56,68
39.07 -13,88 56,50
39.10 -13,88 56,68
39.13 -13,69 56,68
39.17 -13,51 56,87
39.20 -13,33 56,87
39.23 -13,33 57,05
39.27 -13,33 57,05
39.30 -13,14 56,87
39.33 -13,14 56,87
39.37 -13,14 56,68
39.40 -12,96 56,68
39.43 -12,96 56,68
39.47 -12,77 56,68
39.50 -12,59 56,87
39.53 -12,59 56,87
39.57 -12,40 56,87
39.60 -12,22 56,68
39.63 -12,03 56,50
39.67 -11,66 55,94
39.70 -11,48 55,39
39.73 -11,29 54,28
39.77 -10,92 52,81
39.80 -10,74 51,14
39.83 -10,56 48,93
39.87 -10,38 46,90
39.90 -10,19 45,05
39.93 -9,83 43,21
39.97 -9,46 41,18
40.00 -9,27 39,14
40.03 -8,91 36,93
40.07 -8,54 34,72
40.10 -8,36 32,69
40.13 -8,17 30,66
40.17 -7,98 28,62
40.20 -7,79 26,41
40.23 -7,59 24,38
40.27 -7,39 22,16
40.30 -7,04 20,14
40.33 -6,85 18,29
40.37 -6,68 16,26
40.40 -6,67 14,41
40.43 -6,48 12,57
40.47 -6,31 10,72
40.50 -6,31 8,88
40.53 -6,29 7,03
40.57 -6,29 5,18
40.60 -6,30 3,33
40.63 -6,30 1,49
40.67 -6,32 -0,36
40.70 -6,49 -2,21
40.73 -6,49 -4,05
40.77 -6,50 -5,90
40.80 -6,67 -7,75
40.83 -6,67 -9,41
40.87 -6,67 -11,44
40.90 -6,67 -13,11
40.93 -6,67 -14,77
40.97 -6,67 -16,61
41.00 -6,68 -18,27
41.03 -6,69 -19,93
41.07 -6,87 -21,58
41.10 -7,05 -23,06
41.13 -7,05 -24,34
41.17 -7,23 -25,63
41.20 -7,23 -26,74
41.23 -7,42 -27,84
41.27 -7,61 -28,77
41.30 -7,80 -29,69
41.33 -7,99 -30,43
41.37 -8,18 -31,17
41.40 -8,54 -31,73
41.43 -8,71 -31,91
41.47 -8,71 -31,91
41.50 -8,71 -31,54
41.53 -8,89 -31,53
41.57 -8,89 -31,34
41.60 -8,90 -31,16
41.63 -9,08 -31,34
41.67 -9,08 -31,52
41.70 -9,26 -31,71
41.73 -9,26 -32,07
41.77 -9,26 -32,44
41.80 -9,26 -32,63
41.83 -9,26 -32,81
41.87 -9,08 -32,63
41.90 -8,89 -31,89
41.93 -8,52 -30,59
41.97 -7,97 -28,74
42.00 -7,78 -26,90
42.03 -7,41 -25,06
42.07 -7,22 -23,22
42.10 -6,85 -21,19
42.13 -6,66 -19,17
42.17 -6,47 -17,32
42.20 -6,28 -15,29
42.23 -6,28 -13,45
42.27 -6,09 -11,61
42.30 -6,10 -9,77
42.33 -6,09 -7,92
42.37 -6,27 -6,07
42.40 -6,27 -4,04
42.43 -6,27 -2,20
42.47 -6,45 -0,17
42.50 -6,45 2,05
42.53 -6,63 4,26
42.57 -6,63 6,30
42.60 -6,83 8,69
42.63 -7,01 10,91
42.67 -7,20 13,12
42.70 -7,38 15,33
42.73 -7,56 17,55
42.77 -7,74 19,58
42.80 -7,93 21,98
42.83 -8,12 24,19
42.87 -8,48 26,59
42.90 -8,67 28,99
42.93 -9,03 31,39
42.97 -9,22 33,97
43.00 -9,59 36,56
43.03 -9,96 39,33
43.07 -10,32 41,91
43.10 -10,69 44,68
43.13 -11,06 47,26
43.17 -11,43 49,84
43.20 -11,80 52,24
43.23 -12,17 54,27
43.27 -12,54 55,75
43.30 -12,91 56,67
43.33 -13,28 56,86
43.37 -13,65 56,86
43.40 -14,02 56,49
43.43 -14,39 55,94
43.47 -14,57 55,57
43.50 -14,76 55,38
43.53 -14,94 55,38
43.57 -14,94 55,57
43.60 -15,13 55,75
43.63 -15,13 55,94
43.67 -15,32 55,75
43.70 -15,50 55,57
43.73 -15,50 55,20
43.77 -15,50 55,02
43.80 -15,50 55,02
43.83 -15,50 55,02
43.87 -15,51 55,20
43.90 -15,51 55,38
43.93 -15,50 55,57
43.97 -15,32 55,57
44.00 -15,32 55,76
44.03 -15,14 55,76
44.07 -14,95 55,76
44.10 -14,77 55,76
44.13 -14,77 55,94
44.17 -14,59 56,12
44.20 -14,59 56,13
44.23 -14,40 56,31
44.27 -14,40 56,50
44.30 -14,21 56,49
44.33 -14,03 56,49
44.37 -14,03 56,31
44.40 -13,66 56,31
44.43 -13,47 56,13
44.47 -13,10 56,13
44.50 -12,92 56,13
44.53 -12,55 56,14
44.57 -12,36 56,14
44.60 -12,00 56,14
44.63 -11,81 56,14
44.67 -11,44 55,96
44.70 -11,25 55,96
44.73 -10,88 55,95
44.77 -10,70 55,77
44.80 -10,33 55,77
44.83 -10,15 55,96
44.87 -9,96 55,95
44.90 -9,59 55,95
44.93 -9,40 55,95
44.97 -9,04 55,76
45.00 -8,85 55,76
45.03 -8,67 55,76
45.07 -8,48 55,76
45.10 -8,11 55,75
45.13 -7,93 55,76
45.17 -7,75 55,76
45.20 -7,56 55,94
45.23 -7,38 55,94
45.27 -7,20 55,94
45.30 -7,02 55,94
45.33 -6,83 55,94
45.37 -6,65 55,94
45.40 -6,47 55,94
45.43 -6,30 55,94
45.47 -6,29 55,95
45.50 -6,11 56,13
45.53 -5,93 56,12
45.57 -5,93 56,12
45.60 -5,76 56,12
45.63 -5,76 56,12
45.67 -5,58 56,12
45.70 -5,57 56,12
45.73 -5,40 56,13
45.77 -5,40 56,31
45.80 -5,39 56,31
45.83 -5,21 56,31
45.87 -5,21 56,31
45.90 -5,21 56,32
45.93 -5,20 56,32
45.97 -5,02 56,33
46.00 -5,02 56,33
46.03 -5,02 56,33
46.07 -5,01 56,33
46.10 -4,84 56,14
46.13 -4,84 55,77
46.17 -4,67 55,41
46.20 -4,66 54,85
46.23 -4,47 53,74
46.27 -4,30 52,08
46.30 -4,30 50,23
46.33 -4,29 48,02
46.37 -4,28 45,62
46.40 -4,11 43,58
46.43 -4,11 41,56
46.47 -3,94 39,71
46.50 -3,92 37,68
46.53 -3,74 35,65
46.57 -3,72 33,62
46.60 -3,54 31,59
46.63 -3,37 29,75
46.67 -3,35 27,90
46.70 -3,17 25,87
46.73 -3,16 23,84
46.77 -3,00 21,63
46.80 -2,99 19,78
46.83 -2,82 17,93
46.87 -2,81 16,09
46.90 -2,65 14,24
46.93 -2,66 12,39
46.97 -2,64 10,55
47.00 -2,63 8,70
47.03 -2,63 6,86
47.07 -2,66 5,02
47.10 -2,82 2,99
47.13 -2,83 0,96
47.17 -2,99 -0,89
47.20 -3,02 -2,92
47.23 -3,21 -4,76
47.27 -3,37 -6,79
47.30 -3,39 -8,63
47.33 -3,57 -10,48
47.37 -3,77 -13,80
47.40 -3,96 -15,65
47.43 -4,16 -17,31
47.47 -4,36 -18,97
47.50 -4,54 -20,45
47.53 -4,73 -21,93
47.57 -4,91 -23,40
47.60 -5,11 -24,69
47.63 -5,47 -25,98
47.67 -5,65 -27,27
47.70 -5,84 -28,20
47.73 -6,20 -29,30
47.77 -6,39 -30,22
47.80 -6,75 -30,97
47.83 -6,95 -31,52
47.87 -7,14 -31,71
47.90 -7,33 -31,52
47.93 -7,51 -31,15
47.97 -7,68 -30,59
48.00 -7,69 -30,21
48.03 -7,87 -29,84
48.07 -8,05 -29,66
48.10 -8,23 -29,84
48.13 -8,40 -30,02
48.17 -8,58 -30,39
48.20 -8,76 -30,76
48.23 -8,94 -31,13
48.27 -8,95 -31,31
48.30 -9,13 -31,13
48.33 -9,14 -30,95
48.37 -9,31 -30,76
48.40 -9,31 -30,21
48.43 -9,31 -30,02
48.47 -9,30 -29,66
48.50 -9,30 -29,65
48.53 -9,28 -29,46
48.57 -8,92 -28,91
48.60 -8,73 -27,80
48.63 -8,35 -26,51
48.67 -7,97 -24,84
48.70 -7,60 -23,00
48.73 -7,40 -21,33
48.77 -7,21 -19,48
48.80 -6,85 -17,46
48.83 -6,67 -15,61
48.87 -6,67 -13,77
48.90 -6,48 -11,93
48.93 -6,48 -10,26
48.97 -6,48 -8,42
49.00 -6,30 -6,57
49.03 -6,30 -4,72
49.07 -6,30 -2,69
49.10 -6,30 -0,66
49.13 -6,30 1,18
49.17 -6,29 3,22
49.20 -6,28 5,25
49.23 -6,28 7,46
49.27 -6,28 9,49
49.30 -6,29 11,34
49.33 -6,30 13,37
49.37 -6,31 15,22
49.40 -6,48 17,43
49.43 -6,47 19,09
49.47 -6,48 20,94
49.50 -6,49 22,97
49.53 -6,50 25,00
49.57 -6,67 27,22
49.60 -6,68 29,43
49.63 -6,85 31,83
49.67 -6,84 34,23
49.70 -6,85 36,81
49.73 -7,03 39,39
49.77 -7,21 41,79
49.80 -7,39 44,38
49.83 -7,58 46,96
49.87 -7,76 49,55
49.90 -7,94 52,13
49.93 -8,13 54,16
49.97 -8,31 55,45
50.00 -8,50 56,37
50.03 -8,68 56,56
50.07 -8,86 56,56
50.10 -8,86 56,19
50.13 -8,87 55,63
50.17 -8,87 55,26
50.20 -8,87 55,26
50.23 -8,87 55,45
50.27 -8,69 55,82
50.30 -8,69 56,19
50.33 -8,69 56,37
50.37 -8,51 56,19
50.40 -8,69 56,00
50.43 -8,69 55,82
50.47 -8,69 55,82
50.50 -8,68 55,82
50.53 -8,68 56,00
50.57 -8,68 56,19
50.60 -8,67 56,56
50.63 -8,86 56,56
50.67 -8,85 56,74
50.70 -8,85 56,74
50.73 -8,67 56,56
50.77 -8,67 56,56
50.80 -8,67 56,56
50.83 -8,66 56,74
50.87 -8,66 56,75
50.90 -8,48 56,94
50.93 -8,49 56,94
50.97 -8,49 56,94
51.00 -8,31 56,94
51.03 -8,31 56,94
51.07 -8,31 56,94
51.10 -8,31 56,93
51.13 -8,48 56,93
51.17 -8,30 56,93
51.20 -8,30 57,11
51.23 -8,29 57,11
51.27 -8,11 57,11
51.30 -8,12 57,11
51.33 -8,11 57,11
51.37 -7,93 57,11
51.40 -7,93 57,12
51.43 -7,92 57,30
51.47 -7,74 57,30
51.50 -7,73 57,49
51.53 -7,55 57,48
51.57 -7,54 57,48
51.60 -7,36 57,48
51.63 -7,18 57,48
51.67 -7,17 57,30
51.70 -6,99 57,30
51.73 -6,98 57,30
51.77 -6,79 57,12
51.80 -6,61 56,93
51.83 -6,42 56,75
51.87 -6,06 56,57
51.90 -5,88 55,83
51.93 -5,69 54,91
51.97 -5,69 53,62
52.00 -5,52 52,14
52.03 -5,51 50,29
52.07 -5,33 48,08
52.10 -5,16 46,23
52.13 -4,98 44,39
52.17 -4,80 42,54
52.20 -4,43 40,70
52.23 -4,42 38,86
52.27 -4,24 36,83
52.30 -4,07 34,80
52.33 -3,88 32,77
52.37 -3,71 30,92
52.40 -3,69 29,26
52.43 -3,68 27,42
52.47 -3,66 25,39
52.50 -3,64 23,72
52.53 -3,61 22,06
52.57 -3,44 20,40
52.60 -3,43 18,55
52.63 -3,43 16,71
52.67 -3,45 15,05
52.70 -3,47 13,21
52.73 -3,47 11,54
52.77 -3,63 9,88
52.80 -3,64 8,03
52.83 -3,79 6,19
52.87 -3,82 4,35
52.90 -4,02 2,69
52.93 -4,20 0,84
52.97 -4,22 -1,19
53.00 -4,24 -3,03
53.03 -4,42 -4,70
53.07 -4,43 -6,54
53.10 -4,27 -8,20
53.13 -4,46 -9,87
53.17 -4,62 -11,53
53.20 -4,64 -13,19
53.23 -4,81 -14,67
53.27 -4,99 -16,14
53.30 -5,16 -17,44
53.33 -5,53 -18,91
53.37 -5,72 -20,20
53.40 -6,08 -21,50
53.43 -6,27 -22,79
53.47 -6,63 -23,90
53.50 -6,82 -25,00
53.53 -7,01 -25,92
53.57 -7,37 -26,84
53.60 -7,55 -27,58
53.63 -7,73 -28,32
53.67 -7,90 -29,05
53.70 -8,08 -29,61
53.73 -8,25 -30,15
53.77 -8,26 -30,34
53.80 -8,44 -30,34
53.83 -8,43 -30,16
53.87 -8,26 -29,80
53.90 -8,26 -29,61
53.93 -8,27 -29,25
53.97 -8,27 -29,25
54.00 -8,27 -29,24
54.03 -8,28 -29,42
54.07 -8,28 -29,61
54.10 -8,29 -29,97
54.13 -8,30 -30,15
54.17 -8,31 -30,34
54.20 -8,14 -30,53
54.23 -8,14 -30,53
54.27 -8,14 -30,36
54.30 -7,97 -30,17
54.33 -7,97 -29,81
54.37 -7,96 -29,62
54.40 -7,78 -29,44
54.43 -7,78 -29,25
54.47 -7,78 -29,25
54.50 -7,77 -29,26
54.53 -7,60 -29,44
54.57 -7,61 -29,63
54.60 -7,61 -29,82
54.63 -7,61 -30,01
54.67 -7,44 -30,01
54.70 -7,44 -29,83
54.73 -7,26 -29,27
54.77 -6,89 -27,98
54.80 -6,52 -26,32
54.83 -6,15 -24,66
54.87 -5,78 -22,81
54.90 -5,59 -20,78
54.93 -5,39 -19,12
54.97 -5,20 -17,46
55.00 -4,84 -15,79
55.03 -4,66 -14,32
55.07 -4,49 -12,85
55.10 -4,31 -11,56
55.13 -4,30 -10,08
55.17 -3,95 -8,61
55.20 -3,94 -7,13
55.23 -3,75 -5,66
55.27 -3,58 -4,18
55.30 -3,41 -2,52
55.33 -3,24 -0,86
55.37 -3,07 0,80
55.40 -3,06 2,46
55.43 -2,89 4,30
55.47 -2,89 5,97
55.50 -2,89 7,81
55.53 -2,88 9,48
55.57 -2,87 11,14
55.60 -2,88 12,80
55.63 -3,05 14,47
55.67 -3,06 16,13
55.70 -3,23 17,79
55.73 -3,25 19,45
55.77 -3,46 21,11
55.80 -3,66 22,96
55.83 -3,86 24,80
55.87 -4,04 26,65
55.90 -4,22 28,68
55.93 -4,42 30,71
55.97 -4,77 32,93
56.00 -4,95 34,59
56.03 -5,31 36,99
56.07 -5,51 39,20
56.10 -5,89 41,79
56.13 -6,25 44,56
56.17 -6,61 47,32
56.20 -6,80 49,91
56.23 -7,17 52,49
56.27 -7,35 54,52
56.30 -7,54 56,00
56.33 -7,73 56,74
56.37 -8,10 57,11
56.40 -8,28 56,92
56.43 -8,46 56,37
56.47 -8,46 55,63
56.50 -8,65 55,26
56.53 -8,64 55,26
56.57 -8,46 55,44
56.60 -8,28 56,00
56.63 -8,09 56,37
56.67 -7,91 56,55
56.70 -7,55 56,36
56.73 -7,18 56,00
56.77 -6,82 55,81
56.80 -6,45 55,62
56.83 -5,90 55,62
56.87 -5,17 55,62
56.90 -4,43 55,81
56.93 -3,33 55,99
56.97 -2,41 55,81
57.00 -1,30 55,63
57.03 -0,19 55,63
57.07 1,10 55,44
57.10 2,39 55,07
57.13 3,68 54,52
57.17 4,79 53,79
57.20 6,08 53,24
57.23 7,19 53,05
57.27 8,30 52,86
57.30 9,40 52,49
57.33 10,34 52,12
57.37 11,27 51,94
57.40 12,38 52,12
57.43 13,49 52,31
57.47 14,58 52,31
57.50 15,52 52,32
57.53 16,63 52,32
57.57 17,56 52,32
57.60 18,67 52,32
57.63 19,60 52,32
57.67 20,70 52,50
57.70 21,61 52,69
57.73 22,53 53,24
57.77 23,44 53,61
57.80 24,19 54,16
57.83 25,11 54,72
57.87 25,84 55,08
57.90 26,58 55,27
57.93 27,49 55,46
57.97 28,05 55,46
58.00 28,62 55,46
58.03 29,00 55,28
58.07 29,57 55,28
58.10 30,12 55,46
58.13 30,68 55,46
58.17 31,23 55,64
58.20 31,77 55,65
58.23 32,15 55,65
58.27 32,70 55,64
58.30 33,08 55,46
58.33 33,62 55,27
58.37 34,00 55,09
58.40 34,55 55,09
58.43 35,09 54,90
58.47 35,47 54,72
58.50 36,03 54,72
58.53 36,58 54,54
58.57 37,13 54,35
58.60 37,69 54,35
58.63 38,24 54,17
58.67 38,80 53,98
58.70 39,37 53,79
58.73 40,10 53,79
58.77 40,83 53,61
58.80 41,39 53,61
58.83 42,31 53,61
58.87 43,06 53,61
58.90 43,99 53,61
58.93 44,90 53,79
58.97 44,90 53,61
59.00 44,53 53,60
59.03 44,16 53,60
59.07 43,80 53,24
59.10 43,79 53,42
59.13 43,61 53,05
59.17 43,79 53,05
59.20 43,80 52,49
59.23 44,17 52,30
59.27 44,35 51,94
59.30 44,17 51,38
59.33 44,15 51,02
59.37 44,15 50,65
59.40 44,14 50,28
59.43 44,14 50,09
59.47 44,14 49,91
59.50 44,13 49,72
59.53 44,12 49,35
59.57 44,12 49,17
59.60 44,12 48,99
59.63 44,12 48,62
59.67 44,12 48,62
59.70 44,13 48,81
59.73 44,13 48,62
59.77 44,14 48,81
59.80 44,15 48,80
59.83 44,16 48,80
59.87 44,34 48,99
59.90 44,33 48,99
59.93 44,15 48,99
59.97 44,16 48,99
60.00 44,16 48,99
60.03 44,34 49,36
60.07 44,33 49,36
60.10 44,32 49,36
60.13 44,31 49,17
60.17 44,30 49,17
60.20 44,48 49,36
60.23 44,47 49,35
60.27 44,46 49,35
60.30 44,46 49,35
60.33 44,28 48,98
60.37 44,28 48,98
60.40 44,45 49,17
60.43 44,45 49,35
60.47 44,27 49,17
60.50 44,29 49,16
60.53 44,46 49,35
60.57 44,45 49,34
60.60 44,44 49,34
60.63 44,44 49,34
60.67 44,43 49,34
60.70 44,42 49,34
60.73 44,42 49,33
60.77 44,41 49,33
60.80 44,40 49,33
60.83 44,39 49,33
60.87 44,39 49,33
60.90 44,38 49,32
60.93 44,37 49,32
60.97 44,37 49,32
61.00 44,36 49,32
61.03 44,35 49,14
61.07 44,34 49,14
61.10 44,33 49,14
61.13 44,32 49,14
61.17 44,31 49,14
61.20 44,30 49,15
61.23 44,47 49,15
61.27 44,46 49,15
61.30 44,45 49,15
61.33 44,43 49,16
61.37 44,42 49,16
61.40 44,41 49,16
61.43 44,40 49,16
61.47 44,39 49,16
61.50 44,37 49,17
61.53 44,36 49,17
61.57 44,35 49,17
61.60 44,34 49,17
61.63 44,33 49,17
61.67 44,32 49,18
61.70 44,31 49,18
61.73 44,30 49,18
61.77 44,47 49,18
61.80 44,46 49,18
61.83 44,45 49,19
61.87 44,44 49,19
61.90 44,43 49,19
61.93 44,42 49,37
61.97 44,41 49,37
62.00 44,41 49,37
62.03 44,40 49,37
62.07 44,39 49,36
62.10 44,38 49,36
62.13 44,38 49,36
62.17 44,37 49,36
62.20 44,19 49,17
62.23 44,20 49,17
62.27 44,21 49,17
62.30 44,22 49,17
62.33 44,23 49,16
62.37 44,24 49,16
62.40 44,25 49,16
62.43 44,26 49,16
62.47 44,27 49,16
62.50 44,28 49,16
