#Kinovea Trajectory data export
#T X Y

# Trajectory 1
0.03 1,07 -22,79
0.07 1,07 -22,79
0.10 1,06 -22,79
0.13 1,06 -22,79
0.17 1,05 -22,79
0.20 1,04 -22,79
0.23 1,03 -22,79
0.27 1,02 -22,79
0.30 1,01 -22,78
0.33 1,00 -22,78
0.37 0,88 -22,79
0.40 0,89 -22,79
0.43 0,90 -22,79
0.47 0,91 -22,80
0.50 0,92 -22,80
0.53 0,93 -22,81
0.57 0,94 -22,81
0.60 1,07 -22,81
0.63 1,06 -22,81
0.67 1,05 -22,81
0.70 1,05 -22,81
0.73 1,05 -22,81
0.77 1,05 -22,81
0.80 1,06 -22,81
0.83 1,07 -22,82
0.87 1,07 -22,82
0.90 1,08 -22,82
0.93 1,09 -22,83
0.97 0,97 -22,83
1.00 0,98 -22,83
1.03 0,98 -22,84
1.07 0,98 -22,84
1.10 0,98 -22,84
1.13 0,97 -22,84
1.17 0,85 -22,84
1.20 0,86 -22,84
1.23 0,86 -22,85
1.27 0,86 -22,85
1.30 0,86 -22,85
1.33 0,86 -22,85
1.37 0,86 -22,85
1.40 0,86 -22,85
1.43 0,87 -22,85
1.47 0,88 -22,86
1.50 1,00 -22,85
1.53 1,00 -22,86
1.57 1,00 -22,86
1.60 1,01 -22,86
1.63 1,02 -22,74
1.67 1,03 -22,74
1.70 1,15 -22,74
1.73 1,14 -22,74
1.77 1,13 -22,74
1.80 1,01 -22,75
1.83 1,01 -22,75
1.87 1,00 -22,75
1.90 0,99 -22,75
1.93 0,87 -22,76
1.97 0,86 -22,76
2.00 0,85 -22,76
2.03 0,73 -22,76
2.07 0,74 -22,76
2.10 0,75 -22,77
2.13 0,75 -22,77
2.17 0,76 -22,77
2.20 0,88 -22,77
2.23 0,88 -22,77
2.27 0,88 -22,77
2.30 0,88 -22,78
2.33 0,89 -22,78
2.37 1,01 -22,78
2.40 1,00 -22,78
2.43 0,99 -22,78
2.47 0,99 -22,78
2.50 0,99 -22,79
2.53 0,98 -22,79
2.57 0,98 -22,79
2.60 0,98 -22,79
2.63 0,99 -22,80
2.67 1,00 -22,80
2.70 1,00 -22,81
2.73 1,01 -22,81
2.77 1,01 -22,81
2.80 1,02 -22,82
2.83 1,03 -22,82
2.87 1,03 -22,83
2.90 1,03 -22,83
2.93 1,04 -22,83
2.97 1,04 -22,83
3.00 1,04 -22,83
3.03 1,03 -22,84
3.07 1,03 -22,84
3.10 1,02 -22,84
3.13 1,02 -22,84
3.17 1,01 -22,83
3.20 1,00 -22,83
3.23 0,99 -22,83
3.27 0,98 -22,83
3.30 0,97 -22,83
3.33 0,97 -22,82
3.37 0,96 -22,82
3.40 0,96 -22,82
3.43 0,96 -22,83
3.47 0,97 -22,83
3.50 0,97 -22,83
3.53 1,10 -22,83
3.57 1,09 -22,83
3.60 1,08 -22,83
3.63 1,21 -22,83
3.67 1,21 -22,84
3.70 1,21 -22,84
3.73 1,20 -22,84
3.77 1,20 -22,84
3.80 1,19 -22,84
3.83 1,07 -22,85
3.87 1,08 -22,85
3.90 1,08 -22,86
3.93 1,07 -22,86
3.97 1,06 -22,86
4.00 1,05 -22,86
4.03 1,04 -22,85
4.07 0,92 -22,86
4.10 0,93 -22,86
4.13 1,05 -22,86
4.17 1,04 -22,85
4.20 1,04 -22,85
4.23 1,04 -22,85
4.27 1,04 -22,85
4.30 1,05 -22,85
4.33 1,17 -22,85
4.37 1,17 -22,85
4.40 1,17 -22,85
4.43 1,17 -22,85
4.47 1,17 -22,85
4.50 1,17 -22,85
4.53 1,18 -22,86
4.57 1,18 -22,86
4.60 1,18 -22,86
4.63 1,18 -22,86
4.67 1,17 -22,86
4.70 1,05 -22,86
4.73 1,06 -22,73
4.77 1,06 -22,74
4.80 1,06 -22,74
4.83 1,06 -22,74
4.87 1,05 -22,74
4.90 1,04 -22,74
4.93 1,03 -22,74
4.97 0,91 -22,74
5.00 0,92 -22,75
5.03 0,93 -22,75
5.07 0,94 -22,75
5.10 0,95 -22,76
5.13 0,96 -22,76
5.17 0,95 -22,76
5.20 1,07 -22,76
5.23 1,07 -22,76
5.27 1,07 -22,77
5.30 1,07 -22,77
5.33 1,08 -22,77
5.37 1,09 -22,78
5.40 0,97 -22,78
5.43 0,98 -22,79
5.47 0,99 -22,79
5.50 1,00 -22,79
5.53 1,01 -22,80
5.57 1,02 -22,80
5.60 1,03 -22,81
5.63 1,04 -22,81
5.67 1,05 -22,82
5.70 1,05 -22,82
5.73 1,06 -22,82
5.77 1,06 -22,82
5.80 1,06 -22,83
5.83 1,06 -22,83
5.87 1,06 -22,83
5.90 1,06 -22,84
5.93 1,07 -22,84
5.97 1,08 -22,84
6.00 1,09 -22,85
6.03 1,08 -22,85
6.07 1,21 -22,85
6.10 1,20 -22,85
6.13 1,20 -22,85
6.17 1,20 -22,86
6.20 1,21 -22,86
6.23 1,21 -22,86
6.27 1,21 -22,73
6.30 1,21 -22,74
6.33 1,22 -22,74
6.37 1,22 -22,74
6.40 1,09 -22,75
6.43 1,08 -22,75
6.47 1,08 -22,75
6.50 1,20 -22,75
6.53 1,19 -22,75
6.57 1,18 -22,75
6.60 1,06 -22,76
6.63 1,06 -22,76
6.67 1,07 -22,77
6.70 1,07 -22,77
6.73 1,07 -22,77
6.77 1,07 -22,78
6.80 1,07 -22,78
6.83 1,07 -22,78
6.87 1,07 -22,79
6.90 1,07 -22,79
6.93 1,08 -22,80
6.97 1,09 -22,80
7.00 1,08 -22,80
7.03 1,20 -22,80
7.07 1,19 -22,80
7.10 1,18 -22,80
7.13 1,17 -22,80
7.17 1,17 -22,81
7.20 1,17 -22,81
7.23 1,16 -22,81
7.27 1,16 -22,81
7.30 1,16 -22,82
7.33 1,15 -22,82
7.37 1,15 -22,82
7.40 1,14 -22,82
7.43 1,13 -22,82
7.47 1,12 -22,83
7.50 1,11 -22,83
7.53 1,11 -22,83
7.57 1,10 -22,83
7.60 1,09 -22,83
7.63 1,08 -22,84
7.67 1,21 -22,84
7.70 1,21 -22,84
7.73 1,21 -22,85
7.77 1,21 -22,85
7.80 1,21 -22,86
7.83 1,22 -22,86
7.87 1,09 -22,74
7.90 1,10 -22,74
7.93 1,11 -22,75
7.97 1,11 -22,76
8.00 1,12 -22,76
8.03 1,12 -22,77
8.07 1,11 -22,77
8.10 0,98 -22,90
8.13 0,98 -22,77
8.17 0,98 -22,78
8.20 0,98 -22,78
8.23 0,86 -22,79
8.27 0,86 -22,80
8.30 0,87 -22,81
8.33 0,87 -22,82
8.37 0,88 -22,82
8.40 0,88 -22,83
8.43 0,88 -22,83
8.47 0,88 -22,84
8.50 0,89 -22,85
8.53 0,90 -22,85
8.57 1,02 -22,86
8.60 1,02 -22,86
8.63 1,02 -22,87
8.67 1,02 -22,74
8.70 1,02 -22,87
8.73 1,15 -22,75
8.77 1,15 -22,76
8.80 1,15 -22,88
8.83 1,15 -22,88
8.87 1,15 -22,87
8.90 1,15 -22,87
8.93 1,15 -22,86
8.97 1,15 -22,86
9.00 1,02 -22,98
9.03 1,02 -22,98
9.07 0,90 -22,98
9.10 0,90 -22,97
9.13 0,77 -22,97
9.17 0,77 -22,96
9.20 0,63 -22,95
9.23 0,51 -22,83
9.27 0,51 -22,83
9.30 0,38 -22,83
9.33 0,39 -22,83
9.37 0,40 -22,83
9.40 0,52 -22,83
9.43 0,52 -22,83
9.47 0,51 -22,83
9.50 0,39 -22,83
9.53 0,40 -22,82
9.57 0,53 -22,69
9.60 0,52 -22,56
9.63 0,65 -22,29
9.67 0,66 -21,91
9.70 0,80 -21,51
9.73 0,93 -21,11
9.77 1,06 -20,58
9.80 1,06 -20,05
9.83 1,18 -19,39
9.87 1,19 -18,61
9.90 1,32 -17,81
9.93 1,32 -16,89
9.97 1,45 -15,97
10.00 1,45 -15,05
10.03 1,46 -14,13
10.07 1,59 -13,08
10.10 1,73 -11,90
10.13 1,86 -10,84
10.17 2,00 -9,66
10.20 2,27 -8,47
10.23 2,40 -7,29
10.27 2,53 -5,84
10.30 2,67 -4,53
10.33 2,94 -3,08
10.37 3,07 -1,63
10.40 3,33 0,08
10.43 3,47 1,65
10.47 3,59 3,24
10.50 3,60 4,82
10.53 3,72 6,66
10.57 3,72 8,36
10.60 3,71 10,08
10.63 3,84 11,92
10.67 3,83 13,89
10.70 3,70 15,60
10.73 3,58 17,58
10.77 3,57 19,55
10.80 3,43 21,39
10.83 3,17 23,10
10.87 3,04 24,68
10.90 2,78 26,26
10.93 2,52 27,84
10.97 2,26 29,15
11.00 2,00 30,20
11.03 1,74 30,99
11.07 1,48 31,39
11.10 1,21 31,52
11.13 0,81 31,26
11.17 0,42 30,86
11.20 0,15 30,34
11.23 -0,11 29,81
11.27 -0,11 29,55
11.30 -0,10 29,29
11.33 -0,10 29,29
11.37 -0,09 29,29
11.40 -0,09 29,28
11.43 -0,22 29,16
11.47 -0,34 29,15
11.50 -0,33 29,15
11.53 -0,46 29,02
11.57 -0,46 28,89
11.60 -0,59 28,76
11.63 -0,58 28,62
11.67 -0,45 28,36
11.70 -0,44 28,10
11.73 -0,31 27,71
11.77 -0,17 27,32
11.80 0,09 26,92
11.83 0,22 26,39
11.87 0,48 25,86
11.90 0,61 25,20
11.93 0,75 24,54
11.97 0,88 23,75
12.00 1,01 22,97
12.03 1,15 22,31
12.07 1,28 21,52
12.10 1,28 20,60
12.13 1,41 19,94
12.17 1,41 19,14
12.20 1,27 18,10
12.23 1,15 17,30
12.27 1,02 16,38
12.30 0,89 15,33
12.33 0,76 14,28
12.37 0,62 13,10
12.40 0,49 11,91
12.43 0,36 10,73
12.47 0,36 9,68
12.50 0,23 8,36
12.53 0,23 7,05
12.57 0,23 5,73
12.60 0,10 4,42
12.63 0,10 3,23
12.67 0,09 1,91
12.70 0,09 0,47
12.73 0,23 -0,85
12.77 0,37 -2,30
12.80 0,50 -3,74
12.83 0,49 -5,06
12.87 0,62 -6,37
12.90 0,75 -7,69
12.93 0,75 -9,14
12.97 0,74 -10,45
13.00 0,74 -11,77
13.03 0,74 -12,95
13.07 0,75 -14,14
13.10 0,75 -15,19
13.13 0,75 -16,24
13.17 0,76 -17,16
13.20 0,90 -17,96
13.23 1,03 -18,75
13.27 1,29 -19,40
13.30 1,42 -19,93
13.33 1,43 -20,59
13.37 1,56 -20,85
13.40 1,56 -21,38
13.43 1,69 -21,64
13.47 1,70 -22,04
13.50 1,83 -22,43
13.53 1,96 -22,82
13.57 1,96 -23,22
13.60 1,97 -23,09
13.63 2,09 -22,69
13.67 2,09 -22,43
13.70 1,96 -22,17
13.73 1,96 -21,64
13.77 1,96 -21,11
13.80 2,09 -20,19
13.83 2,09 -19,53
13.87 2,22 -18,61
13.90 2,36 -17,69
13.93 2,49 -16,64
13.97 2,62 -15,72
14.00 2,76 -14,79
14.03 3,02 -13,61
14.07 3,28 -12,29
14.10 3,55 -11,11
14.13 3,81 -9,79
14.17 4,21 -8,22
14.20 4,47 -6,90
14.23 4,86 -5,19
14.27 5,12 -3,61
14.30 5,52 -1,77
14.33 5,78 -0,06
14.37 6,04 1,79
14.40 6,17 3,63
14.43 6,30 5,47
14.47 6,43 7,44
14.50 6,56 9,42
14.53 6,56 11,39
14.57 6,69 13,50
14.60 6,68 15,47
14.63 6,55 17,31
14.67 6,55 19,29
14.70 6,42 21,00
14.73 6,28 22,71
14.77 6,02 24,29
14.80 5,88 25,73
14.83 5,62 27,05
14.87 5,35 28,23
14.90 5,09 29,16
14.93 4,82 29,95
14.97 4,56 30,47
15.00 4,31 30,87
15.03 4,05 31,00
15.07 3,66 31,00
15.10 3,27 30,87
15.13 3,00 30,74
15.17 2,73 30,61
15.20 2,48 30,48
15.23 2,47 30,48
15.27 2,35 30,35
15.30 2,35 30,22
15.33 2,35 30,22
15.37 2,23 30,09
15.40 2,23 29,96
15.43 2,10 29,83
15.47 2,10 29,70
15.50 1,98 29,43
15.53 1,98 29,04
15.57 2,11 28,78
15.60 2,11 28,39
15.63 2,24 27,99
15.67 2,25 27,47
15.70 2,39 26,94
15.73 2,52 26,29
15.77 2,66 25,76
15.80 2,66 24,97
15.83 2,79 24,31
15.87 2,79 23,52
15.90 2,79 22,60
15.93 2,79 21,68
15.97 2,79 20,75
16.00 2,67 19,70
16.03 2,53 18,65
16.07 2,53 17,60
16.10 2,40 16,54
16.13 2,14 15,49
16.17 2,00 14,31
16.20 1,87 13,12
16.23 1,73 12,07
16.27 1,59 11,02
16.30 1,34 9,70
16.33 1,21 8,51
16.37 1,09 7,20
16.40 0,83 6,01
16.43 0,57 4,70
16.47 0,44 3,52
16.50 0,32 2,20
16.53 0,32 0,89
16.57 0,19 -0,69
16.60 0,18 -2,01
16.63 0,18 -3,33
16.67 0,18 -4,78
16.70 0,05 -6,35
16.73 0,04 -7,54
16.77 -0,08 -9,12
16.80 -0,08 -10,43
16.83 -0,08 -11,62
16.87 -0,21 -12,94
16.90 -0,47 -14,25
16.93 -0,59 -15,31
16.97 -0,59 -16,36
17.00 -0,46 -17,15
17.03 -0,46 -18,07
17.07 -0,46 -18,99
17.10 -0,45 -19,78
17.13 -0,45 -20,70
17.17 -0,31 -21,23
17.20 -0,04 -21,63
17.23 0,09 -22,15
17.27 0,36 -22,55
17.30 0,49 -22,94
17.33 0,62 -23,21
17.37 0,75 -22,94
17.40 0,76 -22,82
17.43 0,76 -22,82
17.47 0,77 -22,69
17.50 0,77 -22,42
17.53 0,90 -22,03
17.57 0,90 -21,51
17.60 0,90 -20,98
17.63 0,90 -20,46
17.67 0,90 -19,80
17.70 0,91 -19,01
17.73 1,04 -18,22
17.77 1,17 -17,30
17.80 1,30 -16,51
17.83 1,43 -15,59
17.87 1,44 -14,93
17.90 1,57 -14,01
17.93 1,71 -13,08
17.97 1,97 -11,90
18.00 2,23 -10,72
18.03 2,36 -9,67
18.07 2,63 -8,36
18.10 2,89 -7,04
18.13 3,15 -5,59
18.17 3,41 -4,02
18.20 3,55 -2,57
18.23 3,81 -0,86
18.27 3,94 0,72
18.30 4,07 2,43
18.33 4,07 4,01
18.37 4,08 5,72
18.40 4,08 7,43
18.43 4,08 9,28
18.47 3,95 10,86
18.50 3,83 12,70
18.53 3,70 14,41
18.57 3,56 16,12
18.60 3,30 17,70
18.63 3,04 19,41
18.67 2,78 20,85
18.70 2,52 22,30
18.73 2,26 23,75
18.77 1,99 24,93
18.80 1,73 26,12
18.83 1,46 27,04
18.87 1,19 27,83
18.90 0,93 28,49
18.93 0,68 29,01
18.97 0,55 29,28
19.00 0,42 29,54
19.03 0,29 29,54
19.07 -0,23 29,14
19.10 -0,62 29,01
19.13 -0,88 28,87
19.17 -1,01 28,74
19.20 -1,14 28,60
19.23 -1,14 28,60
19.27 -1,14 28,47
19.30 -1,13 28,47
19.33 -1,12 28,34
19.37 -1,00 28,34
19.40 -1,01 28,21
19.43 -1,00 28,09
19.47 -1,00 27,96
19.50 -1,00 27,96
19.53 -0,99 27,83
19.57 -0,87 27,83
19.60 -0,86 27,82
19.63 -0,86 27,69
19.67 -0,85 27,68
19.70 -0,72 27,68
19.73 -0,72 27,55
19.77 -0,59 27,56
19.80 -0,59 27,55
19.83 -0,58 27,42
19.87 -0,45 27,43
19.90 -0,44 27,42
19.93 -0,31 27,42
19.97 -0,31 27,29
20.00 -0,30 27,30
20.03 -0,18 27,30
20.07 -0,19 27,30
20.10 -0,19 27,31
20.13 -0,19 27,43
20.17 -0,20 27,43
20.20 -0,19 27,56
20.23 -0,20 27,56
20.27 -0,20 27,68
20.30 -0,20 27,68
20.33 -0,20 27,68
20.37 -0,21 27,69
20.40 -0,21 27,69
20.43 -0,20 27,82
20.47 -0,19 27,82
20.50 -0,07 27,94
20.53 -0,06 27,94
20.57 -0,05 27,94
20.60 0,08 28,06
20.63 0,08 28,06
20.67 0,20 28,20
20.70 0,21 28,19
20.73 0,33 28,32
20.77 0,34 28,32
20.80 0,47 28,19
20.83 0,59 28,06
20.87 0,59 27,79
20.90 0,72 27,79
20.93 0,85 27,65
20.97 0,86 27,39
21.00 1,00 27,25
21.03 1,13 26,99
21.07 1,27 26,72
21.10 1,40 26,33
21.13 1,65 25,94
21.17 1,77 25,41
21.20 1,90 24,76
21.23 2,03 23,97
21.27 2,16 23,05
21.30 2,42 22,26
21.33 2,55 21,34
21.37 2,69 20,28
21.40 2,82 19,23
21.43 2,95 18,31
21.47 3,08 17,26
21.50 3,07 16,34
21.53 3,07 15,29
21.57 3,06 14,37
21.60 2,93 13,31
21.63 2,92 12,26
21.67 2,93 11,21
21.70 2,79 10,15
21.73 2,79 9,10
21.77 2,67 7,91
21.80 2,54 6,86
21.83 2,53 5,81
21.87 2,40 4,63
21.90 2,27 3,57
21.93 2,15 2,39
21.97 2,14 1,21
22.00 2,02 -0,11
22.03 2,02 -1,42
22.07 2,02 -2,74
22.10 2,02 -3,92
22.13 1,89 -5,24
22.17 1,77 -6,56
22.20 1,77 -7,74
22.23 1,76 -8,93
22.27 1,63 -10,11
22.30 1,38 -11,43
22.33 1,24 -12,61
22.37 1,11 -13,67
22.40 0,98 -14,72
22.43 0,98 -15,64
22.47 0,85 -16,69
22.50 0,84 -17,49
22.53 0,72 -18,41
22.57 0,72 -19,20
22.60 0,84 -19,72
22.63 0,84 -20,25
22.67 0,84 -20,78
22.70 0,84 -21,17
22.73 0,84 -21,44
22.77 0,71 -21,96
22.80 0,71 -21,96
22.83 0,71 -22,09
22.87 0,71 -22,23
22.90 0,58 -22,75
22.93 0,58 -22,88
22.97 0,57 -22,75
23.00 0,57 -22,62
23.03 0,44 -22,62
23.07 0,44 -22,49
23.10 0,31 -22,49
23.13 0,30 -22,23
23.17 0,17 -22,10
23.20 0,17 -21,57
23.23 0,17 -21,04
23.27 0,16 -20,38
23.30 0,16 -19,72
23.33 0,29 -18,93
23.37 0,42 -18,01
23.40 0,55 -17,10
23.43 0,55 -16,44
23.47 0,68 -15,39
23.50 0,68 -14,60
23.53 0,80 -13,68
23.57 0,93 -12,63
23.60 1,06 -11,57
23.63 1,19 -10,39
23.67 1,46 -9,07
23.70 1,59 -7,89
23.73 1,85 -6,44
23.77 1,98 -5,13
23.80 2,24 -3,55
23.83 2,37 -2,24
23.87 2,50 -0,79
23.90 2,62 0,79
23.93 2,63 2,24
23.97 2,75 3,82
24.00 2,75 5,40
24.03 2,75 6,98
24.07 2,75 8,56
24.10 2,75 10,14
24.13 2,75 11,85
24.17 2,62 13,42
24.20 2,50 14,87
24.23 2,37 16,45
24.27 2,24 17,90
24.30 1,98 19,22
24.33 1,84 20,53
24.37 1,58 21,85
24.40 1,32 22,90
24.43 1,05 24,09
24.47 0,80 25,14
24.50 0,66 26,06
24.53 0,39 26,85
24.57 0,13 27,37
24.60 0,00 27,90
24.63 -0,13 28,16
24.67 -0,26 28,30
24.70 -0,39 28,43
24.73 -0,40 28,69
24.77 -0,53 28,69
24.80 -0,66 28,69
24.83 -0,92 28,57
24.87 -1,05 28,57
24.90 -1,17 28,56
24.93 -1,17 28,44
24.97 -1,17 28,44
25.00 -1,16 28,31
25.03 -1,03 28,31
25.07 -1,03 28,17
25.10 -0,90 28,17
25.13 -0,90 28,17
25.17 -0,89 28,03
25.20 -0,88 28,03
25.23 -0,76 27,90
25.27 -0,63 27,76
25.30 -0,50 27,63
25.33 -0,36 27,24
25.37 -0,22 26,97
25.40 -0,22 26,45
25.43 0,04 26,05
25.47 0,17 25,53
25.50 0,31 25,00
25.53 0,45 24,34
25.57 0,59 23,68
25.60 0,85 23,02
25.63 0,98 22,10
25.67 1,10 21,31
25.70 1,24 20,52
25.73 1,36 19,59
25.77 1,37 18,54
25.80 1,49 17,62
25.83 1,49 16,70
25.87 1,48 15,65
25.90 1,48 14,73
25.93 1,47 13,68
25.97 1,35 12,62
26.00 1,21 11,70
26.03 1,21 10,65
26.07 1,08 9,46
26.10 0,96 8,28
26.13 0,82 7,23
26.17 0,82 6,05
26.20 0,68 5,00
26.23 0,56 3,81
26.27 0,56 2,63
26.30 0,43 1,18
26.33 0,44 -0,26
26.37 0,57 -1,58
26.40 0,70 -3,02
26.43 0,83 -4,34
26.47 0,83 -5,92
26.50 0,83 -7,37
26.53 0,83 -8,95
26.57 0,83 -10,52
26.60 0,83 -11,84
26.63 0,70 -13,42
26.67 0,57 -15,00
26.70 0,44 -16,45
26.73 0,44 -17,90
26.77 0,44 -19,21
26.80 0,31 -20,66
26.83 0,31 -21,84
26.87 0,44 -22,76
26.90 0,57 -23,16
26.93 0,70 -22,63
26.97 0,70 -22,63
27.00 0,83 -22,50
27.03 0,83 -23,02
27.07 0,96 -22,76
27.10 0,83 -23,03
27.13 0,96 -22,89
27.17 0,96 -23,03
27.20 0,96 -23,03
27.23 1,09 -22,89
27.27 1,09 -23,02
27.30 1,22 -22,76
27.33 1,22 -22,89
27.37 1,22 -23,03
27.40 1,22 -23,03
27.43 1,35 -22,76
27.47 1,35 -22,90
27.50 1,48 -22,90
27.53 1,47 -22,90
27.57 1,47 -22,90
27.60 1,47 -22,90
27.63 1,34 -23,16
27.67 1,34 -23,03
27.70 1,33 -22,90
27.73 1,20 -23,03
27.77 1,20 -23,03
27.80 1,20 -22,76
