#Kinovea Trajectory data export
#T X Y

# Trajectory 1
0.00 -22,56 1,23
0.02 -22,56 1,23
0.03 -22,42 1,82
0.05 -22,41 2,42
0.07 -22,27 3,01
0.08 -22,26 3,61
0.10 -22,11 4,20
0.12 -21,97 4,79
0.13 -21,97 5,39
0.15 -21,82 5,99
0.17 -21,82 6,59
0.18 -21,68 7,33
0.20 -21,68 7,92
0.22 -21,67 8,52
0.23 -21,53 9,26
0.25 -21,53 9,86
0.27 -21,52 10,60
0.28 -21,38 11,20
0.30 -21,38 11,95
0.32 -21,38 12,69
0.33 -21,37 13,29
0.35 -21,23 14,03
0.37 -21,24 14,77
0.38 -21,24 15,37
0.40 -21,24 16,12
0.42 -21,24 16,87
0.43 -21,24 17,76
0.45 -21,23 18,50
0.47 -21,09 19,25
0.48 -21,09 20,14
0.50 -21,08 20,88
0.52 -21,07 21,63
0.53 -20,93 22,52
0.55 -20,94 23,27
0.57 -20,94 24,16
0.58 -20,93 25,06
0.60 -20,79 25,95
0.62 -20,79 26,70
0.63 -20,78 27,59
0.65 -20,63 28,48
0.67 -20,49 29,37
0.68 -20,49 30,12
0.70 -20,34 31,02
0.72 -20,20 31,91
0.73 -20,19 32,80
0.75 -20,05 33,69
0.77 -20,04 34,43
0.78 -19,89 35,33
0.80 -19,74 36,07
0.82 -19,59 36,97
0.83 -19,45 37,71
0.85 -19,31 38,61
0.87 -19,30 39,35
0.88 -19,15 40,10
0.90 -19,01 40,99
0.92 -18,86 41,59
0.93 -18,86 42,34
0.95 -18,71 43,08
0.97 -18,56 43,67
0.98 -18,42 44,27
1.00 -18,42 44,72
1.02 -18,41 45,31
1.03 -18,26 45,75
1.05 -18,26 46,20
1.07 -18,25 46,50
1.08 -18,11 46,95
1.10 -18,12 47,24
1.12 -18,13 47,38
1.13 -18,14 47,53
1.15 -18,14 47,53
1.17 -18,15 47,53
1.18 -18,15 47,53
1.20 -18,14 47,39
1.22 -18,00 47,24
1.23 -17,85 47,09
1.25 -17,84 46,95
1.27 -17,69 46,95
1.28 -17,69 46,79
1.30 -17,68 46,65
1.32 -17,68 46,65
1.33 -17,68 46,65
1.35 -17,83 46,65
1.37 -17,83 46,65
1.38 -18,12 46,79
1.40 -18,27 46,79
1.42 -18,41 46,79
1.43 -18,56 46,80
1.45 -18,71 46,94
1.47 -18,86 46,94
1.48 -19,02 46,94
1.50 -19,16 46,93
1.52 -19,31 46,93
1.53 -19,31 46,79
1.55 -19,46 46,79
1.57 -19,60 46,79
1.58 -19,60 46,79
1.60 -19,60 46,78
1.62 -19,61 46,78
1.63 -19,75 46,78
1.65 -19,76 46,77
1.67 -19,90 46,77
1.68 -19,90 46,77
1.70 -20,05 46,77
1.72 -20,05 46,77
1.73 -20,20 46,77
1.75 -20,35 46,78
1.77 -20,35 46,78
1.78 -20,50 46,79
1.80 -20,64 46,79
1.82 -20,65 46,80
1.83 -20,80 46,80
1.85 -20,95 46,79
1.87 -21,09 46,65
1.88 -21,10 46,65
1.90 -21,25 46,50
1.92 -21,40 46,50
1.93 -21,55 46,35
1.95 -21,69 46,21
1.97 -21,84 46,21
1.98 -21,99 46,06
2.00 -22,14 45,91
2.02 -22,29 45,91
2.03 -22,44 45,76
2.05 -22,60 45,76
2.07 -22,75 45,61
2.08 -23,05 45,46
2.10 -23,19 45,31
2.12 -23,34 45,17
2.13 -23,49 45,03
2.15 -23,65 45,02
2.17 -23,94 44,87
2.18 -24,09 44,72
2.20 -24,24 44,56
2.22 -24,39 44,41
2.23 -24,54 44,11
2.25 -24,83 43,96
2.27 -24,97 43,81
2.28 -25,12 43,51
2.30 -25,26 43,36
2.32 -25,27 43,07
2.33 -25,42 42,91
2.35 -25,57 42,62
2.37 -25,72 42,47
2.38 -25,87 42,17
2.40 -25,87 41,87
2.42 -26,01 41,58
2.43 -26,02 41,42
2.45 -26,03 41,13
2.47 -26,18 40,98
2.48 -26,32 40,67
2.50 -26,32 40,37
2.52 -26,32 40,08
2.53 -26,47 39,92
2.55 -26,47 39,62
2.57 -26,47 39,32
2.58 -26,61 39,02
2.60 -26,61 38,72
2.62 -26,61 38,42
2.63 -26,61 38,13
2.65 -26,62 37,83
2.67 -26,76 37,53
2.68 -26,76 37,24
2.70 -26,75 36,94
2.72 -26,75 36,64
2.73 -26,76 36,34
2.75 -26,76 35,90
2.77 -26,76 35,60
2.78 -26,91 35,16
2.80 -26,90 34,86
2.82 -26,90 34,41
2.83 -26,90 33,97
2.85 -26,89 33,67
2.87 -26,89 33,22
2.88 -26,90 32,78
2.90 -26,90 32,33
2.92 -26,90 31,89
2.93 -26,91 31,44
2.95 -27,05 31,00
2.97 -27,05 30,55
2.98 -27,04 30,10
3.00 -27,04 29,65
3.02 -27,03 29,06
3.03 -27,03 28,61
3.05 -27,03 28,16
3.07 -27,02 27,57
3.08 -27,02 27,12
3.10 -27,02 26,67
3.12 -27,02 26,22
3.13 -27,01 25,62
3.15 -27,01 25,17
3.17 -27,01 24,58
3.18 -26,86 24,13
3.20 -26,87 23,68
3.22 -26,87 23,08
3.23 -26,87 22,49
3.25 -26,87 22,04
3.27 -26,86 21,44
3.28 -26,71 20,85
3.30 -26,71 20,40
3.32 -26,71 19,81
3.33 -26,71 19,36
3.35 -26,56 18,76
3.37 -26,57 18,31
3.38 -26,56 17,72
3.40 -26,56 17,13
3.42 -26,41 16,68
3.43 -26,41 16,09
3.45 -26,41 15,64
3.47 -26,41 15,19
3.48 -26,41 14,60
3.50 -26,26 14,15
3.52 -26,26 13,70
3.53 -26,25 13,11
3.55 -26,11 12,51
3.57 -26,11 11,93
3.58 -26,10 11,48
3.60 -25,95 11,03
3.62 -25,96 10,57
3.63 -25,95 9,98
3.65 -25,80 9,54
3.67 -25,80 9,09
3.68 -25,80 8,49
3.70 -25,65 8,05
3.72 -25,65 7,60
3.73 -25,65 7,15
3.75 -25,51 6,70
3.77 -25,51 6,25
3.78 -25,51 5,79
3.80 -25,37 5,20
3.82 -25,37 4,76
3.83 -25,37 4,32
3.85 -25,36 3,88
3.87 -25,22 3,43
3.88 -25,22 2,99
3.90 -25,22 2,55
3.92 -25,22 2,24
3.93 -25,21 1,80
3.95 -25,21 1,50
3.97 -25,06 1,05
3.98 -25,06 0,61
4.00 -24,91 0,17
4.02 -24,92 -0,13
4.03 -24,92 -0,57
4.05 -24,92 -0,87
4.07 -24,92 -1,17
4.08 -24,77 -1,62
4.10 -24,77 -1,91
4.12 -24,77 -2,21
4.13 -24,76 -2,52
4.15 -24,61 -2,96
4.17 -24,61 -3,26
4.18 -24,47 -3,56
4.20 -24,47 -3,86
4.22 -24,47 -4,15
4.23 -24,47 -4,44
4.25 -24,32 -4,59
4.27 -24,32 -4,89
4.28 -24,32 -5,18
4.30 -24,31 -5,34
4.32 -24,17 -5,63
4.33 -24,17 -5,79
4.35 -24,17 -6,08
4.37 -24,02 -6,22
4.38 -24,02 -6,37
4.40 -24,03 -6,52
4.42 -24,02 -6,67
4.43 -24,02 -6,82
4.45 -24,02 -6,82
4.47 -24,01 -6,81
4.48 -24,01 -6,66
4.50 -24,00 -6,50
4.52 -24,00 -6,35
4.53 -23,99 -6,20
4.55 -23,99 -6,05
4.57 -23,98 -5,90
4.58 -23,98 -5,75
4.60 -23,99 -5,60
4.62 -23,84 -5,59
4.63 -23,84 -5,30
4.65 -23,84 -5,00
4.67 -23,84 -4,85
4.68 -23,84 -4,55
4.70 -23,84 -4,25
4.72 -23,84 -3,95
4.73 -23,98 -3,64
4.75 -23,83 -3,20
4.77 -23,84 -2,76
4.78 -23,68 -2,45
4.80 -23,69 -2,01
4.82 -23,54 -1,56
4.83 -23,54 -1,12
4.85 -23,39 -0,67
4.87 -23,39 -0,23
4.88 -23,25 0,22
4.90 -23,24 0,81
4.92 -23,10 1,25
4.93 -23,09 1,85
4.95 -22,95 2,30
4.97 -22,95 2,74
4.98 -22,81 3,34
5.00 -22,81 3,93
5.02 -22,66 4,52
5.03 -22,66 5,11
5.05 -22,51 5,56
5.07 -22,36 6,16
5.08 -22,36 6,75
5.10 -22,22 7,35
5.12 -22,21 7,95
5.13 -22,06 8,55
5.15 -21,92 9,29
5.17 -21,78 9,88
5.18 -21,78 10,48
5.20 -21,63 11,08
5.22 -21,63 11,83
5.23 -21,63 12,43
5.25 -21,48 13,02
5.27 -21,48 13,77
5.28 -21,34 14,52
5.30 -21,33 15,12
5.32 -21,33 15,87
5.33 -21,18 16,75
5.35 -21,18 17,50
5.37 -21,18 18,24
5.38 -21,04 18,99
5.40 -21,04 19,88
5.42 -21,04 20,62
5.43 -21,03 21,51
5.45 -20,89 22,40
5.47 -20,88 23,15
5.48 -20,88 24,04
5.50 -20,73 24,79
5.52 -20,74 25,68
5.53 -20,73 26,43
5.55 -20,73 27,32
5.57 -20,58 28,22
5.58 -20,58 29,11
5.60 -20,58 29,85
5.62 -20,43 30,75
5.63 -20,43 31,64
5.65 -20,29 32,53
5.67 -20,29 33,42
5.68 -20,28 34,17
5.70 -20,14 35,06
5.72 -20,14 35,81
5.73 -19,99 36,70
5.75 -19,99 37,59
5.77 -19,99 38,34
5.78 -19,84 39,09
5.80 -19,84 39,97
5.82 -19,83 40,72
5.83 -19,69 41,46
5.85 -19,69 42,20
5.87 -19,69 42,80
5.88 -19,68 43,54
5.90 -19,54 44,14
5.92 -19,55 44,74
5.93 -19,55 45,33
5.95 -19,55 45,78
5.97 -19,55 46,37
5.98 -19,56 46,82
6.00 -19,56 47,12
6.02 -19,70 47,56
6.03 -19,70 47,71
6.05 -19,70 47,86
6.07 -19,85 48,02
6.08 -19,85 48,17
6.10 -19,99 48,32
6.12 -19,99 48,32
6.13 -20,00 48,46
6.15 -20,14 48,46
6.17 -20,00 48,46
6.18 -20,01 48,45
6.20 -20,01 48,46
6.22 -20,01 48,46
6.23 -19,86 48,46
6.25 -19,86 48,60
6.27 -19,86 48,60
6.28 -19,72 48,61
6.30 -19,72 48,75
6.32 -19,72 48,75
6.33 -19,72 48,75
6.35 -19,72 48,75
6.37 -19,71 48,75
6.38 -19,71 48,75
6.40 -19,71 48,76
6.42 -19,71 48,76
6.43 -19,71 48,76
6.45 -19,71 48,76
6.47 -19,70 48,76
6.48 -19,70 48,61
6.50 -19,71 48,61
6.52 -19,71 48,46
6.53 -19,71 48,46
6.55 -19,71 48,31
6.57 -19,71 48,31
6.58 -19,71 48,17
6.60 -19,72 48,17
6.62 -19,72 48,16
6.63 -19,72 48,02
6.65 -19,72 48,02
6.67 -19,72 48,01
6.68 -19,71 47,86
6.70 -19,57 47,86
6.72 -19,57 47,86
6.73 -19,58 47,71
6.75 -19,58 47,71
6.77 -19,57 47,71
6.78 -19,57 47,71
6.80 -19,57 47,57
6.82 -19,57 47,57
6.83 -19,57 47,57
6.85 -19,57 47,57
6.87 -19,57 47,56
6.88 -19,58 47,42
6.90 -19,72 47,42
6.92 -19,72 47,42
6.93 -19,72 47,27
6.95 -19,86 47,27
6.97 -19,87 47,27
6.98 -20,01 47,12
7.00 -20,01 47,12
7.02 -20,16 47,11
7.03 -20,17 46,97
7.05 -20,31 46,97
7.07 -20,32 46,97
7.08 -20,47 46,97
7.10 -20,47 46,97
7.12 -20,62 46,97
7.13 -20,62 46,97
7.15 -20,77 46,97
7.17 -20,77 46,97
7.18 -20,91 46,97
7.20 -20,91 46,98
7.22 -20,91 47,12
7.23 -20,92 47,12
7.25 -21,06 47,12
7.27 -21,05 47,12
7.28 -21,05 47,12
7.30 -21,05 47,27
7.32 -21,05 47,26
7.33 -21,05 47,26
7.35 -21,05 47,26
7.37 -21,06 47,26
7.38 -21,06 47,26
7.40 -21,06 47,26
7.42 -21,06 47,26
7.43 -21,07 47,26
7.45 -21,07 47,26
7.47 -21,07 47,26
7.48 -20,92 47,27
7.50 -20,92 47,27
7.52 -20,92 47,27
7.53 -20,77 47,42
7.55 -20,76 47,42
7.57 -20,62 47,42
7.58 -20,62 47,43
7.60 -20,61 47,57
7.62 -20,61 47,57
7.63 -20,60 47,56
7.65 -20,60 47,42
7.67 -20,60 47,42
7.68 -20,60 47,42
7.70 -20,74 47,41
7.72 -20,75 47,27
7.73 -20,89 47,26
7.75 -20,89 47,11
7.77 -21,04 47,11
7.78 -21,04 46,96
7.80 -21,18 46,96
7.82 -21,19 46,81
7.83 -21,33 46,81
7.85 -21,48 46,81
7.87 -21,48 46,81
7.88 -21,63 46,80
7.90 -21,77 46,80
7.92 -21,78 46,79
7.93 -21,92 46,79
7.95 -21,93 46,78
7.97 -22,07 46,78
7.98 -22,08 46,78
8.00 -22,23 46,78
8.02 -22,38 46,78
8.03 -22,38 46,78
8.05 -22,53 46,78
8.07 -22,68 46,77
8.08 -22,68 46,63
8.10 -22,68 46,63
8.12 -22,83 46,62
8.13 -22,83 46,62
8.15 -22,83 46,48
8.17 -22,98 46,48
8.18 -22,97 46,48
8.20 -22,96 46,48
8.22 -22,96 46,48
8.23 -22,95 46,48
8.25 -22,95 46,48
8.27 -22,94 46,48
8.28 -22,94 46,48
8.30 -22,80 46,63
8.32 -22,79 46,62
8.33 -22,65 46,63
8.35 -22,65 46,77
8.37 -22,64 46,77
8.38 -22,64 46,76
8.40 -22,64 46,77
8.42 -22,49 46,91
8.43 -22,34 46,91
8.45 -22,34 46,91
8.47 -22,18 46,92
8.48 -22,04 46,92
8.50 -21,89 47,07
8.52 -21,75 47,06
8.53 -21,74 47,06
8.55 -21,59 47,07
8.57 -21,44 47,21
8.58 -21,30 47,22
8.60 -21,29 47,22
8.62 -21,14 47,36
8.63 -21,00 47,36
8.65 -21,00 47,36
8.67 -20,85 47,36
8.68 -20,84 47,36
8.70 -20,69 47,36
8.72 -20,55 47,36
8.73 -20,55 47,35
8.75 -20,40 47,21
8.77 -20,39 47,21
8.78 -20,25 47,21
8.80 -20,11 47,06
8.82 -20,11 47,06
8.83 -19,97 47,06
8.85 -19,82 46,91
8.87 -19,81 46,91
8.88 -19,82 46,91
8.90 -19,67 46,91
8.92 -19,67 46,77
8.93 -19,52 46,77
8.95 -19,53 46,77
8.97 -19,52 46,78
8.98 -19,52 46,78
9.00 -19,38 46,78
9.02 -19,38 46,78
9.03 -19,39 46,78
9.05 -19,39 46,78
9.07 -19,38 46,78
9.08 -19,38 46,78
9.10 -19,38 46,63
9.12 -19,37 46,63
9.13 -19,37 46,63
9.15 -19,36 46,48
9.17 -19,37 46,33
9.18 -19,37 46,33
9.20 -19,51 46,18
9.22 -19,51 46,03
9.23 -19,51 46,03
9.25 -19,52 45,88
9.27 -19,52 45,73
9.28 -19,52 45,59
9.30 -19,67 45,58
9.32 -19,68 45,43
9.33 -19,83 45,27
9.35 -19,98 45,12
9.37 -20,12 44,97
9.38 -20,13 44,82
9.40 -20,28 44,67
9.42 -20,43 44,51
9.43 -20,59 44,22
9.45 -20,74 44,07
9.47 -20,89 43,77
9.48 -21,04 43,63
9.50 -21,20 43,47
9.52 -21,35 43,18
9.53 -21,51 42,88
9.55 -21,80 42,73
9.57 -21,81 42,43
9.58 -22,10 42,13
9.60 -22,24 41,84
9.62 -22,38 41,54
9.63 -22,53 41,24
9.65 -22,67 40,79
9.67 -22,82 40,50
9.68 -22,96 40,21
9.70 -23,11 39,91
9.72 -23,26 39,61
9.73 -23,40 39,31
9.75 -23,54 38,86
9.77 -23,55 38,57
9.78 -23,70 38,26
9.80 -23,85 37,82
9.82 -24,00 37,51
9.83 -24,14 37,07
9.85 -24,14 36,77
9.87 -24,29 36,33
9.88 -24,29 36,03
9.90 -24,44 35,73
9.92 -24,44 35,28
9.93 -24,58 34,98
9.95 -24,58 34,54
9.97 -24,59 34,24
9.98 -24,74 33,80
10.00 -24,74 33,50
10.02 -24,74 33,05
10.03 -24,75 32,61
10.05 -24,89 32,17
10.07 -24,89 31,87
10.08 -24,89 31,42
10.10 -24,89 30,97
10.12 -24,90 30,52
10.13 -24,90 30,07
10.15 -24,90 29,62
10.17 -24,90 29,17
10.18 -24,90 28,57
10.20 -24,91 28,13
10.22 -24,91 27,68
10.23 -24,91 27,09
10.25 -24,91 26,65
10.27 -24,91 26,20
10.28 -24,92 25,75
10.30 -24,92 25,16
10.32 -24,92 24,71
10.33 -24,92 24,12
10.35 -24,92 23,68
10.37 -24,93 23,23
10.38 -24,93 22,64
10.40 -24,93 22,20
10.42 -24,94 21,75
10.43 -24,94 21,30
10.45 -24,95 20,85
10.47 -25,09 20,25
10.48 -25,09 19,81
10.50 -25,08 19,36
10.52 -25,08 18,90
10.53 -25,08 18,31
10.55 -25,08 17,87
10.57 -25,08 17,42
10.58 -25,09 16,98
10.60 -25,09 16,52
10.62 -25,09 16,08
10.63 -25,09 15,63
10.65 -25,09 15,18
10.67 -25,10 14,73
10.68 -25,10 14,28
10.70 -25,10 13,82
10.72 -25,11 13,23
10.73 -25,11 12,79
10.75 -25,11 12,35
10.77 -25,12 12,04
10.78 -25,12 11,59
10.80 -25,12 11,14
10.82 -25,13 10,69
10.83 -25,13 10,24
10.85 -25,13 9,79
10.87 -25,13 9,34
10.88 -25,13 8,89
10.90 -25,13 8,44
10.92 -25,13 8,00
10.93 -25,13 7,70
10.95 -25,13 7,25
10.97 -24,98 6,81
10.98 -24,98 6,37
11.00 -24,98 6,06
11.02 -24,84 5,61
11.03 -24,84 5,31
11.05 -24,84 4,86
11.07 -24,84 4,42
11.08 -24,83 4,12
11.10 -24,69 3,68
11.12 -24,68 3,38
11.13 -24,54 2,93
11.15 -24,54 2,64
11.17 -24,54 2,33
11.18 -24,40 1,88
11.20 -24,40 1,44
11.22 -24,39 1,14
11.23 -24,24 0,70
11.25 -24,24 0,40
11.27 -24,09 -0,05
11.28 -24,09 -0,34
11.30 -23,95 -0,65
11.32 -23,95 -0,95
11.33 -23,80 -1,39
11.35 -23,80 -1,69
11.37 -23,80 -1,99
11.38 -23,66 -2,29
11.40 -23,65 -2,59
11.42 -23,65 -2,89
11.43 -23,51 -3,18
11.45 -23,51 -3,48
11.47 -23,51 -3,77
11.48 -23,50 -4,06
11.50 -23,36 -4,36
11.52 -23,36 -4,51
11.53 -23,37 -4,81
11.55 -23,36 -5,10
11.57 -23,36 -5,25
11.58 -23,36 -5,41
11.60 -23,35 -5,70
11.62 -23,35 -5,85
11.63 -23,20 -6,00
11.65 -23,21 -6,15
11.67 -23,21 -6,45
11.68 -23,21 -6,59
11.70 -23,22 -6,74
11.72 -23,22 -6,74
11.73 -23,22 -6,74
11.75 -23,23 -6,59
11.77 -23,37 -6,44
11.78 -23,37 -6,44
11.80 -23,37 -6,29
11.82 -23,37 -6,14
11.83 -23,37 -6,00
11.85 -23,38 -5,85
11.87 -23,52 -5,70
11.88 -23,52 -5,54
11.90 -23,52 -5,24
11.92 -23,52 -4,95
11.93 -23,52 -4,80
11.95 -23,53 -4,50
11.97 -23,53 -4,20
11.98 -23,67 -3,90
12.00 -23,67 -3,60
12.02 -23,67 -3,16
12.03 -23,67 -2,86
12.05 -23,66 -2,55
12.07 -23,66 -2,11
12.08 -23,66 -1,66
12.10 -23,66 -1,22
12.12 -23,66 -0,91
12.13 -23,66 -0,46
12.15 -23,66 -0,01
12.17 -23,66 0,43
12.18 -23,66 0,87
12.20 -23,66 1,32
12.22 -23,65 1,76
12.23 -23,65 2,20
12.25 -23,50 2,50
12.27 -23,51 2,96
12.28 -23,51 3,41
12.30 -23,51 4,00
12.32 -23,51 4,30
12.33 -23,51 4,89
12.35 -23,36 5,33
12.37 -23,36 5,78
12.38 -23,37 6,22
12.40 -23,37 6,66
12.42 -23,37 7,11
12.43 -23,36 7,55
12.45 -23,36 8,00
12.47 -23,36 8,45
12.48 -23,36 8,89
12.50 -23,35 9,34
12.52 -23,35 9,94
12.53 -23,20 10,38
12.55 -23,21 10,82
12.57 -23,21 11,27
12.58 -23,22 11,72
12.60 -23,22 12,31
12.62 -23,22 12,75
12.63 -23,23 13,20
12.65 -23,23 13,65
12.67 -23,23 14,10
12.68 -23,23 14,69
12.70 -23,23 15,14
12.72 -23,23 15,60
12.73 -23,24 16,19
12.75 -23,24 16,78
12.77 -23,10 17,23
12.78 -23,10 17,83
12.80 -23,11 18,42
12.82 -23,11 18,87
12.83 -23,12 19,47
12.85 -23,26 20,06
12.87 -23,26 20,66
12.88 -23,25 21,26
12.90 -23,25 21,86
12.92 -23,24 22,60
12.93 -23,10 23,19
12.95 -23,10 23,79
12.97 -23,10 24,39
12.98 -23,10 25,13
13.00 -23,10 25,73
13.02 -23,10 26,47
13.03 -23,09 27,07
13.05 -22,95 27,82
13.07 -22,95 28,56
13.08 -22,95 29,16
13.10 -22,95 29,90
13.12 -22,80 30,64
13.13 -22,80 31,24
13.15 -22,80 31,99
13.17 -22,65 32,73
13.18 -22,65 33,47
13.20 -22,50 34,07
13.22 -22,50 34,81
13.23 -22,36 35,40
13.25 -22,36 36,15
13.27 -22,21 36,74
13.28 -22,21 37,49
13.30 -22,07 38,08
13.32 -22,07 38,68
13.33 -21,93 39,42
13.35 -21,93 40,01
13.37 -21,78 40,60
13.38 -21,79 41,19
13.40 -21,78 41,79
13.42 -21,64 42,38
13.43 -21,63 42,97
13.45 -21,49 43,42
13.47 -21,49 43,88
13.48 -21,35 44,47
13.50 -21,35 44,92
13.52 -21,35 45,36
13.53 -21,34 45,66
13.55 -21,20 46,10
13.57 -21,21 46,26
13.58 -21,21 46,55
13.60 -21,06 46,70
13.62 -21,06 46,85
13.63 -20,90 46,85
13.65 -20,74 46,85
13.67 -20,45 46,84
13.68 -20,31 46,84
13.70 -20,17 46,84
13.72 -20,16 46,69
13.73 -20,01 46,69
13.75 -19,87 46,69
13.77 -19,87 46,69
13.78 -19,87 46,70
13.80 -19,87 46,84
13.82 -19,87 46,99
13.83 -19,87 47,14
13.85 -19,88 47,15
13.87 -20,03 47,29
13.88 -20,03 47,44
13.90 -20,04 47,44
13.92 -20,18 47,59
13.93 -20,18 47,59
13.95 -20,18 47,59
13.97 -20,19 47,60
13.98 -20,33 47,60
14.00 -20,32 47,60
14.02 -20,32 47,60
14.03 -20,32 47,59
14.05 -20,32 47,44
14.07 -20,33 47,44
14.08 -20,47 47,30
14.10 -20,47 47,30
14.12 -20,48 47,29
14.13 -20,62 47,29
14.15 -20,62 47,28
14.17 -20,62 47,43
14.18 -20,76 47,42
14.20 -20,76 47,42
14.22 -20,76 47,41
14.23 -20,77 47,41
14.25 -20,92 47,26
14.27 -20,92 47,26
14.28 -20,92 47,26
14.30 -21,06 47,25
14.32 -21,06 47,11
14.33 -21,06 47,10
14.35 -21,06 46,96
14.37 -21,06 46,81
14.38 -21,07 46,81
14.40 -21,21 46,67
14.42 -21,21 46,67
14.43 -21,21 46,52
14.45 -21,21 46,52
14.47 -21,36 46,37
14.48 -21,35 46,37
14.50 -21,35 46,36
14.52 -21,35 46,22
14.53 -21,35 46,22
14.55 -21,50 46,22
14.57 -21,49 46,07
14.58 -21,49 46,07
14.60 -21,49 46,07
14.62 -21,50 45,93
14.63 -21,50 45,93
14.65 -21,50 45,93
14.67 -21,51 45,93
14.68 -21,51 45,93
14.70 -21,51 45,78
14.72 -21,52 45,78
14.73 -21,52 45,78
14.75 -21,52 45,78
14.77 -21,53 45,78
14.78 -21,53 45,78
14.80 -21,53 45,78
14.82 -21,52 45,78
14.83 -21,52 45,78
14.85 -21,37 45,79
14.87 -21,37 45,79
14.88 -21,37 45,80
14.90 -21,37 45,80
14.92 -21,36 45,66
14.93 -21,21 45,80
14.95 -21,21 45,80
14.97 -21,21 45,94
14.98 -21,20 45,80
15.00 -21,06 45,65
15.02 -21,06 45,66
15.03 -21,06 45,66
15.05 -21,06 45,66
15.07 -21,06 45,65
15.08 -21,06 45,65
15.10 -21,06 45,51
15.12 -21,06 45,51
15.13 -21,06 45,51
15.15 -21,06 45,51
15.17 -21,06 45,36
15.18 -21,21 45,36
15.20 -21,21 45,36
15.22 -21,21 45,21
15.23 -21,36 45,21
15.25 -21,36 45,06
15.27 -21,50 44,91
15.28 -21,50 44,91
15.30 -21,50 44,76
15.32 -21,65 44,62
15.33 -21,65 44,47
15.35 -21,80 44,33
15.37 -21,94 44,32
15.38 -21,95 44,17
15.40 -22,10 44,02
15.42 -22,24 43,87
15.43 -22,25 43,72
15.45 -22,40 43,56
15.47 -22,54 43,27
15.48 -22,69 43,12
15.50 -22,83 42,83
15.52 -22,83 42,67
15.53 -22,98 42,37
15.55 -23,13 42,08
15.57 -23,13 41,93
15.58 -23,28 41,63
15.60 -23,42 41,48
15.62 -23,42 41,32
15.63 -23,56 41,02
15.65 -23,57 40,72
15.67 -23,72 40,43
15.68 -23,86 40,13
15.70 -23,86 39,83
15.72 -23,86 39,53
15.73 -24,01 39,24
15.75 -24,02 38,95
15.77 -24,16 38,51
15.78 -24,17 38,21
15.80 -24,17 37,92
15.82 -24,32 37,63
15.83 -24,32 37,34
15.85 -24,32 37,04
15.87 -24,33 36,74
15.88 -24,47 36,45
15.90 -24,47 36,15
15.92 -24,47 35,85
15.93 -24,47 35,40
15.95 -24,47 35,11
15.97 -24,47 34,80
15.98 -24,47 34,36
16.00 -24,47 33,92
16.02 -24,47 33,62
16.03 -24,47 33,18
16.05 -24,47 32,88
16.07 -24,46 32,44
16.08 -24,46 32,13
16.10 -24,45 31,69
16.12 -24,45 31,24
16.13 -24,44 30,80
16.15 -24,30 30,50
16.17 -24,30 30,05
16.18 -24,30 29,60
16.20 -24,30 29,15
16.22 -24,30 28,71
16.23 -24,30 28,27
16.25 -24,30 27,83
16.27 -24,29 27,52
16.28 -24,29 27,07
16.30 -24,29 26,62
16.32 -24,28 26,17
16.33 -24,42 25,72
16.35 -24,42 25,13
16.37 -24,27 24,69
16.38 -24,28 24,25
16.40 -24,28 23,81
16.42 -24,14 23,36
16.43 -24,14 22,91
16.45 -24,15 22,47
16.47 -24,15 22,01
16.48 -24,15 21,56
16.50 -24,15 21,11
16.52 -24,14 20,52
16.53 -24,14 20,07
16.55 -24,13 19,62
16.57 -24,28 19,17
16.58 -24,27 18,72
16.60 -24,27 18,13
16.62 -24,26 17,68
16.63 -24,12 17,23
16.65 -24,12 16,63
16.67 -24,13 16,19
16.68 -24,13 15,74
16.70 -24,13 15,29
16.72 -23,99 14,84
16.73 -23,99 14,39
16.75 -23,99 13,94
16.77 -23,99 13,50
16.78 -23,99 13,05
16.80 -24,00 12,60
16.82 -24,00 12,16
16.83 -24,00 11,72
16.85 -24,00 11,28
16.87 -24,00 10,84
16.88 -23,99 10,39
16.90 -23,99 9,95
16.92 -23,99 9,65
16.93 -23,99 9,20
16.95 -23,99 8,75
16.97 -23,99 8,45
16.98 -23,99 7,99
17.00 -23,99 7,55
17.02 -23,99 7,10
17.03 -23,99 6,66
17.05 -23,99 6,37
17.07 -23,99 5,93
17.08 -23,99 5,63
17.10 -24,00 5,19
17.12 -24,00 4,89
17.13 -24,00 4,59
17.15 -24,00 4,14
17.17 -24,00 3,84
17.18 -24,00 3,39
17.20 -24,00 3,09
17.22 -24,01 2,79
17.23 -24,00 2,49
17.25 -24,00 2,04
17.27 -24,00 1,75
17.28 -24,00 1,45
17.30 -23,99 1,15
17.32 -23,99 0,85
17.33 -23,99 0,55
17.35 -23,99 0,26
17.37 -23,98 -0,04
17.38 -24,13 -0,19
17.40 -24,12 -0,49
17.42 -24,12 -0,79
17.43 -23,97 -1,09
17.45 -23,98 -1,24
17.47 -23,98 -1,54
17.48 -23,99 -1,69
17.50 -23,84 -1,99
17.52 -23,85 -2,14
17.53 -23,85 -2,44
17.55 -23,85 -2,59
17.57 -23,86 -2,74
17.58 -23,86 -2,89
17.60 -23,86 -3,19
17.62 -23,87 -3,34
17.63 -23,87 -3,48
17.65 -23,88 -3,63
17.67 -23,88 -3,78
17.68 -23,88 -3,92
17.70 -23,89 -4,07
17.72 -23,89 -4,07
17.73 -23,89 -4,22
17.75 -23,90 -4,37
17.77 -23,90 -4,52
17.78 -23,90 -4,52
17.80 -23,89 -4,67
17.82 -23,89 -4,81
17.83 -23,75 -4,82
17.85 -23,75 -4,97
17.87 -23,75 -5,11
17.88 -23,75 -5,11
17.90 -23,75 -5,11
17.92 -23,61 -5,26
17.93 -23,61 -5,26
17.95 -23,61 -5,41
17.97 -23,60 -5,41
17.98 -23,46 -5,56
18.00 -23,46 -5,57
18.02 -23,45 -5,71
18.03 -23,30 -5,71
18.05 -23,30 -5,71
18.07 -23,16 -5,70
18.08 -23,16 -5,70
18.10 -23,15 -5,69
18.12 -23,01 -5,54
18.13 -23,01 -5,39
18.15 -23,00 -5,24
18.17 -22,85 -5,08
18.18 -22,85 -4,78
18.20 -22,70 -4,49
18.22 -22,70 -4,20
18.23 -22,70 -4,04
18.25 -22,55 -3,60
18.27 -22,55 -3,31
18.28 -22,41 -3,01
18.30 -22,40 -2,71
18.32 -22,26 -2,26
18.33 -22,26 -1,81
18.35 -22,12 -1,37
18.37 -22,11 -0,93
18.38 -21,97 -0,48
18.40 -21,97 -0,04
18.42 -21,82 0,41
18.43 -21,82 0,86
18.45 -21,66 1,31
18.47 -21,52 1,90
18.48 -21,52 2,35
18.50 -21,37 2,80
18.52 -21,22 3,39
18.53 -21,08 3,84
18.55 -21,08 4,28
18.57 -20,94 4,74
18.58 -20,79 5,33
18.60 -20,65 5,78
18.62 -20,65 6,23
18.63 -20,50 6,82
18.65 -20,50 7,27
18.67 -20,35 7,86
18.68 -20,35 8,31
18.70 -20,20 8,77
18.72 -20,19 9,36
18.73 -20,05 9,81
18.75 -20,04 10,40
18.77 -19,90 10,85
18.78 -19,90 11,44
18.80 -19,90 11,89
18.82 -19,76 12,48
18.83 -19,76 12,93
18.85 -19,76 13,52
18.87 -19,76 13,97
18.88 -19,75 14,57
18.90 -19,75 15,17
18.92 -19,61 15,76
18.93 -19,75 16,35
18.95 -19,61 16,94
18.97 -19,75 17,40
18.98 -19,61 18,00
19.00 -19,75 18,60
19.02 -19,75 19,20
19.03 -19,75 19,80
19.05 -19,75 20,54
19.07 -19,75 21,13
19.08 -19,75 21,73
19.10 -19,75 22,33
19.12 -19,76 22,93
19.13 -19,76 23,67
19.15 -19,77 24,26
19.17 -19,78 25,00
19.18 -19,92 25,60
19.20 -19,92 26,34
19.22 -19,92 26,94
19.23 -19,93 27,69
19.25 -19,93 28,43
19.27 -20,08 29,03
19.28 -20,07 29,78
19.30 -20,08 30,52
19.32 -20,08 31,26
19.33 -20,23 32,01
19.35 -20,22 32,75
19.37 -20,23 33,49
19.38 -20,23 34,24
19.40 -20,38 34,84
19.42 -20,37 35,58
19.43 -20,37 36,33
19.45 -20,38 37,07
19.47 -20,52 37,66
19.48 -20,53 38,26
19.50 -20,53 38,86
19.52 -20,54 39,45
19.53 -20,68 40,05
19.55 -20,68 40,65
19.57 -20,68 41,24
19.58 -20,83 41,83
19.60 -20,84 42,29
19.62 -20,98 42,88
19.63 -20,99 43,33
19.65 -21,14 43,92
19.67 -21,28 44,37
19.68 -21,43 44,81
19.70 -21,44 45,12
19.72 -21,59 45,56
19.73 -21,74 45,86
19.75 -21,89 46,16
19.77 -22,04 46,46
19.78 -22,19 46,76
19.80 -22,33 46,90
19.82 -22,33 46,91
19.83 -22,33 47,06
19.85 -22,32 47,05
19.87 -22,17 47,05
19.88 -22,17 47,04
19.90 -22,02 46,89
19.92 -22,02 46,89
19.93 -21,87 46,74
19.95 -21,87 46,74
19.97 -21,87 46,74
19.98 -21,86 46,74
20.00 -21,86 46,75
20.02 -21,87 46,89
20.03 -21,87 46,90
20.05 -22,02 47,04
20.07 -22,17 47,05
20.08 -22,17 47,20
20.10 -22,31 47,34
20.12 -22,46 47,34
20.13 -22,46 47,34
20.15 -22,60 47,34
20.17 -22,61 47,19
20.18 -22,76 47,19
20.20 -22,90 47,05
20.22 -22,90 46,90
20.23 -22,90 46,76
20.25 -22,91 46,61
20.27 -23,05 46,46
20.28 -23,06 46,31
20.30 -23,06 46,16
20.32 -23,21 46,16
20.33 -23,20 46,01
20.35 -23,20 45,86
20.37 -23,21 45,86
20.38 -23,35 45,86
20.40 -23,35 45,86
20.42 -23,35 45,85
20.43 -23,35 45,85
20.45 -23,35 45,84
20.47 -23,50 45,70
20.48 -23,49 45,84
20.50 -23,48 45,70
20.52 -23,48 45,70
20.53 -23,48 45,70
20.55 -23,48 45,69
20.57 -23,47 45,54
20.58 -23,47 45,54
20.60 -23,47 45,39
20.62 -23,47 45,39
20.63 -23,47 45,24
20.65 -23,47 45,24
20.67 -23,47 45,24
20.68 -23,47 45,24
20.70 -23,46 45,23
20.72 -23,46 45,23
20.73 -23,47 45,23
20.75 -23,47 45,23
20.77 -23,62 45,38
20.78 -23,61 45,39
20.80 -23,61 45,53
20.82 -23,61 45,54
20.83 -23,62 45,68
20.85 -23,62 45,68
20.87 -23,63 45,69
20.88 -23,63 45,69
20.90 -23,77 45,84
20.92 -23,77 45,84
20.93 -23,76 45,84
20.95 -23,75 45,84
20.97 -23,61 45,84
20.98 -23,62 45,84
21.00 -23,62 45,84
21.02 -23,62 45,85
21.03 -23,63 45,85
21.05 -23,63 45,85
21.07 -23,63 45,86
21.08 -23,63 46,00
21.10 -23,63 46,00
21.12 -23,62 45,99
21.13 -23,62 45,99
21.15 -23,62 45,98
21.17 -23,62 45,98
21.18 -23,62 45,98
21.20 -23,62 45,97
21.22 -23,62 45,83
21.23 -23,62 45,83
21.25 -23,62 45,82
21.27 -23,62 45,68
21.28 -23,63 45,67
21.30 -23,63 45,53
21.32 -23,64 45,52
21.33 -23,64 45,37
21.35 -23,65 45,22
21.37 -23,65 45,08
21.38 -23,80 45,07
21.40 -23,79 44,92
21.42 -23,79 44,77
21.43 -23,78 44,63
21.45 -23,78 44,48
21.47 -23,78 44,34
21.48 -23,78 44,33
21.50 -23,79 44,04
21.52 -23,79 43,89
21.53 -23,93 43,75
21.55 -23,93 43,60
21.57 -23,93 43,44
21.58 -23,94 43,15
21.60 -23,94 42,85
21.62 -24,08 42,70
21.63 -24,08 42,41
21.65 -24,08 42,25
21.67 -24,09 41,96
21.68 -24,09 41,66
21.70 -24,24 41,51
21.72 -24,23 41,21
21.73 -24,24 41,06
21.75 -24,38 40,76
21.77 -24,38 40,47
21.78 -24,37 40,32
21.80 -24,38 40,02
21.82 -24,38 39,72
21.83 -24,38 39,43
21.85 -24,53 39,28
21.87 -24,52 38,98
21.88 -24,52 38,69
21.90 -24,52 38,54
21.92 -24,51 38,24
21.93 -24,51 37,95
21.95 -24,50 37,66
21.97 -24,36 37,36
21.98 -24,36 37,07
22.00 -24,36 36,78
22.02 -24,36 36,48
22.03 -24,35 36,19
22.05 -24,21 35,88
22.07 -24,21 35,44
22.08 -24,20 35,14
22.10 -24,06 34,69
22.12 -24,06 34,39
22.13 -24,05 33,95
22.15 -23,91 33,50
22.17 -23,90 33,06
22.18 -23,76 32,76
22.20 -23,76 32,31
22.22 -23,76 31,87
22.23 -23,61 31,43
22.25 -23,61 30,99
22.27 -23,47 30,68
22.28 -23,47 30,09
22.30 -23,46 29,65
22.32 -23,32 29,21
22.33 -23,32 28,77
22.35 -23,31 28,33
22.37 -23,31 27,88
22.38 -23,16 27,43
22.40 -23,17 26,98
22.42 -23,16 26,39
22.43 -23,16 25,95
22.45 -23,01 25,50
22.47 -23,02 25,05
22.48 -23,01 24,61
22.50 -23,01 24,15
22.52 -22,87 23,56
22.53 -22,87 23,12
22.55 -22,88 22,67
22.57 -22,88 22,22
22.58 -22,88 21,77
22.60 -22,88 21,18
22.62 -22,88 20,88
22.63 -22,88 20,28
22.65 -22,88 19,84
22.67 -22,88 19,54
22.68 -22,88 18,95
22.70 -22,89 18,50
22.72 -22,89 18,06
22.73 -22,89 17,62
22.75 -23,04 17,17
22.77 -23,03 16,73
22.78 -23,03 16,29
22.80 -23,03 15,85
22.82 -23,03 15,40
22.83 -23,04 14,96
22.85 -23,18 14,66
22.87 -23,18 14,21
22.88 -23,18 13,76
22.90 -23,19 13,32
22.92 -23,33 13,01
22.93 -23,33 12,56
22.95 -23,33 12,12
22.97 -23,34 11,67
22.98 -23,48 11,23
23.00 -23,48 10,93
23.02 -23,48 10,48
23.03 -23,48 10,03
23.05 -23,63 9,59
23.07 -23,62 9,15
23.08 -23,62 8,84
23.10 -23,63 8,39
23.12 -23,77 7,94
23.13 -23,77 7,50
23.15 -23,76 7,06
23.17 -23,76 6,76
23.18 -23,77 6,31
23.20 -23,77 5,87
23.22 -23,77 5,56
23.23 -23,78 5,12
23.25 -23,92 4,81
23.27 -23,92 4,37
23.28 -23,91 4,07
23.30 -23,91 3,77
23.32 -23,92 3,33
23.33 -23,92 3,02
23.35 -24,07 2,72
23.37 -24,06 2,28
23.38 -24,06 1,98
23.40 -24,06 1,68
23.42 -24,06 1,38
23.43 -24,07 1,08
23.45 -24,07 0,78
23.47 -24,21 0,48
23.48 -24,21 0,18
23.50 -24,21 -0,12
23.52 -24,21 -0,43
23.53 -24,21 -0,87
23.55 -24,21 -1,16
23.57 -24,36 -1,32
23.58 -24,36 -1,62
23.60 -24,35 -1,92
23.62 -24,35 -2,22
23.63 -24,35 -2,51
23.65 -24,36 -2,67
23.67 -24,36 -2,82
23.68 -24,37 -3,12
23.70 -24,37 -3,27
23.72 -24,52 -3,42
23.73 -24,52 -3,57
23.75 -24,52 -3,86
23.77 -24,52 -4,01
23.78 -24,52 -4,16
23.80 -24,53 -4,30
23.82 -24,67 -4,45
23.83 -24,67 -4,59
23.85 -24,67 -4,73
23.87 -24,67 -4,74
23.88 -24,67 -4,89
23.90 -24,67 -5,04
23.92 -24,67 -5,18
23.93 -24,68 -5,19
23.95 -24,83 -5,34
23.97 -24,82 -5,49
23.98 -24,82 -5,63
24.00 -24,82 -5,64
24.02 -24,82 -5,79
24.03 -24,82 -5,93
24.05 -24,82 -5,93
24.07 -24,83 -6,08
24.08 -24,83 -6,08
24.10 -24,98 -6,22
24.12 -24,97 -6,23
24.13 -24,97 -6,38
24.15 -24,97 -6,53
24.17 -24,97 -6,67
24.18 -24,97 -6,82
24.20 -25,12 -6,97
24.22 -25,12 -7,11
24.23 -25,12 -7,11
24.25 -25,12 -6,97
24.27 -25,12 -6,97
24.28 -25,12 -6,96
24.30 -25,12 -6,81
24.32 -25,13 -6,66
24.33 -25,13 -6,51
24.35 -25,14 -6,37
24.37 -25,14 -6,21
24.38 -25,15 -5,92
24.40 -25,15 -5,77
24.42 -25,16 -5,47
24.43 -25,16 -5,18
24.45 -25,17 -4,89
24.47 -25,18 -4,60
24.48 -25,18 -4,30
24.50 -25,03 -4,00
24.52 -25,03 -3,56
24.53 -25,03 -3,26
24.55 -25,03 -2,81
24.57 -24,89 -2,37
24.58 -24,89 -1,92
24.60 -24,89 -1,48
24.62 -24,89 -1,04
24.63 -24,75 -0,60
24.65 -24,75 -0,15
24.67 -24,74 0,29
24.68 -24,60 0,74
24.70 -24,60 1,19
24.72 -24,46 1,64
24.73 -24,46 2,23
24.75 -24,31 2,53
24.77 -24,31 3,12
24.78 -24,17 3,57
24.80 -24,17 4,01
24.82 -24,03 4,46
24.83 -23,88 4,91
24.85 -23,88 5,50
24.87 -23,88 5,95
24.88 -23,73 6,40
24.90 -23,73 6,85
24.92 -23,73 7,44
24.93 -23,58 7,89
24.95 -23,58 8,48
24.97 -23,58 8,92
24.98 -23,57 9,37
25.00 -23,43 9,82
25.02 -23,57 10,42
25.03 -23,43 10,86
25.05 -23,44 11,31
25.07 -23,58 11,90
25.08 -23,58 12,35
25.10 -23,57 12,79
25.12 -23,57 13,24
25.13 -23,57 13,83
25.15 -23,58 14,27
25.17 -23,73 14,72
25.18 -23,73 15,17
25.20 -23,87 15,62
25.22 -23,88 16,07
25.23 -24,03 16,52
25.25 -24,03 16,97
25.27 -24,17 17,43
25.28 -24,18 18,02
25.30 -24,33 18,46
25.32 -24,33 18,91
25.33 -24,48 19,36
25.35 -24,62 19,81
25.37 -24,63 20,26
25.38 -24,77 20,71
25.40 -24,78 21,16
25.42 -24,93 21,61
25.43 -25,07 22,06
25.45 -25,07 22,50
25.47 -25,22 22,94
25.48 -25,36 23,39
25.50 -25,36 23,69
25.52 -25,51 24,28
25.53 -25,51 24,58
25.55 -25,66 25,17
25.57 -25,66 25,62
25.58 -25,81 26,07
25.60 -25,96 26,52
25.62 -25,96 26,97
25.63 -26,11 27,56
25.65 -26,25 28,15
25.67 -26,25 28,60
25.68 -26,40 29,19
25.70 -26,40 29,64
25.72 -26,55 30,23
25.73 -26,55 30,69
25.75 -26,70 31,29
25.77 -26,84 31,89
25.78 -26,84 32,48
25.80 -26,99 33,08
25.82 -26,99 33,67
25.83 -27,14 34,27
25.85 -27,14 34,86
25.87 -27,29 35,46
25.88 -27,30 36,05
25.90 -27,45 36,50
25.92 -27,45 37,09
25.93 -27,60 37,69
25.95 -27,61 38,14
25.97 -27,76 38,73
25.98 -27,76 39,18
26.00 -27,91 39,63
26.02 -27,92 40,07
26.03 -28,06 40,52
26.05 -28,07 40,96
26.07 -28,21 41,26
26.08 -28,22 41,70
26.10 -28,37 41,99
26.12 -28,37 42,29
26.13 -28,51 42,58
26.15 -28,51 42,74
26.17 -28,52 43,04
26.18 -28,52 43,33
26.20 -28,51 43,48
26.22 -28,36 43,78
26.23 -28,22 43,93
26.25 -28,06 44,22
26.27 -27,91 44,37
26.28 -27,76 44,52
26.30 -27,46 44,82
26.32 -27,31 44,96
26.33 -27,02 45,12
26.35 -26,87 45,27
26.37 -26,58 45,57
26.38 -26,43 45,72
26.40 -26,27 46,01
26.42 -25,98 46,16
26.43 -25,83 46,31
26.45 -25,53 46,46
26.47 -25,38 46,61
26.48 -25,09 46,75
26.50 -24,94 46,75
26.52 -24,64 46,75
26.53 -24,35 46,76
26.55 -24,06 46,76
26.57 -23,91 46,77
26.58 -23,61 46,77
26.60 -23,32 46,77
26.62 -23,17 46,76
26.63 -22,87 46,62
26.65 -22,72 46,62
26.67 -22,57 46,62
26.68 -22,42 46,63
26.70 -22,27 46,63
26.72 -22,13 46,63
26.73 -22,13 46,78
26.75 -21,98 46,77
26.77 -21,98 46,77
26.78 -21,84 46,78
26.80 -21,84 46,78
26.82 -21,84 46,78
26.83 -21,84 46,79
26.85 -21,69 46,79
26.87 -21,69 46,79
26.88 -21,69 46,78
26.90 -21,69 46,64
26.92 -21,68 46,64
26.93 -21,54 46,49
26.95 -21,55 46,49
26.97 -21,55 46,49
26.98 -21,55 46,34
27.00 -21,56 46,34
27.02 -21,55 46,34
27.03 -21,55 46,34
27.05 -21,41 46,34
27.07 -21,41 46,33
27.08 -21,41 46,33
27.10 -21,41 46,33
27.12 -21,41 46,33
27.13 -21,40 46,33
27.15 -21,40 46,34
27.17 -21,39 46,34
27.18 -21,25 46,34
27.20 -21,25 46,34
27.22 -21,26 46,33
27.23 -21,26 46,19
27.25 -21,25 46,19
27.27 -21,25 46,04
27.28 -21,24 46,04
27.30 -21,10 45,90
27.32 -21,10 45,90
27.33 -21,10 45,89
27.35 -21,11 45,75
27.37 -21,11 45,75
27.38 -21,10 45,76
27.40 -21,10 45,76
27.42 -20,96 45,76
27.43 -20,97 45,77
27.45 -20,97 45,91
27.47 -20,96 45,90
27.48 -20,82 45,90
27.50 -20,82 45,90
27.52 -20,82 45,90
27.53 -20,68 45,90
27.55 -20,68 45,90
27.57 -20,67 45,90
27.58 -20,67 45,90
27.60 -20,52 45,90
27.62 -20,52 45,91
27.63 -20,38 45,91
27.65 -20,38 45,91
27.67 -20,38 45,92
27.68 -20,24 45,92
27.70 -20,24 46,07
27.72 -20,24 46,07
27.73 -20,09 46,06
27.75 -20,09 46,06
27.77 -19,95 46,07
27.78 -19,95 46,07
27.80 -19,94 46,07
27.82 -19,80 46,07
27.83 -19,80 46,07
27.85 -19,79 46,07
27.87 -19,65 46,07
27.88 -19,64 45,93
27.90 -19,50 45,93
27.92 -19,50 45,93
27.93 -19,36 45,92
27.95 -19,36 45,78
27.97 -19,35 45,78
27.98 -19,21 45,77
28.00 -19,21 45,63
28.02 -19,06 45,63
28.03 -19,07 45,62
28.05 -19,06 45,47
28.07 -18,92 45,47
28.08 -18,92 45,33
28.10 -18,77 45,33
28.12 -18,63 45,18
28.13 -18,62 45,18
28.15 -18,48 45,18
28.17 -18,48 45,03
28.18 -18,33 45,03
28.20 -18,33 45,03
28.22 -18,19 44,89
28.23 -18,19 44,89
28.25 -18,18 44,89
28.27 -18,04 44,88
28.28 -18,04 44,88
28.30 -18,04 44,87
28.32 -18,04 44,87
28.33 -17,89 44,72
28.35 -17,90 44,73
28.37 -17,89 44,73
28.38 -17,89 44,74
28.40 -17,88 44,74
28.42 -17,74 44,75
28.43 -17,75 44,75
28.45 -17,75 44,76
28.47 -17,75 44,62
28.48 -17,75 44,62
28.50 -17,75 44,63
28.52 -17,74 44,63
28.53 -17,60 44,62
28.55 -17,60 44,48
28.57 -17,61 44,48
28.58 -17,61 44,48
28.60 -17,61 44,33
28.62 -17,61 44,34
28.63 -17,60 44,34
28.65 -17,60 44,34
28.67 -17,59 44,33
28.68 -17,58 44,33
28.70 -17,58 44,32
28.72 -17,72 44,32
28.73 -17,71 44,32
28.75 -17,71 44,32
28.77 -17,70 44,33
28.78 -17,70 44,47
28.80 -17,56 44,47
28.82 -17,56 44,47
28.83 -17,57 44,46
28.85 -17,58 44,46
28.87 -17,58 44,47
28.88 -17,44 44,47
28.90 -17,45 44,47
28.92 -17,45 44,46
28.93 -17,46 44,46
28.95 -17,46 44,46
28.97 -17,47 44,45
28.98 -17,47 44,46
29.00 -17,47 44,46
29.02 -17,48 44,31
29.03 -17,62 44,31
29.05 -17,62 44,31
29.07 -17,62 44,30
29.08 -17,63 44,45
29.10 -17,77 44,31
29.12 -17,77 44,31
29.13 -17,78 44,16
29.15 -17,93 44,16
29.17 -17,93 44,16
29.18 -18,07 44,16
29.20 -18,08 44,15
29.22 -18,22 44,01
29.23 -18,23 44,00
29.25 -18,38 43,85
29.27 -18,39 43,70
29.28 -18,54 43,56
29.30 -18,69 43,41
29.32 -18,83 43,41
29.33 -18,84 43,26
29.35 -18,99 43,11
29.37 -19,13 42,96
29.38 -19,28 42,81
29.40 -19,29 42,66
29.42 -19,44 42,51
29.43 -19,60 42,36
29.45 -19,75 42,21
29.47 -19,90 42,05
29.48 -20,05 41,76
29.50 -20,20 41,62
29.52 -20,35 41,46
29.53 -20,49 41,17
29.55 -20,64 41,02
29.57 -20,79 40,72
29.58 -20,94 40,57
29.60 -21,09 40,27
29.62 -21,24 39,98
29.63 -21,39 39,82
29.65 -21,54 39,52
29.67 -21,69 39,22
29.68 -21,83 38,93
29.70 -21,98 38,63
29.72 -22,13 38,34
29.73 -22,27 38,04
29.75 -22,42 37,75
29.77 -22,42 37,45
29.78 -22,57 37,15
29.80 -22,72 36,85
29.82 -22,87 36,55
29.83 -22,87 36,11
29.85 -23,02 35,82
29.87 -23,16 35,37
29.88 -23,17 35,06
29.90 -23,32 34,62
29.92 -23,32 34,33
29.93 -23,47 34,03
29.95 -23,47 33,58
29.97 -23,47 33,14
29.98 -23,48 32,70
30.00 -23,63 32,40
30.02 -23,63 31,95
30.03 -23,63 31,65
30.05 -23,63 31,21
30.07 -23,64 30,91
30.08 -23,78 30,46
30.10 -23,78 30,16
30.12 -23,77 29,72
30.13 -23,77 29,43
30.15 -23,78 28,98
30.17 -23,78 28,69
30.18 -23,78 28,38
30.20 -23,79 27,94
30.22 -23,80 27,63
30.23 -23,94 27,19
30.25 -23,94 26,88
30.27 -23,93 26,44
30.28 -23,93 26,14
30.30 -23,93 25,70
30.32 -23,94 25,39
30.33 -23,94 24,94
30.35 -23,95 24,50
30.37 -23,95 24,20
30.38 -24,10 23,75
30.40 -24,10 23,45
30.42 -24,09 23,15
30.43 -24,09 22,71
30.45 -24,09 22,12
30.47 -24,10 21,68
30.48 -24,10 21,23
30.50 -24,10 20,79
30.52 -24,10 20,49
30.53 -24,11 20,03
30.55 -24,11 19,59
30.57 -24,12 19,14
30.58 -24,13 18,70
30.60 -24,27 18,39
30.62 -24,27 17,94
30.63 -24,27 17,50
30.65 -24,27 17,06
30.67 -24,28 16,75
30.68 -24,29 16,31
30.70 -24,28 16,00
30.72 -24,43 15,56
30.73 -24,42 15,26
30.75 -24,42 14,81
30.77 -24,43 14,51
30.78 -24,43 14,07
30.80 -24,43 13,48
30.82 -24,44 13,18
30.83 -24,29 12,73
30.85 -24,30 12,43
30.87 -24,44 11,98
30.88 -24,30 11,53
30.90 -24,30 11,09
30.92 -24,44 10,64
30.93 -24,44 10,19
30.95 -24,44 9,90
30.97 -24,44 9,45
30.98 -24,44 9,00
31.00 -24,43 8,70
31.02 -24,42 8,25
31.03 -24,43 7,80
31.05 -24,44 7,36
31.07 -24,29 7,06
31.08 -24,29 6,61
31.10 -24,29 6,16
31.12 -24,28 5,72
31.13 -24,28 5,28
31.15 -24,42 4,83
31.17 -24,28 4,54
31.18 -24,28 3,94
31.20 -24,29 3,65
31.22 -24,14 3,20
31.23 -24,14 2,90
31.25 -24,13 2,46
31.27 -24,28 2,16
31.28 -24,28 1,86
31.30 -24,27 1,55
31.32 -24,13 1,11
31.33 -24,13 0,82
31.35 -24,14 0,52
31.37 -23,99 0,23
31.38 -23,99 -0,06
31.40 -23,99 -0,36
31.42 -23,99 -0,65
31.43 -24,13 -0,81
31.45 -24,13 -1,11
31.47 -24,12 -1,41
31.48 -23,98 -1,71
31.50 -23,98 -2,01
31.52 -23,98 -2,31
31.53 -23,98 -2,60
31.55 -23,98 -2,90
31.57 -23,97 -3,19
31.58 -23,97 -3,34
31.60 -23,97 -3,64
31.62 -23,97 -3,79
31.63 -23,96 -4,09
31.65 -23,96 -4,24
31.67 -23,96 -4,39
31.68 -23,96 -4,68
31.70 -23,96 -4,83
31.72 -23,95 -4,97
31.73 -23,95 -5,12
31.75 -23,95 -5,26
31.77 -23,95 -5,40
31.78 -23,96 -5,55
31.80 -23,96 -5,55
31.82 -23,96 -5,70
31.83 -23,97 -5,85
31.85 -23,97 -6,00
31.87 -23,98 -6,15
31.88 -23,98 -6,15
31.90 -24,13 -6,44
31.92 -24,12 -6,44
31.93 -24,12 -6,59
31.95 -24,11 -6,74
31.97 -24,11 -6,88
31.98 -24,11 -7,03
32.00 -24,11 -7,03
32.02 -24,10 -7,18
32.03 -24,10 -7,18
32.05 -24,10 -7,03
32.07 -24,10 -7,03
32.08 -24,10 -7,03
32.10 -24,10 -6,88
32.12 -24,10 -6,88
32.13 -24,09 -6,73
32.15 -24,09 -6,58
32.17 -24,09 -6,44
32.18 -24,08 -6,29
32.20 -24,08 -6,15
32.22 -24,07 -6,00
32.23 -24,07 -5,85
32.25 -24,06 -5,55
32.27 -23,92 -5,26
32.28 -23,92 -4,97
32.30 -23,93 -4,68
32.32 -23,94 -4,39
32.33 -23,94 -4,09
32.35 -23,94 -3,80
32.37 -23,94 -3,50
32.38 -23,94 -3,05
32.40 -23,94 -2,75
32.42 -23,93 -2,30
32.43 -23,79 -1,86
32.45 -23,79 -1,42
32.47 -23,80 -1,12
32.48 -23,80 -0,67
32.50 -23,80 -0,22
32.52 -23,80 0,23
32.53 -23,79 0,68
32.55 -23,79 1,13
32.57 -23,79 1,58
32.58 -23,78 2,02
32.60 -23,64 2,47
32.62 -23,64 2,91
32.63 -23,64 3,35
32.65 -23,65 3,80
32.67 -23,64 4,25
32.68 -23,64 4,70
32.70 -23,49 5,15
32.72 -23,50 5,60
32.73 -23,50 6,19
32.75 -23,50 6,63
32.77 -23,49 7,08
32.78 -23,35 7,53
32.80 -23,35 7,98
32.82 -23,35 8,57
32.83 -23,34 9,01
32.85 -23,20 9,46
32.87 -23,19 9,92
32.88 -23,19 10,51
32.90 -23,04 10,96
32.92 -23,05 11,55
32.93 -23,04 12,00
32.95 -23,04 12,45
32.97 -22,89 12,90
32.98 -22,89 13,50
33.00 -22,89 13,95
33.02 -22,88 14,54
33.03 -22,74 14,99
33.05 -22,74 15,58
33.07 -22,74 16,03
33.08 -22,74 16,62
33.10 -22,74 17,08
33.12 -22,59 17,67
33.13 -22,60 18,26
33.15 -22,60 18,71
33.17 -22,60 19,30
33.18 -22,59 19,76
33.20 -22,59 20,35
33.22 -22,44 20,94
33.23 -22,45 21,39
33.25 -22,45 21,98
33.27 -22,44 22,43
33.28 -22,44 23,03
33.30 -22,29 23,48
33.32 -22,29 24,07
33.33 -22,28 24,66
33.35 -22,28 25,11
33.37 -22,14 25,71
33.38 -22,14 26,30
33.40 -22,14 26,75
33.42 -21,99 27,35
33.43 -22,00 27,80
33.45 -21,99 28,39
33.47 -21,85 28,84
33.48 -21,85 29,44
33.50 -21,85 29,89
33.52 -21,71 30,48
33.53 -21,71 31,07
33.55 -21,71 31,52
33.57 -21,56 32,11
33.58 -21,56 32,56
33.60 -21,56 33,16
33.62 -21,56 33,61
33.63 -21,41 34,20
33.65 -21,41 34,65
33.67 -21,41 35,10
33.68 -21,40 35,69
33.70 -21,26 36,14
33.72 -21,26 36,59
33.73 -21,26 37,18
33.75 -21,26 37,63
33.77 -21,25 38,07
33.78 -21,11 38,52
33.80 -21,12 38,97
33.82 -21,12 39,42
33.83 -21,13 39,87
33.85 -21,13 40,32
33.87 -21,14 40,77
33.88 -21,14 41,22
33.90 -21,15 41,67
33.92 -21,15 42,12
33.93 -21,15 42,56
33.95 -21,16 43,01
33.97 -21,02 43,31
33.98 -21,16 43,76
34.00 -21,16 44,21
34.02 -21,16 44,65
34.03 -21,16 44,95
34.05 -21,17 45,40
34.07 -21,31 45,70
34.08 -21,31 46,14
34.10 -21,31 46,44
34.12 -21,31 46,74
34.13 -21,31 47,04
34.15 -21,31 47,19
34.17 -21,17 47,49
34.18 -21,02 47,63
34.20 -20,87 47,64
34.22 -20,57 47,79
34.23 -20,42 47,79
34.25 -20,12 47,79
34.27 -19,97 47,79
34.28 -19,81 47,79
34.30 -19,66 47,79
34.32 -19,66 47,79
34.33 -19,65 47,79
34.35 -19,51 47,94
34.37 -19,52 47,94
34.38 -19,51 48,09
34.40 -19,67 48,24
34.42 -19,66 48,24
34.43 -19,96 48,24
34.45 -19,96 48,24
34.47 -19,96 48,24
34.48 -19,97 48,24
34.50 -20,12 48,24
34.52 -20,11 48,09
34.53 -20,25 47,94
34.55 -20,25 47,79
34.57 -20,10 47,64
34.58 -20,11 47,49
34.60 -20,10 47,35
34.62 -20,10 47,20
34.63 -20,10 47,20
34.65 -20,10 47,05
34.67 -20,09 46,91
34.68 -20,09 46,91
34.70 -20,09 46,90
34.72 -20,08 46,76
34.73 -20,09 46,76
34.75 -20,09 46,75
34.77 -20,09 46,61
34.78 -20,09 46,61
34.80 -20,24 46,60
34.82 -20,23 46,46
34.83 -20,23 46,31
34.85 -20,22 46,31
34.87 -20,22 46,16
34.88 -20,22 46,02
34.90 -20,23 46,01
34.92 -20,37 45,86
34.93 -20,37 45,71
34.95 -20,37 45,57
34.97 -20,37 45,56
34.98 -20,37 45,41
35.00 -20,38 45,26
35.02 -20,52 45,11
35.03 -20,52 45,11
35.05 -20,51 44,96
35.07 -20,51 44,82
35.08 -20,51 44,82
35.10 -20,51 44,67
35.12 -20,52 44,67
35.13 -20,52 44,67
35.15 -20,52 44,67
35.17 -20,53 44,66
35.18 -20,67 44,52
35.20 -20,66 44,53
35.22 -20,66 44,67
35.23 -20,66 44,53
35.25 -20,66 44,67
35.27 -20,66 44,66
35.28 -20,67 44,66
35.30 -20,81 44,65
35.32 -20,80 44,65
35.33 -20,80 44,64
35.35 -20,80 44,64
35.37 -20,80 44,63
35.38 -20,81 44,63
35.40 -20,81 44,62
35.42 -20,96 44,62
35.43 -20,95 44,62
35.45 -20,95 44,62
35.47 -20,95 44,62
35.48 -20,96 44,62
35.50 -20,96 44,77
35.52 -21,10 44,77
35.53 -21,10 44,78
35.55 -21,10 44,92
35.57 -21,10 44,93
35.58 -21,10 45,07
35.60 -21,10 45,08
35.62 -21,11 45,08
35.63 -21,11 45,23
35.65 -21,12 45,23
35.67 -21,12 45,24
35.68 -21,13 45,38
35.70 -21,27 45,38
35.72 -21,27 45,38
35.73 -21,26 45,38
35.75 -21,26 45,38
35.77 -21,25 45,38
35.78 -21,24 45,38
35.80 -21,24 45,38
35.82 -21,23 45,38
35.83 -21,23 45,38
35.85 -21,22 45,38
35.87 -21,22 45,38
35.88 -21,21 45,38
35.90 -21,21 45,38
35.92 -21,20 45,38
35.93 -21,20 45,38
35.95 -21,20 45,23
35.97 -21,21 45,24
35.98 -21,35 45,24
36.00 -21,35 45,23
36.02 -21,36 45,09
36.03 -21,50 45,09
36.05 -21,51 44,95
36.07 -21,65 44,95
36.08 -21,65 44,80
36.10 -21,65 44,80
36.12 -21,80 44,66
36.13 -21,80 44,66
36.15 -21,95 44,51
36.17 -21,94 44,51
36.18 -21,95 44,36
36.20 -22,09 44,36
36.22 -22,09 44,36
36.23 -22,24 44,21
36.25 -22,24 44,21
36.27 -22,24 44,06
36.28 -22,39 44,06
36.30 -22,39 43,92
36.32 -22,54 43,92
36.33 -22,55 43,77
36.35 -22,69 43,62
36.37 -22,70 43,48
36.38 -22,85 43,48
36.40 -22,85 43,32
36.42 -23,00 43,17
36.43 -23,00 43,02
36.45 -23,15 42,87
36.47 -23,16 42,57
36.48 -23,30 42,42
36.50 -23,30 42,27
36.52 -23,44 42,12
36.53 -23,44 41,96
36.55 -23,58 41,67
36.57 -23,59 41,53
36.58 -23,73 41,38
36.60 -23,73 41,23
36.62 -23,88 41,07
36.63 -23,89 40,78
36.65 -24,03 40,63
36.67 -24,04 40,34
36.68 -24,19 40,19
36.70 -24,33 39,89
36.72 -24,33 39,74
36.73 -24,48 39,43
36.75 -24,48 39,13
36.77 -24,63 38,83
36.78 -24,63 38,53
36.80 -24,78 38,22
36.82 -24,78 37,78
36.83 -24,93 37,49
36.85 -24,93 37,20
36.87 -25,07 36,90
36.88 -25,07 36,61
36.90 -25,07 36,31
36.92 -25,21 36,01
36.93 -25,21 35,70
36.95 -25,21 35,26
36.97 -25,21 34,97
36.98 -25,22 34,67
37.00 -25,36 34,22
37.02 -25,36 33,93
37.03 -25,35 33,62
37.05 -25,35 33,18
37.07 -25,35 32,89
37.08 -25,35 32,59
37.10 -25,35 32,14
37.12 -25,35 31,83
37.13 -25,34 31,39
37.15 -25,34 30,95
37.17 -25,34 30,65
37.18 -25,33 30,21
37.20 -25,33 29,91
37.22 -25,33 29,46
37.23 -25,32 29,16
37.25 -25,46 28,72
37.27 -25,46 28,42
37.28 -25,45 27,98
37.30 -25,31 27,69
37.32 -25,45 27,38
37.33 -25,44 27,08
37.35 -25,44 26,63
37.37 -25,43 26,33
37.38 -25,43 25,89
37.40 -25,43 25,60
37.42 -25,42 25,30
37.43 -25,42 25,00
37.45 -25,42 24,70
37.47 -25,42 24,25
37.48 -25,42 23,95
37.50 -25,42 23,51
37.52 -25,43 23,21
37.53 -25,43 22,76
37.55 -25,43 22,47
37.57 -25,44 22,16
37.58 -25,45 21,72
37.60 -25,46 21,42
37.62 -25,60 20,97
37.63 -25,59 20,67
37.65 -25,59 20,22
37.67 -25,59 19,78
37.68 -25,59 19,48
37.70 -25,59 19,04
37.72 -25,60 18,60
37.73 -25,74 18,30
37.75 -25,73 17,86
37.77 -25,73 17,56
37.78 -25,74 17,11
37.80 -25,74 16,81
37.82 -25,88 16,37
37.83 -25,88 15,93
37.85 -25,88 15,63
37.87 -25,88 15,18
37.88 -25,88 14,74
37.90 -26,03 14,44
37.92 -26,02 14,00
37.93 -26,02 13,56
37.95 -26,02 13,26
37.97 -26,02 12,81
37.98 -26,02 12,36
38.00 -26,03 11,92
38.02 -26,03 11,47
38.03 -26,03 11,03
38.05 -26,03 10,58
38.07 -26,03 10,14
38.08 -26,04 9,70
38.10 -26,04 9,26
38.12 -26,04 8,95
38.13 -26,05 8,50
38.15 -26,05 8,05
38.17 -26,05 7,60
38.18 -26,05 7,15
38.20 -26,05 6,71
38.22 -26,05 6,26
38.23 -26,05 5,82
38.25 -26,04 5,52
38.27 -26,04 5,08
38.28 -26,03 4,77
38.30 -26,03 4,33
38.32 -25,88 4,02
38.33 -25,89 3,58
38.35 -25,89 3,28
38.37 -25,89 2,83
38.38 -25,89 2,53
38.40 -25,89 2,23
38.42 -25,88 1,93
38.43 -25,88 1,62
38.45 -25,88 1,32
38.47 -25,87 0,88
38.48 -25,87 0,58
38.50 -25,86 0,28
38.52 -25,71 -0,16
38.53 -25,72 -0,46
38.55 -25,72 -0,75
38.57 -25,72 -1,04
38.58 -25,72 -1,34
38.60 -25,72 -1,63
38.62 -25,72 -1,92
38.63 -25,73 -2,07
38.65 -25,73 -2,37
38.67 -25,73 -2,66
38.68 -25,73 -2,81
38.70 -25,73 -3,11
38.72 -25,73 -3,25
38.73 -25,74 -3,40
38.75 -25,74 -3,70
38.77 -25,74 -3,85
38.78 -25,74 -4,01
38.80 -25,75 -4,30
38.82 -25,75 -4,44
38.83 -25,75 -4,59
38.85 -25,75 -4,75
38.87 -25,76 -4,90
38.88 -25,76 -5,20
38.90 -25,76 -5,34
38.92 -25,77 -5,50
38.93 -25,77 -5,79
38.95 -25,77 -5,94
38.97 -25,77 -6,09
38.98 -25,63 -6,38
39.00 -25,63 -6,53
39.02 -25,63 -6,68
39.03 -25,63 -6,83
39.05 -25,63 -7,13
39.07 -25,63 -7,27
39.08 -25,63 -7,42
39.10 -25,63 -7,57
39.12 -25,63 -7,73
39.13 -25,63 -7,88
39.15 -25,63 -8,03
39.17 -25,63 -8,02
39.18 -25,63 -7,87
39.20 -25,63 -7,72
39.22 -25,62 -7,57
39.23 -25,77 -7,42
39.25 -25,76 -7,12
39.27 -25,76 -6,97
39.28 -25,62 -6,68
39.30 -25,62 -6,38
39.32 -25,63 -6,09
39.33 -25,48 -5,80
39.35 -25,48 -5,51
39.37 -25,49 -5,22
39.38 -25,49 -4,92
39.40 -25,48 -4,48
39.42 -25,48 -4,18
39.43 -25,33 -3,73
39.45 -25,34 -3,28
39.47 -25,33 -2,84
39.48 -25,19 -2,39
39.50 -25,19 -1,94
39.52 -25,18 -1,49
39.53 -25,04 -0,90
39.55 -25,04 -0,45
39.57 -24,89 -0,01
39.58 -24,89 0,58
39.60 -24,89 1,03
39.62 -24,74 1,48
39.63 -24,74 2,07
39.65 -24,59 2,97
39.67 -24,59 2,97
39.68 -24,58 3,56
39.70 -24,43 4,00
39.72 -24,43 4,45
39.73 -24,44 5,04
39.75 -24,29 5,48
39.77 -24,28 5,93
39.78 -24,28 6,53
39.80 -24,13 7,12
39.82 -24,13 8,02
39.83 -23,98 8,61
39.85 -23,99 9,06
39.87 -23,84 9,66
39.88 -23,84 10,11
39.90 -23,70 10,70
39.92 -23,71 10,70
39.93 -23,71 11,29
39.95 -23,71 11,74
39.97 -23,71 12,33
39.98 -23,56 12,79
40.00 -23,56 13,38
40.02 -23,55 13,83
40.03 -23,41 14,42
40.05 -23,41 14,87
40.07 -23,41 15,47
40.08 -23,40 16,06
40.10 -23,26 16,51
40.12 -23,26 17,10
40.13 -23,26 17,54
40.15 -23,25 17,99
40.17 -23,25 18,59
40.18 -23,10 19,18
40.20 -23,10 19,64
40.22 -23,10 20,23
40.23 -23,09 20,83
40.25 -23,09 21,42
40.27 -22,94 21,87
40.28 -22,94 22,47
40.30 -22,95 23,06
40.32 -22,80 23,50
40.33 -22,80 24,10
40.35 -22,79 24,55
40.37 -22,65 25,14
40.38 -22,65 26,04
40.40 -22,65 26,63
40.42 -22,65 27,07
40.43 -22,65 27,52
40.45 -22,64 27,96
40.47 -22,65 28,41
40.48 -22,65 28,85
40.50 -22,65 29,29
40.52 -22,65 29,60
40.53 -22,66 30,04
40.55 -22,66 30,48
40.57 -22,66 30,78
40.58 -22,67 31,23
40.60 -22,67 31,53
40.62 -22,82 31,97
40.63 -22,82 32,27
40.65 -22,82 32,72
40.67 -22,82 33,02
40.68 -22,97 33,46
40.70 -22,97 33,90
40.72 -22,98 34,20
40.73 -23,12 34,65
40.75 -23,13 35,10
40.77 -23,27 35,54
40.78 -23,27 35,84
40.80 -23,28 36,29
40.82 -23,42 36,73
40.83 -23,43 37,18
40.85 -23,57 37,48
40.87 -23,57 37,92
40.88 -23,58 38,22
40.90 -23,72 38,67
40.92 -23,73 39,11
40.93 -23,87 39,42
40.95 -23,87 39,87
40.97 -23,87 40,31
40.98 -24,01 40,76
41.00 -24,01 41,06
41.02 -24,01 41,51
41.03 -24,02 41,95
41.05 -24,16 42,25
41.07 -24,16 42,55
41.08 -24,16 42,99
41.10 -24,16 43,29
41.12 -24,16 43,58
41.13 -24,16 43,88
41.15 -24,01 44,03
41.17 -23,86 44,32
41.18 -23,72 44,48
41.20 -23,57 44,63
41.22 -23,42 44,92
41.23 -23,27 45,07
41.25 -23,12 45,21
41.27 -22,82 45,21
41.28 -22,67 45,36
41.30 -22,52 45,51
41.32 -22,22 45,51
41.33 -22,08 45,65
41.35 -21,93 45,80
41.37 -21,79 45,80
41.38 -21,78 45,66
41.40 -21,63 45,80
41.42 -21,49 45,65
41.43 -21,49 45,66
41.45 -21,34 45,65
41.47 -21,33 45,51
41.48 -21,19 45,50
41.50 -21,18 45,50
41.52 -21,04 45,34
41.53 -21,03 45,20
41.55 -20,88 45,05
41.57 -20,88 44,90
41.58 -20,74 44,75
41.60 -20,74 44,75
41.62 -20,74 44,60
41.63 -20,74 44,60
41.65 -20,59 44,45
41.67 -20,58 44,45
41.68 -20,43 44,44
41.70 -20,29 44,30
41.72 -20,28 44,30
41.73 -20,13 44,29
41.75 -19,98 44,29
41.77 -19,98 44,15
41.78 -19,83 44,15
41.80 -19,82 44,15
41.82 -19,68 44,14
41.83 -19,68 44,14
41.85 -19,67 43,99
41.87 -19,52 44,00
41.88 -19,52 43,99
41.90 -19,37 43,99
41.92 -19,23 43,84
41.93 -19,22 43,85
41.95 -19,08 43,84
41.97 -19,08 43,84
41.98 -18,94 43,70
42.00 -18,94 43,70
42.02 -18,94 43,70
42.03 -18,94 43,69
42.05 -18,79 43,69
42.07 -18,79 43,54
42.08 -18,79 43,54
42.10 -18,79 43,54
42.12 -18,79 43,53
42.13 -18,78 43,39
42.15 -18,78 43,39
42.17 -18,77 43,24
42.18 -18,77 43,10
42.20 -18,77 43,10
42.22 -18,78 42,95
42.23 -18,78 42,95
42.25 -18,78 42,80
42.27 -18,79 42,65
42.28 -18,80 42,50
42.30 -18,95 42,50
42.32 -18,95 42,35
42.33 -18,95 42,21
42.35 -18,95 42,21
42.37 -19,09 42,21
42.38 -19,09 42,20
42.40 -19,09 42,06
42.42 -19,09 42,06
42.43 -19,09 42,06
42.45 -19,24 42,06
42.47 -19,23 42,06
42.48 -19,23 42,07
42.50 -19,24 42,07
42.52 -19,24 42,07
42.53 -19,39 42,06
42.55 -19,38 42,06
42.57 -19,38 41,92
42.58 -19,38 41,92
42.60 -19,39 41,92
42.62 -19,53 41,92
42.63 -19,53 41,92
42.65 -19,52 41,92
42.67 -19,53 41,92
42.68 -19,54 41,91
42.70 -19,68 41,91
42.72 -19,68 41,91
42.73 -19,82 41,91
42.75 -19,82 41,92
42.77 -19,82 42,06
42.78 -19,83 42,06
42.80 -19,97 42,06
42.82 -19,97 42,21
42.83 -19,98 42,21
42.85 -20,12 42,21
42.87 -20,12 42,36
42.88 -20,13 42,36
42.90 -20,27 42,36
42.92 -20,27 42,50
42.93 -20,28 42,50
42.95 -20,42 42,51
42.97 -20,42 42,66
42.98 -20,42 42,66
43.00 -20,43 42,66
43.02 -20,57 42,81
43.03 -20,57 42,81
43.05 -20,58 42,81
43.07 -20,72 42,81
43.08 -20,72 42,81
43.10 -20,72 42,82
43.12 -20,72 42,82
43.13 -20,87 42,82
43.15 -20,86 42,96
43.17 -20,86 42,96
43.18 -20,87 42,97
43.20 -21,01 43,11
43.22 -21,01 43,11
43.23 -21,01 43,26
43.25 -21,01 43,26
43.27 -21,16 43,40
43.28 -21,15 43,40
43.30 -21,30 43,40
43.32 -21,30 43,55
43.33 -21,30 43,56
43.35 -21,44 43,70
43.37 -21,44 43,70
43.38 -21,44 43,70
43.40 -21,44 43,70
43.42 -21,45 43,70
43.43 -21,59 43,70
43.45 -21,59 43,71
43.47 -21,58 43,71
43.48 -21,58 43,71
43.50 -21,58 43,57
43.52 -21,59 43,57
43.53 -21,73 43,72
43.55 -21,73 43,71
43.57 -21,74 43,86
43.58 -21,88 43,86
43.60 -21,88 43,87
43.62 -21,88 43,86
43.63 -22,02 43,86
43.65 -22,02 43,87
43.67 -22,02 44,01
43.68 -22,02 44,01
43.70 -22,17 44,15
43.72 -22,16 44,15
43.73 -22,16 44,15
43.75 -22,17 44,15
43.77 -22,17 44,14
43.78 -22,31 44,14
43.80 -22,31 43,99
43.82 -22,31 44,00
43.83 -22,31 43,99
43.85 -22,31 43,85
43.87 -22,32 43,85
43.88 -22,46 43,85
43.90 -22,46 43,70
43.92 -22,46 43,70
43.93 -22,46 43,70
43.95 -22,46 43,55
43.97 -22,61 43,55
43.98 -22,60 43,55
44.00 -22,61 43,54
44.02 -22,61 43,40
44.03 -22,61 43,40
44.05 -22,76 43,39
44.07 -22,76 43,38
44.08 -22,76 43,24
44.10 -22,76 43,24
44.12 -22,77 43,24
44.13 -22,77 43,23
44.15 -22,91 43,09
44.17 -22,91 43,09
44.18 -22,91 43,10
44.20 -22,91 43,10
44.22 -22,91 43,10
44.23 -22,91 43,10
44.25 -22,92 43,10
44.27 -23,06 43,10
44.28 -23,06 43,10
44.30 -23,05 43,10
44.32 -23,06 43,10
44.33 -23,06 43,10
44.35 -23,06 43,09
44.37 -23,21 42,95
44.38 -23,21 42,94
44.40 -23,21 42,94
44.42 -23,21 42,93
44.43 -23,21 42,79
44.45 -23,21 42,79
44.47 -23,22 42,79
44.48 -23,36 42,79
44.50 -23,35 42,78
44.52 -23,35 42,77
44.53 -23,35 42,63
44.55 -23,35 42,64
44.57 -23,35 42,64
44.58 -23,50 42,79
44.60 -23,49 42,78
44.62 -23,49 42,78
44.63 -23,49 42,79
44.65 -23,50 42,79
44.67 -23,50 42,79
44.68 -23,64 42,94
44.70 -23,64 42,94
44.72 -23,64 42,94
44.73 -23,65 42,94
44.75 -23,65 42,94
44.77 -23,65 42,94
44.78 -23,65 42,94
44.80 -23,65 42,94
44.82 -23,64 42,94
44.83 -23,64 42,93
44.85 -23,49 42,79
44.87 -23,50 42,80
44.88 -23,50 42,80
44.90 -23,50 42,80
44.92 -23,50 42,80
44.93 -23,50 42,81
44.95 -23,50 42,81
44.97 -23,50 42,81
44.98 -23,49 42,80
45.00 -23,49 42,66
45.02 -23,49 42,66
45.03 -23,49 42,66
45.05 -23,49 42,51
45.07 -23,49 42,36
45.08 -23,49 42,22
45.10 -23,49 42,08
45.12 -23,50 41,92
45.13 -23,51 41,92
45.15 -23,65 41,76
45.17 -23,65 41,61
45.18 -23,65 41,46
45.20 -23,65 41,30
45.22 -23,65 41,15
45.23 -23,66 40,86
45.25 -23,80 40,71
45.27 -23,80 40,57
45.28 -23,80 40,42
45.30 -23,81 40,27
45.32 -23,95 39,98
45.33 -23,95 39,82
45.35 -23,95 39,53
45.37 -23,95 39,23
45.38 -24,10 39,08
45.40 -24,10 38,78
45.42 -24,24 38,48
45.43 -24,24 38,18
45.45 -24,24 37,88
45.47 -24,39 37,58
45.48 -24,39 37,28
45.50 -24,53 36,98
45.52 -24,53 36,69
45.53 -24,54 36,38
45.55 -24,69 36,08
45.57 -24,69 35,78
45.58 -24,84 35,48
45.60 -24,84 35,18
45.62 -24,99 34,88
45.63 -24,99 34,57
45.65 -25,14 34,13
45.67 -25,14 33,84
45.68 -25,29 33,55
45.70 -25,29 33,25
45.72 -25,43 32,95
45.73 -25,43 32,51
45.75 -25,44 32,21
45.77 -25,58 31,91
45.78 -25,58 31,61
45.80 -25,58 31,16
45.82 -25,73 30,86
45.83 -25,73 30,42
45.85 -25,73 30,12
45.87 -25,73 29,68
45.88 -25,88 29,37
45.90 -25,87 28,93
45.92 -25,87 28,49
45.93 -25,88 28,18
45.95 -25,88 27,74
45.97 -26,03 27,29
45.98 -26,02 26,99
46.00 -26,02 26,54
46.02 -26,02 26,09
46.03 -26,02 25,65
46.05 -26,02 25,35
46.07 -26,02 24,90
46.08 -26,03 24,46
46.10 -26,03 24,01
46.12 -26,03 23,71
46.13 -26,03 23,26
46.15 -26,03 22,81
46.17 -26,04 22,37
46.18 -26,04 22,06
46.20 -26,04 21,61
46.22 -26,05 21,17
46.23 -26,05 20,73
46.25 -26,05 20,43
46.27 -26,06 19,98
46.28 -26,06 19,53
46.30 -26,07 19,09
46.32 -26,21 18,79
46.33 -26,20 18,34
46.35 -26,20 17,90
46.37 -26,20 17,60
46.38 -26,20 17,15
46.40 -26,20 16,85
46.42 -26,20 16,41
46.43 -26,20 16,10
46.45 -26,21 15,65
46.47 -26,35 15,21
46.48 -26,34 14,91
46.50 -26,34 14,47
46.52 -26,34 14,18
46.53 -26,34 13,73
46.55 -26,35 13,29
46.57 -26,35 13,00
46.58 -26,36 12,69
46.60 -26,50 12,24
46.62 -26,50 11,94
46.63 -26,50 11,50
46.65 -26,50 11,20
46.67 -26,51 10,75
46.68 -26,65 10,45
46.70 -26,65 10,00
46.72 -26,65 9,56
46.73 -26,65 9,26
46.75 -26,66 8,81
46.77 -26,80 8,37
46.78 -26,80 8,07
46.80 -26,80 7,63
46.82 -26,81 7,33
46.83 -26,95 6,88
46.85 -26,95 6,44
46.87 -26,95 6,13
46.88 -26,95 5,69
46.90 -26,95 5,25
46.92 -26,96 4,94
46.93 -26,96 4,50
46.95 -27,10 4,20
46.97 -27,10 3,90
46.98 -27,09 3,45
47.00 -27,09 3,15
47.02 -27,09 2,85
47.03 -27,09 2,55
47.05 -27,10 2,10
47.07 -27,10 1,81
47.08 -27,24 1,51
47.10 -27,24 1,21
47.12 -27,23 0,90
47.13 -27,23 0,46
47.15 -27,22 0,17
47.17 -27,22 -0,13
47.18 -27,22 -0,43
47.20 -27,22 -0,73
47.22 -27,22 -1,03
47.23 -27,21 -1,33
47.25 -27,21 -1,63
47.27 -27,21 -1,93
47.28 -27,22 -2,23
47.30 -27,22 -2,53
47.32 -27,22 -2,84
47.33 -27,23 -3,14
47.35 -27,23 -3,44
47.37 -27,38 -3,74
47.38 -27,37 -4,04
47.40 -27,37 -4,34
47.42 -27,37 -4,64
47.43 -27,37 -4,94
47.45 -27,37 -5,23
47.47 -27,37 -5,52
47.48 -27,38 -5,82
47.50 -27,38 -5,97
47.52 -27,53 -6,27
47.53 -27,52 -6,56
47.55 -27,52 -6,71
47.57 -27,51 -7,01
47.58 -27,51 -7,30
47.60 -27,51 -7,59
47.62 -27,51 -7,74
47.63 -27,51 -8,04
47.65 -27,51 -8,34
47.67 -27,51 -8,48
47.68 -27,51 -8,33
47.70 -27,51 -8,18
47.72 -27,52 -7,88
47.73 -27,52 -7,74
47.75 -27,52 -7,59
47.77 -27,53 -7,44
47.78 -27,53 -7,15
47.80 -27,54 -7,00
47.82 -27,54 -6,86
47.83 -27,54 -6,71
47.85 -27,54 -6,71
47.87 -27,54 -6,57
47.88 -27,54 -6,57
47.90 -27,54 -6,57
47.92 -27,53 -6,71
47.93 -27,38 -6,86
47.95 -27,39 -7,16
47.97 -27,39 -7,45
47.98 -27,38 -7,75
48.00 -27,24 -7,89
48.02 -27,24 -7,59
48.03 -27,24 -7,44
48.05 -27,09 -7,44
48.07 -27,10 -7,43
48.08 -27,10 -7,43
48.10 -27,09 -7,57
48.12 -26,95 -7,43
48.13 -26,95 -7,43
48.15 -26,95 -7,43
48.17 -26,80 -7,57
48.18 -26,81 -7,57
48.20 -26,81 -7,57
48.22 -26,81 -7,57
48.23 -26,80 -7,43
48.25 -26,66 -7,43
48.27 -26,66 -7,58
48.28 -26,66 -7,58
48.30 -26,65 -7,58
48.32 -26,65 -7,58
48.33 -26,51 -7,58
48.35 -26,51 -7,44
48.37 -26,51 -7,44
48.38 -26,36 -7,44
48.40 -26,51 -7,29
48.42 -26,51 -7,15
48.43 -26,37 -7,15
48.45 -26,37 -7,00
48.47 -26,22 -6,85
48.48 -26,22 -6,70
48.50 -26,22 -6,56
48.52 -26,08 -6,41
48.53 -26,08 -6,27
48.55 -26,07 -6,12
48.57 -25,93 -5,97
48.58 -25,93 -5,83
48.60 -25,92 -5,67
48.62 -25,92 -5,52
48.63 -25,78 -5,23
48.65 -25,77 -5,09
48.67 -25,77 -4,94
48.68 -25,62 -4,79
48.70 -25,77 -4,50
48.72 -25,62 -4,35
48.73 -25,62 -4,06
48.75 -25,47 -3,91
48.77 -25,47 -3,61
48.78 -25,46 -3,32
48.80 -25,32 -3,17
48.82 -25,32 -2,87
48.83 -25,31 -2,57
48.85 -25,16 -2,27
48.87 -25,16 -1,97
48.88 -25,02 -1,68
48.90 -25,02 -1,38
48.92 -25,02 -1,07
48.93 -25,01 -0,63
48.95 -24,87 -0,33
48.97 -24,87 0,11
48.98 -24,87 0,41
49.00 -24,87 0,85
49.02 -24,86 1,15
49.03 -24,86 1,59
49.05 -24,85 2,04
49.07 -24,85 2,34
49.08 -24,84 2,79
49.10 -24,84 3,23
49.12 -24,85 3,53
49.13 -24,85 3,98
49.15 -25,00 4,43
49.17 -24,99 4,88
49.18 -25,00 5,32
49.20 -25,00 5,77
49.22 -25,15 6,22
49.23 -25,15 6,67
49.25 -25,30 7,26
49.27 -25,30 7,70
49.28 -25,44 8,15
49.30 -25,45 8,60
49.32 -25,59 9,19
49.33 -25,74 9,63
49.35 -25,74 10,09
49.37 -25,89 10,68
49.38 -26,03 11,13
49.40 -26,17 11,72
49.42 -26,18 12,16
49.43 -26,33 12,61
49.45 -26,48 13,21
49.47 -26,63 13,80
49.48 -26,77 14,25
49.50 -26,91 14,85
49.52 -26,92 15,44
49.53 -27,07 16,03
49.55 -27,23 16,63
49.57 -27,38 17,22
49.58 -27,53 17,81
49.60 -27,68 18,40
49.62 -27,82 19,00
49.63 -27,97 19,59
49.65 -27,97 20,04
49.67 -28,12 20,64
49.68 -28,26 21,23
49.70 -28,27 21,68
49.72 -28,41 22,28
49.73 -28,42 22,73
49.75 -28,57 23,32
49.77 -28,57 23,78
49.78 -28,58 24,23
49.80 -28,72 24,82
49.82 -28,73 25,27
49.83 -28,87 25,72
49.85 -28,87 26,17
49.87 -28,87 26,62
49.88 -28,88 27,07
49.90 -29,02 27,53
49.92 -29,02 27,98
49.93 -29,02 28,42
49.95 -29,02 28,87
49.97 -29,02 29,31
49.98 -29,03 29,61
50.00 -29,04 30,06
50.02 -29,04 30,36
50.03 -29,05 30,81
50.05 -29,05 31,25
50.07 -29,05 31,55
50.08 -28,91 31,99
50.10 -28,91 32,29
50.12 -28,91 32,59
50.13 -28,90 33,04
50.15 -28,76 33,34
50.17 -28,76 33,78
50.18 -28,76 34,08
50.20 -28,61 34,38
50.22 -28,61 34,82
50.23 -28,61 35,11
50.25 -28,47 35,42
50.27 -28,47 35,86
50.28 -28,47 36,16
50.30 -28,32 36,60
50.32 -28,32 36,90
50.33 -28,32 37,20
50.35 -28,18 37,64
50.37 -28,18 37,94
50.38 -28,18 38,24
50.40 -28,18 38,54
50.42 -28,18 38,84
50.43 -28,18 39,14
50.45 -28,17 39,43
50.47 -28,03 39,58
50.48 -28,03 39,88
50.50 -28,03 40,03
50.52 -28,03 40,32
50.53 -28,03 40,46
50.55 -27,88 40,61
50.57 -27,87 40,76
50.58 -27,73 40,91
50.60 -27,58 41,07
50.62 -27,43 41,22
50.63 -27,29 41,51
50.65 -27,15 41,66
50.67 -27,00 41,80
50.68 -26,86 41,95
50.70 -26,71 42,10
50.72 -26,57 42,40
50.73 -26,42 42,55
50.75 -26,28 42,84
50.77 -26,13 42,99
50.78 -25,99 43,30
50.80 -25,98 43,60
50.82 -25,83 44,04
50.83 -25,68 44,34
50.85 -25,68 44,78
50.87 -25,54 45,22
50.88 -25,54 45,52
50.90 -25,39 45,82
50.92 -25,39 46,12
50.93 -25,25 46,42
50.95 -25,11 46,57
50.97 -24,96 46,57
50.98 -24,67 46,58
51.00 -24,37 46,43
51.02 -24,07 46,29
51.03 -23,77 46,14
51.05 -23,33 45,84
51.07 -23,03 45,54
51.08 -22,74 45,25
51.10 -22,59 45,10
51.12 -22,29 44,80
51.13 -22,13 44,66
51.15 -21,84 44,51
51.17 -21,70 44,37
51.18 -21,55 44,36
51.20 -21,41 44,21
51.22 -21,26 44,21
51.23 -21,12 44,06
51.25 -20,97 43,92
51.27 -20,83 43,92
51.28 -20,82 43,77
51.30 -20,67 43,62
51.32 -20,53 43,47
51.33 -20,38 43,32
51.35 -20,24 43,02
51.37 -20,24 42,87
51.38 -20,08 42,57
51.40 -19,93 42,42
51.42 -19,78 42,12
51.43 -19,62 41,97
51.45 -19,33 41,81
51.47 -19,18 41,66
51.48 -19,03 41,37
51.50 -18,88 41,36
51.52 -18,59 41,21
51.53 -18,44 41,06
51.55 -18,15 40,91
51.57 -18,00 40,91
51.58 -17,70 40,76
51.60 -17,55 40,75
51.62 -17,40 40,75
51.63 -17,10 40,75
51.65 -16,95 40,76
51.67 -16,65 40,90
51.68 -16,36 40,90
51.70 -16,06 40,75
51.72 -15,77 40,75
51.73 -15,46 40,60
51.75 -15,02 40,45
51.77 -14,72 40,31
51.78 -14,41 40,31
51.80 -13,97 40,30
51.82 -13,68 40,16
51.83 -13,38 40,16
51.85 -13,09 40,15
51.87 -12,79 40,15
51.88 -12,49 40,15
51.90 -12,05 40,14
51.92 -11,46 40,14
51.93 -10,87 40,29
51.95 -10,27 40,29
51.97 -9,67 40,43
51.98 -9,07 40,72
52.00 -8,33 40,88
52.02 -7,73 41,18
52.03 -7,13 41,48
52.05 -6,53 41,78
52.07 -5,94 42,08
52.08 -5,35 42,53
52.10 -4,90 42,83
52.12 -4,30 43,28
52.13 -3,56 43,58
52.15 -2,96 43,88
52.17 -2,21 44,18
52.18 -1,47 44,62
52.20 -0,73 45,06
52.22 0,01 45,50
52.23 0,61 45,81
52.25 1,21 46,25
52.27 1,95 46,70
52.28 2,54 47,15
52.30 3,14 47,59
52.32 3,73 48,04
52.33 4,33 48,49
52.35 4,93 48,94
52.37 5,52 49,53
52.38 5,97 49,98
52.40 6,56 50,57
52.42 7,01 51,02
52.43 7,45 51,47
52.45 7,90 52,07
52.47 8,35 52,52
52.48 8,95 53,11
52.50 9,39 53,41
52.52 9,84 53,71
52.53 10,44 54,00
52.55 10,89 54,01
52.57 11,34 54,16
52.58 11,79 54,16
52.60 12,23 54,30
52.62 12,53 54,16
52.63 12,82 54,02
52.65 12,97 53,87
52.67 13,27 53,71
52.68 13,42 53,42
52.70 13,71 53,12
52.72 13,86 52,82
52.73 14,01 52,52
52.75 14,16 52,21
52.77 14,46 51,91
52.78 14,76 51,61
52.80 15,06 51,17
52.82 15,37 50,87
52.83 15,81 50,57
52.85 16,26 50,27
52.87 16,70 49,83
52.88 17,14 49,52
52.90 17,59 49,08
52.92 18,03 48,63
52.93 18,48 48,19
52.95 18,93 47,75
52.97 19,38 47,30
52.98 19,97 46,85
53.00 20,42 46,40
53.02 21,01 45,95
53.03 21,46 45,51
53.05 22,05 45,20
53.07 22,50 44,90
53.08 23,10 44,75
53.10 23,69 44,45
53.12 24,29 44,16
53.13 24,88 43,86
53.15 25,33 43,71
53.17 25,93 43,70
53.18 26,38 43,55
53.20 26,98 43,41
53.22 27,57 43,42
53.23 28,17 43,27
53.25 28,76 43,27
53.27 29,51 43,12
53.28 30,10 42,97
53.30 30,69 42,81
53.32 31,29 42,67
53.33 31,74 42,51
53.35 32,33 42,21
53.37 32,63 42,05
53.38 33,08 41,76
53.40 33,38 41,61
53.42 33,82 41,31
53.43 34,12 41,17
53.45 34,27 41,02
53.47 34,57 40,87
53.48 34,86 40,72
53.50 35,01 40,72
53.52 35,46 40,57
53.53 35,76 40,73
53.55 36,05 41,02
53.57 36,35 41,17
53.58 36,79 41,47
53.60 37,09 41,77
53.62 37,39 42,06
53.63 37,69 42,21
53.65 37,99 42,36
53.67 38,29 42,50
53.68 38,58 42,51
53.70 39,03 42,65
53.72 39,33 42,65
53.73 39,63 42,65
53.75 39,78 42,64
53.77 40,08 42,64
53.78 40,37 42,63
