#Kinovea Trajectory data export
#T X Y

# Trajectory 1
0.00 -83,92 10,60
0.02 -83,92 10,60
0.03 -83,80 10,85
0.05 -83,67 10,97
0.07 -83,43 11,10
0.08 -83,30 11,22
0.10 -83,18 11,34
0.12 -83,05 11,34
0.13 -82,81 11,34
0.15 -82,68 11,35
0.17 -82,56 11,35
0.18 -82,44 11,35
0.20 -82,19 11,35
0.22 -81,94 11,35
0.23 -81,69 11,34
0.25 -81,45 11,35
0.27 -81,08 11,47
0.28 -80,71 11,47
0.30 -80,46 11,59
0.32 -80,09 11,59
0.33 -79,84 11,72
0.35 -79,35 11,84
0.37 -78,98 12,09
0.38 -78,48 12,21
0.40 -77,99 12,33
0.42 -77,37 12,45
0.43 -76,88 12,58
0.45 -76,26 12,82
0.47 -75,52 13,07
0.48 -74,90 13,19
0.50 -74,15 13,32
0.52 -73,41 13,56
0.53 -72,67 13,69
0.55 -71,93 13,81
0.57 -71,19 14,06
0.58 -70,57 14,18
0.60 -69,83 14,18
0.62 -69,21 14,18
0.63 -68,47 14,30
0.65 -67,85 14,30
0.67 -67,23 14,42
0.68 -66,61 14,54
0.70 -66,00 14,55
0.72 -65,38 14,67
0.73 -64,88 14,67
0.75 -64,39 14,67
0.77 -63,90 14,68
0.78 -63,53 14,68
0.80 -63,16 14,67
0.82 -62,78 14,55
0.83 -62,29 14,55
0.85 -61,92 14,43
0.87 -61,43 14,31
0.88 -61,05 14,18
0.90 -60,68 13,93
0.92 -60,19 13,56
0.93 -59,82 13,32
0.95 -59,32 12,95
0.97 -58,83 12,58
0.98 -58,21 12,21
1.00 -57,71 11,84
1.02 -57,10 11,34
1.03 -56,48 10,72
1.05 -55,99 10,23
1.07 -55,37 9,74
1.08 -54,63 9,25
1.10 -54,01 8,76
1.12 -53,27 8,38
1.13 -52,65 8,01
1.15 -51,91 7,52
1.17 -51,17 7,15
1.18 -50,42 6,90
1.20 -49,68 6,66
1.22 -48,94 6,41
1.23 -48,08 6,29
1.25 -47,33 6,16
1.27 -46,59 6,04
1.28 -45,85 6,04
1.30 -45,11 5,92
1.32 -44,36 5,92
1.33 -43,50 5,92
1.35 -42,76 5,92
1.37 -42,14 6,05
1.38 -41,40 6,05
1.40 -40,78 6,17
1.42 -40,16 6,16
1.43 -39,67 6,17
1.45 -39,17 6,17
1.47 -38,55 6,17
1.48 -38,06 6,17
1.50 -37,57 6,18
1.52 -37,07 6,18
1.53 -36,58 6,18
1.55 -36,09 6,19
1.57 -35,71 6,31
1.58 -35,22 6,31
1.60 -34,85 6,43
1.62 -34,35 6,67
1.63 -33,98 6,80
1.65 -33,61 6,92
1.67 -33,24 7,17
1.68 -32,87 7,42
1.70 -32,51 7,79
1.72 -32,14 8,16
1.73 -31,77 8,53
1.75 -31,40 8,90
1.77 -31,03 9,27
1.78 -30,78 9,76
1.80 -30,41 10,13
1.82 -30,16 10,62
1.83 -29,79 10,99
1.85 -29,55 11,37
1.87 -29,30 11,86
1.88 -29,06 12,23
1.90 -28,93 12,60
1.92 -28,69 12,85
1.93 -28,56 13,22
1.95 -28,44 13,47
1.97 -28,32 13,83
1.98 -28,19 14,08
2.00 -28,19 14,32
2.02 -28,07 14,45
2.03 -28,07 14,70
2.05 -28,07 14,94
2.07 -27,94 15,06
2.08 -27,94 15,19
2.10 -27,95 15,32
2.12 -27,95 15,44
2.13 -28,07 15,44
2.15 -28,19 15,44
2.17 -28,32 15,44
2.18 -28,44 15,32
2.20 -28,57 15,20
2.22 -28,69 15,07
2.23 -28,82 14,83
2.25 -28,94 14,58
2.27 -28,94 14,33
2.28 -28,94 14,08
2.30 -28,94 13,71
2.32 -28,94 13,35
2.33 -28,94 13,10
2.35 -28,82 12,73
2.37 -28,82 12,36
2.38 -28,69 12,11
2.40 -28,70 11,86
2.42 -28,70 11,61
2.43 -28,69 11,36
2.45 -28,69 10,99
2.47 -28,69 10,87
2.48 -28,70 10,62
2.50 -28,69 10,49
2.52 -28,69 10,37
2.53 -28,69 10,24
2.55 -28,69 10,12
2.57 -28,57 9,99
2.58 -28,56 9,87
2.60 -28,44 9,87
2.62 -28,44 9,75
2.63 -28,31 9,75
2.65 -28,19 9,74
2.67 -28,06 9,74
2.68 -27,94 9,62
2.70 -27,69 9,63
2.72 -27,56 9,63
2.73 -27,44 9,63
2.75 -27,19 9,64
2.77 -26,94 9,64
2.78 -26,70 9,64
2.80 -26,45 9,64
2.82 -26,20 9,64
2.83 -25,83 9,64
2.85 -25,58 9,76
2.87 -25,34 9,88
2.88 -25,09 9,88
2.90 -24,97 10,13
2.92 -24,72 10,25
2.93 -24,60 10,38
2.95 -24,48 10,63
2.97 -24,36 10,76
2.98 -24,23 10,88
3.00 -24,23 11,01
3.02 -24,11 11,13
3.03 -24,11 11,26
3.05 -23,99 11,26
3.07 -23,86 11,51
3.08 -23,74 11,63
3.10 -23,62 11,87
3.12 -23,50 11,99
3.13 -23,38 12,11
3.15 -23,26 12,24
3.17 -23,13 12,36
3.18 -23,01 12,36
3.20 -22,89 12,48
3.22 -22,89 12,48
3.23 -22,89 12,60
3.25 -22,77 12,60
3.27 -22,77 12,61
3.28 -22,77 12,61
3.30 -22,77 12,73
3.32 -22,77 12,73
3.33 -22,90 12,72
3.35 -22,89 12,72
3.37 -22,89 12,60
3.38 -22,89 12,60
3.40 -22,90 12,48
3.42 -22,90 12,35
3.43 -22,90 12,23
3.45 -22,78 12,11
3.47 -22,78 11,99
3.48 -22,78 11,87
3.50 -22,78 11,86
3.52 -22,90 11,74
3.53 -22,91 11,61
3.55 -22,91 11,61
3.57 -22,91 11,49
3.58 -22,91 11,49
3.60 -22,91 11,49
3.62 -22,79 11,37
3.63 -22,66 11,24
3.65 -22,54 11,12
3.67 -22,29 10,87
3.68 -22,05 10,63
3.70 -21,92 10,51
3.72 -21,68 10,39
3.73 -21,56 10,26
3.75 -21,56 10,14
3.77 -21,56 10,01
3.78 -21,56 9,88
3.80 -21,68 9,76
3.82 -21,68 9,76
3.83 -21,68 9,64
3.85 -21,68 9,64
3.87 -21,67 9,64
3.88 -21,67 9,64
3.90 -21,67 9,64
3.92 -21,67 9,52
3.93 -21,80 9,52
3.95 -21,79 9,51
3.97 -21,79 9,39
3.98 -21,79 9,40
4.00 -21,80 9,40
4.02 -21,80 9,40
4.03 -21,80 9,40
4.05 -21,80 9,52
4.07 -21,80 9,52
4.08 -21,80 9,52
4.10 -21,92 9,65
4.12 -21,92 9,65
4.13 -21,92 9,65
4.15 -21,92 9,77
4.17 -21,92 9,90
4.18 -22,05 10,02
4.20 -22,05 10,02
4.22 -22,04 10,14
4.23 -22,04 10,27
4.25 -21,92 10,39
4.27 -21,92 10,39
4.28 -21,92 10,39
4.30 -21,80 10,52
4.32 -21,67 10,39
4.33 -21,55 10,51
4.35 -21,43 10,39
4.37 -21,43 10,27
4.38 -21,30 10,27
4.40 -21,18 10,15
4.42 -21,06 10,14
4.43 -20,94 10,02
4.45 -20,82 10,02
4.47 -20,70 9,90
4.48 -20,57 9,90
4.50 -20,45 10,02
4.52 -20,33 10,02
4.53 -20,33 10,14
4.55 -20,20 10,27
4.57 -20,08 10,27
4.58 -20,08 10,27
4.60 -19,96 10,27
4.62 -19,96 10,39
4.63 -19,96 10,38
4.65 -19,96 10,38
4.67 -19,96 10,26
4.68 -19,84 10,26
4.70 -19,96 10,26
4.72 -19,96 10,26
4.73 -19,96 10,14
4.75 -19,96 10,14
4.77 -19,95 10,02
4.78 -19,96 10,02
4.80 -19,96 9,90
4.82 -20,08 10,02
4.83 -20,08 10,01
4.85 -20,21 10,01
4.87 -20,21 9,89
4.88 -20,33 9,89
4.90 -20,33 9,89
4.92 -20,46 9,89
4.93 -20,58 9,89
4.95 -20,58 9,89
4.97 -20,70 9,89
4.98 -20,83 9,89
5.00 -20,95 9,90
5.02 -21,07 10,02
5.03 -21,07 10,02
5.05 -21,19 10,14
5.07 -21,19 10,26
5.08 -21,20 10,27
5.10 -21,20 10,39
5.12 -21,20 10,51
5.13 -21,20 10,51
5.15 -21,08 10,51
5.17 -21,07 10,39
5.18 -20,95 10,26
5.20 -20,82 10,14
5.22 -20,70 9,89
5.23 -20,45 9,64
5.25 -20,33 9,52
5.27 -20,20 9,27
5.28 -19,96 9,02
5.30 -19,84 8,90
5.32 -19,71 8,78
5.33 -19,59 8,78
5.35 -19,47 8,78
5.37 -19,46 8,78
5.38 -19,34 8,90
5.40 -19,34 8,90
5.42 -19,34 9,02
5.43 -19,22 9,03
5.45 -19,22 9,15
5.47 -19,22 9,15
5.48 -19,10 9,15
5.50 -19,10 9,15
5.52 -19,10 9,15
5.53 -19,11 9,03
5.55 -19,11 9,03
5.57 -19,11 8,91
5.58 -19,24 8,78
5.60 -19,24 8,66
5.62 -19,36 8,54
5.63 -19,36 8,54
5.65 -19,49 8,41
5.67 -19,61 8,41
5.68 -19,61 8,41
5.70 -19,73 8,41
5.72 -19,85 8,41
5.73 -19,86 8,40
5.75 -19,98 8,40
5.77 -20,10 8,41
5.78 -20,23 8,41
5.80 -20,35 8,53
5.82 -20,47 8,53
5.83 -20,59 8,52
5.85 -20,60 8,52
5.87 -20,72 8,52
5.88 -20,84 8,40
5.90 -20,85 8,40
5.92 -20,97 8,40
5.93 -20,97 8,39
5.95 -20,97 8,27
5.97 -21,09 8,39
5.98 -21,09 8,39
6.00 -21,09 8,39
6.02 -21,09 8,38
6.03 -21,09 8,38
6.05 -21,09 8,39
6.07 -21,09 8,39
6.08 -21,10 8,51
6.10 -21,09 8,51
6.12 -21,09 8,52
6.13 -21,09 8,64
6.15 -21,09 8,64
6.17 -20,97 8,64
6.18 -20,97 8,64
6.20 -20,97 8,76
6.22 -20,97 8,76
6.23 -20,97 8,76
6.25 -20,97 8,76
6.27 -20,96 8,76
6.28 -20,96 8,77
6.30 -20,96 8,89
6.32 -20,84 8,89
6.33 -20,84 8,89
6.35 -20,85 8,89
6.37 -20,85 8,89
6.38 -20,85 8,89
6.40 -20,85 8,89
6.42 -20,85 9,01
6.43 -20,85 9,01
6.45 -20,85 9,01
6.47 -20,84 9,01
6.48 -20,84 9,02
6.50 -20,72 9,02
6.52 -20,72 9,02
6.53 -20,73 9,03
6.55 -20,73 9,15
6.57 -20,73 9,14
6.58 -20,73 9,14
6.60 -20,73 9,14
6.62 -20,73 9,13
6.63 -20,73 9,13
6.65 -20,73 9,01
6.67 -20,73 9,01
6.68 -20,61 9,02
6.70 -20,61 9,02
6.72 -20,61 9,01
6.73 -20,61 9,01
6.75 -20,62 9,01
6.77 -20,62 9,01
6.78 -20,62 9,01
6.80 -20,61 9,01
6.82 -20,49 9,13
6.83 -20,49 9,13
6.85 -20,37 9,13
6.87 -20,37 9,26
6.88 -20,37 9,26
6.90 -20,37 9,38
6.92 -20,37 9,50
6.93 -20,25 9,50
6.95 -20,25 9,63
6.97 -20,25 9,63
6.98 -20,25 9,75
7.00 -20,13 9,75
7.02 -20,13 9,87
7.03 -20,13 9,87
7.05 -20,13 9,87
7.07 -20,01 9,99
7.08 -20,01 9,99
7.10 -19,89 9,99
7.12 -19,89 9,99
7.13 -19,89 10,00
7.15 -19,76 10,00
7.17 -19,76 10,00
7.18 -19,64 10,01
7.20 -19,64 10,01
7.22 -19,51 10,02
7.23 -19,39 10,02
7.25 -19,27 10,02
7.27 -19,15 10,02
7.28 -19,14 9,90
7.30 -19,02 9,90
7.32 -18,90 10,02
7.33 -18,78 10,01
7.35 -18,65 10,01
7.37 -18,65 10,01
7.38 -18,53 10,01
7.40 -18,41 10,00
7.42 -18,40 10,00
7.43 -18,28 10,00
7.45 -18,28 10,00
7.47 -18,16 10,00
7.48 -18,15 10,00
7.50 -18,03 10,00
7.52 -18,03 10,00
7.53 -17,91 10,00
7.55 -17,91 10,00
7.57 -17,91 10,01
7.58 -17,78 10,01
7.60 -17,78 10,02
7.62 -17,78 10,02
7.63 -17,78 10,02
7.65 -17,66 9,90
7.67 -17,66 9,90
7.68 -17,66 9,78
7.70 -17,66 9,65
7.72 -17,66 9,77
7.73 -17,66 9,65
7.75 -17,66 9,65
7.77 -17,54 9,53
7.78 -17,54 9,53
7.80 -17,54 9,53
7.82 -17,54 9,53
7.83 -17,54 9,53
7.85 -17,54 9,53
7.87 -17,54 9,53
7.88 -17,54 9,53
7.90 -17,54 9,53
7.92 -17,53 9,53
7.93 -17,41 9,41
7.95 -17,53 9,40
7.97 -17,41 9,40
7.98 -17,41 9,28
8.00 -17,41 9,04
8.02 -17,41 8,92
8.03 -17,29 8,80
8.05 -17,29 8,68
8.07 -17,29 8,56
8.08 -17,17 8,43
8.10 -17,17 8,30
8.12 -17,04 8,06
8.13 -16,92 7,94
8.15 -16,92 7,81
8.17 -16,79 7,57
8.18 -16,67 7,44
8.20 -16,54 7,32
8.22 -16,42 7,20
8.23 -16,30 7,07
8.25 -16,17 6,83
8.27 -16,05 6,70
8.28 -15,80 6,58
8.30 -15,68 6,46
8.32 -15,56 6,33
8.33 -15,43 6,08
8.35 -15,31 5,96
8.37 -15,18 5,83
8.38 -14,94 5,59
8.40 -14,82 5,34
8.42 -14,69 5,10
8.43 -14,57 4,97
8.45 -14,45 4,73
8.47 -14,32 4,48
8.48 -14,08 4,36
8.50 -13,95 4,11
8.52 -13,83 3,86
8.53 -13,71 3,62
8.55 -13,59 3,37
8.57 -13,46 3,25
8.58 -13,34 3,00
8.60 -13,22 2,88
8.62 -13,09 2,63
8.63 -12,97 2,38
8.65 -12,85 2,14
8.67 -12,73 2,02
8.68 -12,61 1,77
8.70 -12,60 1,52
8.72 -12,48 1,28
8.73 -12,36 1,03
8.75 -12,23 0,79
8.77 -12,11 0,54
8.78 -12,11 0,29
8.80 -12,11 0,04
8.82 -11,99 -0,33
8.83 -11,98 -0,58
8.85 -11,86 -0,95
8.87 -11,86 -1,20
8.88 -11,74 -1,57
8.90 -11,74 -1,93
8.92 -11,73 -2,18
8.93 -11,61 -2,55
8.95 -11,61 -2,92
8.97 -11,61 -3,17
8.98 -11,61 -3,54
9.00 -11,49 -3,91
9.02 -11,49 -4,28
9.03 -11,49 -4,65
9.05 -11,49 -4,90
9.07 -11,50 -5,27
9.08 -11,50 -5,64
9.10 -11,62 -6,01
9.12 -11,62 -6,38
9.13 -11,62 -6,75
9.15 -11,62 -7,11
9.17 -11,74 -7,36
9.18 -11,75 -7,74
9.20 -11,87 -8,11
9.22 -11,87 -8,60
9.23 -11,99 -8,97
9.25 -11,99 -9,34
9.27 -12,11 -9,72
9.28 -12,11 -10,21
9.30 -12,23 -10,58
9.32 -12,23 -11,07
9.33 -12,36 -11,44
9.35 -12,48 -11,82
9.37 -12,48 -12,31
9.38 -12,60 -12,81
9.40 -12,60 -13,30
9.42 -12,60 -13,67
9.43 -12,73 -14,16
9.45 -12,73 -14,66
9.47 -12,73 -15,15
9.48 -12,85 -15,52
9.50 -12,85 -16,02
9.52 -12,85 -16,51
9.53 -12,85 -17,01
9.55 -12,97 -17,50
9.57 -12,97 -17,99
9.58 -12,97 -18,49
9.60 -12,97 -18,99
9.62 -12,97 -19,60
9.63 -12,97 -20,10
9.65 -12,98 -20,59
9.67 -12,98 -21,08
9.68 -12,98 -21,58
9.70 -12,98 -22,07
9.72 -12,98 -22,57
9.73 -12,98 -23,18
9.75 -12,98 -23,68
9.77 -12,98 -24,17
9.78 -12,86 -24,66
9.80 -12,86 -25,16
9.82 -12,86 -25,66
9.83 -12,86 -26,15
9.85 -12,73 -26,65
9.87 -12,73 -27,14
9.88 -12,61 -27,63
9.90 -12,61 -28,13
9.92 -12,61 -28,62
9.93 -12,49 -29,12
9.95 -12,37 -29,61
9.97 -12,37 -30,10
9.98 -12,36 -30,47
10.00 -12,24 -30,97
10.02 -12,12 -31,46
10.03 -12,12 -31,96
10.05 -12,00 -32,45
10.07 -11,99 -32,82
10.08 -11,87 -33,32
10.10 -11,87 -33,69
10.12 -11,87 -34,18
10.13 -11,75 -34,55
10.15 -11,75 -35,05
10.17 -11,62 -35,42
10.18 -11,62 -35,91
10.20 -11,62 -36,28
10.22 -11,50 -36,78
10.23 -11,50 -37,15
10.25 -11,50 -37,64
10.27 -11,38 -38,02
10.28 -11,38 -38,39
10.30 -11,38 -38,88
10.32 -11,38 -39,25
10.33 -11,25 -39,74
10.35 -11,25 -40,11
10.37 -11,25 -40,48
10.38 -11,25 -40,85
10.40 -11,25 -41,22
10.42 -11,25 -41,47
10.43 -11,25 -41,84
10.45 -11,37 -42,21
10.47 -11,38 -42,46
10.48 -11,38 -42,83
10.50 -11,38 -43,08
10.52 -11,50 -43,33
10.53 -11,50 -43,57
10.55 -11,50 -43,82
10.57 -11,62 -44,07
10.58 -11,62 -44,32
10.60 -11,75 -44,57
10.62 -11,75 -44,81
10.63 -11,87 -45,06
10.65 -11,87 -45,30
10.67 -11,99 -45,43
10.68 -11,99 -45,68
10.70 -12,12 -45,93
10.72 -12,12 -46,17
10.73 -12,24 -46,41
10.75 -12,24 -46,54
10.77 -12,37 -46,79
10.78 -12,37 -46,79
10.80 -12,49 -46,67
10.82 -12,61 -46,54
10.83 -12,61 -46,29
10.85 -12,61 -46,05
10.87 -12,61 -45,93
10.88 -12,74 -45,93
10.90 -12,74 -45,93
10.92 -12,74 -45,93
10.93 -12,86 -45,92
10.95 -12,86 -45,80
10.97 -12,98 -45,67
10.98 -12,98 -45,54
11.00 -13,11 -45,30
11.02 -13,23 -45,18
11.03 -13,23 -44,93
11.05 -13,35 -44,68
11.07 -13,48 -44,43
11.08 -13,60 -44,06
11.10 -13,72 -43,69
11.12 -13,85 -43,32
11.13 -13,97 -42,95
11.15 -14,09 -42,45
11.17 -14,21 -42,08
11.18 -14,34 -41,58
11.20 -14,46 -41,09
11.22 -14,58 -40,59
11.23 -14,71 -39,98
11.25 -14,83 -39,48
11.27 -14,96 -38,86
11.28 -15,08 -38,25
11.30 -15,20 -37,63
11.32 -15,33 -37,01
11.33 -15,45 -36,27
11.35 -15,57 -35,65
11.37 -15,57 -34,91
11.38 -15,70 -34,29
11.40 -15,82 -33,55
11.42 -15,82 -32,80
11.43 -15,82 -32,06
11.45 -15,95 -31,32
11.47 -16,07 -30,45
11.48 -16,07 -29,71
11.50 -16,07 -28,85
11.52 -16,19 -27,98
11.53 -16,19 -27,11
11.55 -16,32 -26,25
11.57 -16,32 -25,26
11.58 -16,44 -24,39
11.60 -16,44 -23,41
11.62 -16,56 -22,42
11.63 -16,56 -21,43
11.65 -16,56 -20,44
11.67 -16,69 -19,45
11.68 -16,69 -18,46
11.70 -16,81 -17,35
11.72 -16,93 -16,24
11.73 -16,93 -15,25
11.75 -17,06 -14,13
11.77 -17,18 -13,02
11.78 -17,30 -11,91
11.80 -17,42 -10,80
11.82 -17,55 -9,69
11.83 -17,67 -8,57
11.85 -17,79 -7,34
11.87 -17,91 -6,22
11.88 -18,04 -4,99
11.90 -18,16 -3,88
11.92 -18,29 -2,77
11.93 -18,53 -1,65
11.95 -18,66 -0,54
11.97 -18,79 0,45
11.98 -19,03 1,56
12.00 -19,15 2,55
12.02 -19,28 3,54
12.03 -19,40 4,65
12.05 -19,53 5,52
12.07 -19,78 6,51
12.08 -19,90 7,37
12.10 -20,02 8,11
12.12 -20,15 8,85
12.13 -20,27 9,35
12.15 -20,27 9,97
12.17 -20,40 10,34
12.18 -20,52 10,71
12.20 -20,52 10,96
12.22 -20,76 11,08
12.23 -20,89 11,08
12.25 -21,01 11,08
12.27 -21,26 11,08
12.28 -21,50 10,96
12.30 -21,63 10,83
12.32 -21,75 10,71
12.33 -21,88 10,59
12.35 -21,88 10,59
12.37 -22,00 10,58
12.38 -21,99 10,47
12.40 -21,99 10,59
12.42 -21,99 10,58
12.43 -21,87 10,58
12.45 -21,87 10,58
12.47 -21,87 10,59
12.48 -21,86 10,59
12.50 -21,86 10,59
12.52 -21,86 10,59
12.53 -21,86 10,46
12.55 -21,86 10,34
12.57 -21,98 10,23
12.58 -21,98 10,10
12.60 -21,98 9,98
12.62 -21,98 9,73
12.63 -21,99 9,61
12.65 -21,99 9,36
12.67 -21,99 9,12
12.68 -21,99 8,88
12.70 -21,99 8,63
12.72 -21,98 8,39
12.73 -21,86 8,15
12.75 -21,86 7,90
12.77 -21,74 7,65
12.78 -21,73 7,40
12.80 -21,61 7,03
12.82 -21,49 6,78
12.83 -21,49 6,41
12.85 -21,36 6,05
12.87 -21,24 5,80
12.88 -21,24 5,43
12.90 -21,12 5,06
12.92 -20,99 4,68
12.93 -20,75 4,19
12.95 -20,63 3,82
12.97 -20,50 3,33
12.98 -20,38 2,84
13.00 -20,26 2,34
13.02 -20,13 1,85
13.03 -20,01 1,36
13.05 -19,88 0,87
13.07 -19,64 0,38
13.08 -19,52 -0,23
13.10 -19,39 -0,73
13.12 -19,27 -1,22
13.13 -19,15 -1,72
13.15 -19,03 -2,21
13.17 -18,90 -2,71
13.18 -18,78 -3,21
13.20 -18,66 -3,70
13.22 -18,54 -4,20
13.23 -18,41 -4,57
13.25 -18,41 -5,06
13.27 -18,29 -5,56
13.28 -18,17 -6,17
13.30 -18,16 -6,67
13.32 -17,92 -7,28
13.33 -17,92 -7,90
13.35 -17,79 -8,39
13.37 -17,67 -8,89
13.38 -17,55 -9,51
13.40 -17,42 -10,13
13.42 -17,42 -10,75
13.43 -17,30 -11,24
13.45 -17,17 -11,86
13.47 -17,05 -12,48
13.48 -16,92 -13,10
13.50 -16,80 -13,71
13.52 -16,68 -14,33
13.53 -16,68 -14,95
13.55 -16,56 -15,57
13.57 -16,55 -16,06
13.58 -16,43 -16,68
13.60 -16,31 -17,30
13.62 -16,31 -17,92
13.63 -16,18 -18,66
13.65 -16,06 -19,28
13.67 -15,94 -19,89
13.68 -15,94 -20,63
13.70 -15,81 -21,25
13.72 -15,69 -21,87
13.73 -15,69 -22,48
13.75 -15,57 -23,10
13.77 -15,57 -23,72
13.78 -15,44 -24,34
13.80 -15,44 -24,96
13.82 -15,32 -25,57
13.83 -15,32 -26,07
13.85 -15,19 -26,69
13.87 -15,07 -27,31
13.88 -15,07 -27,92
13.90 -14,95 -28,42
13.92 -14,95 -28,91
13.93 -14,95 -29,41
13.95 -14,82 -29,90
13.97 -14,82 -30,40
13.98 -14,82 -30,89
14.00 -14,70 -31,39
14.02 -14,70 -31,88
14.03 -14,70 -32,26
14.05 -14,70 -32,63
14.07 -14,70 -32,88
14.08 -14,57 -33,37
14.10 -14,58 -33,74
14.12 -14,58 -34,12
14.13 -14,58 -34,61
14.15 -14,58 -34,86
14.17 -14,58 -35,23
14.18 -14,58 -35,60
14.20 -14,58 -35,85
14.22 -14,58 -36,34
14.23 -14,58 -36,59
14.25 -14,58 -36,96
14.27 -14,58 -37,33
14.28 -14,58 -37,70
14.30 -14,58 -38,07
14.32 -14,58 -38,32
14.33 -14,58 -38,69
14.35 -14,58 -38,94
14.37 -14,58 -39,31
14.38 -14,71 -39,55
14.40 -14,71 -39,92
14.42 -14,70 -40,17
14.43 -14,70 -40,42
14.45 -14,70 -40,67
14.47 -14,70 -40,92
14.48 -14,70 -41,16
14.50 -14,70 -41,41
14.52 -14,70 -41,66
14.53 -14,70 -41,91
14.55 -14,70 -42,16
14.57 -14,70 -42,41
14.58 -14,70 -42,65
14.60 -14,58 -42,90
14.62 -14,58 -43,15
14.63 -14,58 -43,39
14.65 -14,45 -43,51
14.67 -14,45 -43,76
14.68 -14,45 -44,01
14.70 -14,33 -44,26
14.72 -14,33 -44,51
14.73 -14,33 -44,76
14.75 -14,21 -45,01
14.77 -14,08 -45,38
14.78 -14,08 -45,62
14.80 -13,96 -45,74
14.82 -13,96 -45,99
14.83 -13,83 -46,12
14.85 -13,71 -46,36
14.87 -13,59 -46,48
14.88 -13,59 -46,60
14.90 -13,47 -46,61
14.92 -13,47 -46,61
14.93 -13,34 -46,61
14.95 -13,22 -46,61
14.97 -13,22 -46,48
14.98 -13,10 -46,36
15.00 -13,09 -46,11
15.02 -12,97 -45,99
15.03 -12,97 -45,74
15.05 -12,85 -45,49
15.07 -12,85 -45,12
15.08 -12,72 -44,75
15.10 -12,72 -44,38
15.12 -12,72 -44,01
15.13 -12,72 -43,64
15.15 -12,72 -43,15
15.17 -12,72 -42,78
15.18 -12,72 -42,28
15.20 -12,72 -41,91
15.22 -12,73 -41,41
15.23 -12,73 -40,80
15.25 -12,85 -40,30
15.27 -12,85 -39,68
15.28 -12,85 -39,06
15.30 -12,85 -38,45
15.32 -12,97 -37,83
15.33 -12,97 -37,21
15.35 -12,97 -36,59
15.37 -12,97 -35,97
15.38 -12,97 -35,23
15.40 -13,10 -34,49
15.42 -13,10 -33,87
15.43 -13,10 -33,13
15.45 -13,22 -32,39
15.47 -13,22 -31,65
15.48 -13,34 -30,91
15.50 -13,34 -30,16
15.52 -13,35 -29,42
15.53 -13,47 -28,56
15.55 -13,47 -27,82
15.57 -13,59 -27,07
15.58 -13,60 -26,21
15.60 -13,72 -25,34
15.62 -13,72 -24,48
15.63 -13,84 -23,62
15.65 -13,84 -22,75
15.67 -13,97 -21,89
15.68 -13,97 -21,02
15.70 -13,97 -20,03
15.72 -13,97 -19,05
15.73 -14,09 -18,18
15.75 -14,09 -17,19
15.77 -14,09 -16,20
15.78 -14,21 -15,21
15.80 -14,21 -14,22
15.82 -14,34 -13,11
15.83 -14,34 -12,12
15.85 -14,34 -11,13
15.87 -14,46 -10,02
15.88 -14,46 -8,91
15.90 -14,58 -7,92
15.92 -14,58 -6,81
15.93 -14,71 -5,70
15.95 -14,71 -4,71
15.97 -14,83 -3,72
15.98 -14,96 -2,61
16.00 -14,96 -1,62
16.02 -15,08 -0,63
16.03 -15,21 0,37
16.05 -15,33 1,35
16.07 -15,45 2,22
16.08 -15,58 3,21
16.10 -15,70 4,07
16.12 -15,95 4,94
16.13 -16,07 5,68
16.15 -16,19 6,42
16.17 -16,44 7,16
16.18 -16,56 7,78
16.20 -16,81 8,40
16.22 -16,93 8,89
16.23 -17,18 9,27
16.25 -17,30 9,52
16.27 -17,55 9,76
16.28 -17,67 9,89
16.30 -17,92 9,89
16.32 -18,16 9,89
16.33 -18,41 9,89
16.35 -18,66 9,76
16.37 -19,03 9,64
16.38 -19,28 9,52
16.40 -19,52 9,40
16.42 -19,77 9,40
16.43 -20,02 9,40
16.45 -20,14 9,40
16.47 -20,26 9,39
16.48 -20,26 9,39
16.50 -20,39 9,39
16.52 -20,38 9,40
16.53 -20,39 9,52
16.55 -20,39 9,51
16.57 -20,51 9,39
16.58 -20,51 9,40
16.60 -20,63 9,40
16.62 -20,63 9,27
16.63 -20,63 9,15
16.65 -20,76 9,03
16.67 -20,76 8,91
16.68 -20,76 8,78
16.70 -20,76 8,54
16.72 -20,76 8,29
16.73 -20,88 8,17
16.75 -20,76 8,04
16.77 -20,76 7,80
16.78 -20,76 7,55
16.80 -20,76 7,19
16.82 -20,76 6,94
16.83 -20,64 6,70
16.85 -20,64 6,45
16.87 -20,64 6,08
16.88 -20,51 5,84
16.90 -20,51 5,47
16.92 -20,39 5,10
16.93 -20,26 4,73
16.95 -20,26 4,36
16.97 -20,14 3,99
16.98 -20,01 3,50
17.00 -19,89 3,13
17.02 -19,77 2,64
17.03 -19,77 2,26
17.05 -19,65 1,77
17.07 -19,64 1,28
17.08 -19,52 0,79
17.10 -19,40 0,30
17.12 -19,27 -0,19
17.13 -19,15 -0,57
17.15 -19,03 -1,06
17.17 -19,02 -1,56
17.18 -18,90 -2,06
17.20 -18,90 -2,55
17.22 -18,77 -3,04
17.23 -18,65 -3,54
17.25 -18,65 -4,03
17.27 -18,53 -4,52
17.28 -18,53 -5,02
17.30 -18,40 -5,64
17.32 -18,40 -6,13
17.33 -18,28 -6,75
17.35 -18,28 -7,36
17.37 -18,16 -7,86
17.38 -18,15 -8,48
17.40 -18,15 -9,22
17.42 -18,15 -9,84
17.43 -18,03 -10,45
17.45 -18,03 -11,07
17.47 -18,03 -11,69
17.48 -18,03 -12,31
17.50 -17,90 -12,93
17.52 -17,90 -13,67
17.53 -17,90 -14,28
17.55 -17,78 -14,90
17.57 -17,78 -15,52
17.58 -17,78 -16,26
17.60 -17,66 -16,88
17.62 -17,66 -17,50
17.63 -17,66 -18,24
17.65 -17,66 -18,86
17.67 -17,66 -19,48
17.68 -17,66 -20,09
17.70 -17,65 -20,71
17.72 -17,65 -21,32
17.73 -17,53 -21,94
17.75 -17,53 -22,56
17.77 -17,53 -23,18
17.78 -17,53 -23,79
17.80 -17,53 -24,29
17.82 -17,53 -24,90
17.83 -17,53 -25,40
17.85 -17,53 -26,01
17.87 -17,53 -26,51
17.88 -17,53 -27,12
17.90 -17,41 -27,62
17.92 -17,41 -28,12
17.93 -17,41 -28,73
17.95 -17,41 -29,23
17.97 -17,41 -29,72
17.98 -17,41 -30,34
18.00 -17,41 -30,83
18.02 -17,29 -31,33
18.03 -17,29 -31,82
18.05 -17,29 -32,32
18.07 -17,28 -32,93
18.08 -17,28 -33,43
18.10 -17,16 -33,92
18.12 -17,16 -34,42
18.13 -17,04 -34,91
18.15 -17,03 -35,40
18.17 -16,91 -35,89
18.18 -16,91 -36,27
18.20 -16,79 -36,88
18.22 -16,79 -37,25
18.23 -16,66 -37,75
18.25 -16,54 -38,24
18.27 -16,54 -38,74
18.28 -16,41 -39,11
18.30 -16,29 -39,60
18.32 -16,17 -40,10
18.33 -16,17 -40,47
18.35 -16,04 -40,84
18.37 -15,92 -41,33
18.38 -15,80 -41,70
18.40 -15,68 -42,07
18.42 -15,68 -42,32
18.43 -15,55 -42,69
18.45 -15,43 -42,94
18.47 -15,30 -43,31
18.48 -15,18 -43,55
18.50 -15,06 -43,80
18.52 -14,93 -44,04
18.53 -14,81 -44,17
18.55 -14,69 -44,41
18.57 -14,56 -44,54
18.58 -14,44 -44,78
18.60 -14,32 -44,91
18.62 -14,19 -45,03
18.63 -14,07 -45,16
18.65 -13,95 -45,28
18.67 -13,82 -45,41
18.68 -13,70 -45,53
18.70 -13,58 -45,78
18.72 -13,45 -45,90
18.73 -13,33 -46,15
18.75 -13,21 -46,40
18.77 -13,09 -46,65
18.78 -13,09 -46,89
18.80 -12,96 -47,02
18.82 -12,96 -47,14
18.83 -12,84 -47,14
18.85 -12,84 -47,02
18.87 -12,72 -46,90
18.88 -12,72 -46,78
18.90 -12,72 -46,65
18.92 -12,72 -46,40
18.93 -12,59 -46,15
18.95 -12,60 -45,78
18.97 -12,60 -45,53
18.98 -12,60 -45,16
19.00 -12,60 -44,79
19.02 -12,60 -44,42
19.03 -12,60 -44,05
19.05 -12,60 -43,56
19.07 -12,72 -43,18
19.08 -12,72 -42,69
19.10 -12,72 -42,19
19.12 -12,85 -41,70
19.13 -12,85 -41,20
19.15 -12,85 -40,71
19.17 -12,97 -40,09
19.18 -12,97 -39,47
19.20 -13,10 -38,98
19.22 -13,10 -38,36
19.23 -13,22 -37,75
19.25 -13,22 -37,25
19.27 -13,34 -36,63
19.28 -13,47 -36,01
19.30 -13,47 -35,39
19.32 -13,59 -34,77
19.33 -13,59 -34,15
19.35 -13,71 -33,53
19.37 -13,72 -32,91
19.38 -13,84 -32,30
19.40 -13,96 -31,56
19.42 -14,08 -30,94
19.43 -14,08 -30,32
19.45 -14,21 -29,58
19.47 -14,33 -28,96
19.48 -14,45 -28,34
19.50 -14,58 -27,60
19.52 -14,58 -26,98
19.53 -14,70 -26,24
19.55 -14,82 -25,62
19.57 -14,95 -24,88
19.58 -15,07 -24,26
19.60 -15,07 -23,52
19.62 -15,20 -22,78
19.63 -15,32 -22,04
19.65 -15,44 -21,42
19.67 -15,44 -20,68
19.68 -15,57 -19,94
19.70 -15,69 -19,07
19.72 -15,81 -18,33
19.73 -15,82 -17,59
19.75 -15,94 -16,72
19.77 -16,06 -15,86
19.78 -16,06 -15,12
19.80 -16,19 -14,25
19.82 -16,31 -13,39
19.83 -16,43 -12,53
19.85 -16,43 -11,78
19.87 -16,55 -10,92
19.88 -16,55 -10,05
19.90 -16,67 -9,19
19.92 -16,67 -8,32
19.93 -16,80 -7,45
19.95 -16,80 -6,59
19.97 -16,92 -5,72
19.98 -17,05 -4,73
20.00 -17,05 -3,87
20.02 -17,17 -3,00
20.03 -17,29 -2,14
20.05 -17,30 -1,28
20.07 -17,42 -0,53
20.08 -17,54 0,33
20.10 -17,66 1,08
20.12 -17,66 1,82
20.13 -17,78 2,56
20.15 -17,79 3,30
20.17 -17,91 3,92
20.18 -17,91 4,66
20.20 -18,03 5,27
20.22 -18,03 5,89
20.23 -18,16 6,39
20.25 -18,16 6,88
20.27 -18,28 7,25
20.28 -18,28 7,63
20.30 -18,40 7,99
20.32 -18,40 8,12
20.33 -18,52 8,24
20.35 -18,52 8,37
20.37 -18,65 8,36
20.38 -18,89 8,24
20.40 -19,02 8,12
20.42 -19,27 8,00
20.43 -19,52 7,88
20.45 -19,76 7,88
20.47 -20,01 7,75
20.48 -20,13 7,76
20.50 -20,26 7,76
20.52 -20,38 7,76
20.53 -20,38 7,76
20.55 -20,38 7,88
20.57 -20,50 8,00
20.58 -20,50 8,00
20.60 -20,50 8,01
20.62 -20,50 8,01
20.63 -20,50 8,02
20.65 -20,50 8,02
20.67 -20,50 8,02
20.68 -20,50 8,02
20.70 -20,50 7,90
20.72 -20,50 7,90
20.73 -20,50 7,77
20.75 -20,62 7,77
20.77 -20,62 7,65
20.78 -20,62 7,65
20.80 -20,62 7,65
20.82 -20,75 7,65
20.83 -20,75 7,77
20.85 -20,87 7,77
20.87 -20,87 7,89
20.88 -20,99 7,90
20.90 -21,12 8,02
20.92 -21,24 8,14
20.93 -21,24 8,15
20.95 -21,36 8,27
20.97 -21,36 8,27
20.98 -21,48 8,39
21.00 -21,48 8,39
21.02 -21,60 8,39
21.03 -21,61 8,39
21.05 -21,73 8,39
21.07 -21,85 8,39
21.08 -21,85 8,39
21.10 -21,98 8,26
21.12 -21,98 8,27
21.13 -22,10 8,27
21.15 -22,22 8,27
21.17 -22,22 8,27
21.18 -22,22 8,27
21.20 -22,23 8,27
21.22 -22,35 8,27
21.23 -22,35 8,28
21.25 -22,35 8,28
21.27 -22,35 8,40
21.28 -22,35 8,40
21.30 -22,35 8,28
21.32 -22,35 8,28
21.33 -22,35 8,27
21.35 -22,35 8,15
21.37 -22,34 8,15
21.38 -22,34 8,15
21.40 -22,22 8,03
21.42 -22,22 8,02
21.43 -22,22 7,90
21.45 -22,22 7,91
21.47 -22,22 7,91
21.48 -22,22 7,91
21.50 -22,10 7,90
21.52 -22,10 7,90
21.53 -22,09 7,90
21.55 -21,97 7,90
21.57 -21,97 7,90
21.58 -21,85 7,90
21.60 -21,85 7,90
21.62 -21,73 7,91
21.63 -21,73 7,91
21.65 -21,72 7,91
21.67 -21,60 7,91
21.68 -21,60 7,91
21.70 -21,60 7,91
21.72 -21,48 7,91
21.73 -21,48 7,91
21.75 -21,36 7,91
21.77 -21,36 7,91
21.78 -21,24 7,91
21.80 -21,24 7,92
21.82 -21,23 8,04
21.83 -21,11 8,04
21.85 -21,11 8,16
21.87 -20,99 8,16
21.88 -20,99 8,16
21.90 -20,98 8,16
21.92 -20,86 8,28
21.93 -20,86 8,28
21.95 -20,74 8,28
21.97 -20,73 8,29
21.98 -20,61 8,29
22.00 -20,61 8,29
22.02 -20,49 8,29
22.03 -20,49 8,29
22.05 -20,36 8,29
22.07 -20,36 8,29
22.08 -20,24 8,17
22.10 -20,12 8,17
22.12 -20,00 8,17
22.13 -19,99 8,05
22.15 -19,87 7,92
22.17 -19,75 7,80
22.18 -19,75 7,80
22.20 -19,63 7,68
22.22 -19,50 7,68
22.23 -19,38 7,56
22.25 -19,26 7,55
22.27 -19,26 7,43
22.28 -19,02 7,31
22.30 -19,01 7,31
22.32 -18,89 7,31
22.33 -18,76 7,19
22.35 -18,64 7,19
22.37 -18,52 7,06
22.38 -18,52 7,07
22.40 -18,39 7,06
22.42 -18,27 6,94
22.43 -18,14 6,82
22.45 -18,02 6,81
22.47 -17,77 6,68
22.48 -17,65 6,68
22.50 -17,52 6,44
22.52 -17,28 6,31
22.53 -17,15 6,07
22.55 -16,91 5,82
22.57 -16,78 5,69
22.58 -16,54 5,44
22.60 -16,41 5,19
22.62 -16,17 4,82
22.63 -16,04 4,57
22.65 -15,80 4,32
22.67 -15,67 3,95
22.68 -15,42 3,58
22.70 -15,30 3,21
22.72 -15,05 2,84
22.73 -14,80 2,47
22.75 -14,68 2,10
22.77 -14,44 1,61
22.78 -14,31 1,23
22.80 -14,19 0,74
22.82 -13,94 0,24
22.83 -13,82 -0,13
22.85 -13,70 -0,62
22.87 -13,45 -1,12
22.88 -13,33 -1,49
22.90 -13,20 -1,99
22.92 -13,08 -2,48
22.93 -12,95 -2,98
22.95 -12,83 -3,60
22.97 -12,70 -4,09
22.98 -12,58 -4,58
23.00 -12,45 -5,20
23.02 -12,33 -5,70
23.03 -12,21 -6,19
23.05 -12,21 -6,69
23.07 -12,09 -7,31
23.08 -12,08 -7,80
23.10 -11,96 -8,42
23.12 -11,84 -9,04
23.13 -11,84 -9,65
23.15 -11,84 -10,27
23.17 -11,71 -10,89
23.18 -11,71 -11,50
23.20 -11,59 -12,12
23.22 -11,59 -12,73
23.23 -11,59 -13,35
23.25 -11,59 -13,97
23.27 -11,59 -14,59
23.28 -11,47 -15,21
23.30 -11,47 -15,83
23.32 -11,47 -16,45
23.33 -11,47 -17,19
23.35 -11,47 -17,80
23.37 -11,47 -18,42
23.38 -11,47 -19,04
23.40 -11,46 -19,66
23.42 -11,46 -20,29
23.43 -11,46 -21,02
23.45 -11,46 -21,64
23.47 -11,46 -22,26
23.48 -11,47 -22,88
23.50 -11,59 -23,50
23.52 -11,59 -24,12
23.53 -11,59 -24,74
23.55 -11,71 -25,48
23.57 -11,71 -26,09
23.58 -11,84 -26,71
23.60 -11,84 -27,33
23.62 -11,96 -27,95
23.63 -12,08 -28,56
23.65 -12,08 -29,18
23.67 -12,21 -29,67
23.68 -12,33 -30,29
23.70 -12,45 -30,91
23.72 -12,57 -31,53
23.73 -12,58 -32,15
23.75 -12,70 -32,77
23.77 -12,83 -33,38
23.78 -12,95 -34,00
23.80 -13,07 -34,50
23.82 -13,19 -35,11
23.83 -13,32 -35,73
23.85 -13,44 -36,23
23.87 -13,56 -36,84
23.88 -13,69 -37,34
23.90 -13,81 -37,95
23.92 -13,93 -38,45
23.93 -14,05 -39,07
23.95 -14,06 -39,56
23.97 -14,18 -40,06
23.98 -14,30 -40,55
24.00 -14,42 -41,17
24.02 -14,43 -41,54
24.03 -14,55 -42,04
24.05 -14,67 -42,53
24.07 -14,67 -42,90
24.08 -14,80 -43,39
24.10 -14,80 -43,76
24.12 -14,92 -44,13
24.13 -14,92 -44,51
24.15 -15,05 -44,87
24.17 -15,05 -45,12
24.18 -15,05 -45,49
24.20 -15,17 -45,74
24.22 -15,17 -45,99
24.23 -15,17 -46,24
24.25 -15,17 -46,49
24.27 -15,17 -46,73
24.28 -15,17 -46,98
24.30 -15,17 -47,10
24.32 -15,17 -47,22
24.33 -15,18 -47,35
24.35 -15,18 -47,35
24.37 -15,18 -47,23
24.38 -15,18 -47,11
24.40 -15,18 -46,99
24.42 -15,18 -46,86
24.43 -15,18 -46,74
24.45 -15,18 -46,49
24.47 -15,18 -46,49
24.48 -15,18 -46,37
24.50 -15,17 -46,37
24.52 -15,17 -46,49
24.53 -15,17 -46,50
24.55 -15,05 -46,50
24.57 -15,05 -46,50
24.58 -15,05 -46,50
24.60 -15,05 -46,50
24.62 -15,05 -46,38
24.63 -15,05 -46,26
24.65 -15,05 -46,25
24.67 -15,05 -46,01
24.68 -15,17 -45,76
24.70 -15,17 -45,64
24.72 -15,17 -45,39
24.73 -15,17 -45,14
24.75 -15,30 -44,78
24.77 -15,30 -44,53
24.78 -15,30 -44,28
24.80 -15,42 -43,91
24.82 -15,42 -43,54
24.83 -15,54 -43,04
24.85 -15,55 -42,68
24.87 -15,67 -42,30
24.88 -15,79 -41,81
24.90 -15,91 -41,32
24.92 -15,91 -40,83
24.93 -16,04 -40,34
24.95 -16,16 -39,85
24.97 -16,29 -39,35
24.98 -16,41 -38,85
25.00 -16,53 -38,24
25.02 -16,65 -37,62
25.03 -16,78 -37,12
25.05 -16,90 -36,50
25.07 -17,02 -35,88
25.08 -17,15 -35,27
25.10 -17,27 -34,53
25.12 -17,52 -33,91
25.13 -17,64 -33,29
25.15 -17,76 -32,55
25.17 -17,89 -31,93
25.18 -18,01 -31,19
25.20 -18,14 -30,57
25.22 -18,26 -29,83
25.23 -18,51 -29,09
25.25 -18,63 -28,35
25.27 -18,75 -27,60
25.28 -18,88 -26,86
25.30 -19,00 -26,12
25.32 -19,25 -25,26
25.33 -19,37 -24,51
25.35 -19,50 -23,65
25.37 -19,62 -22,91
25.38 -19,74 -22,04
25.40 -19,86 -21,17
25.42 -19,99 -20,31
25.43 -20,11 -19,44
25.45 -20,23 -18,45
25.47 -20,36 -17,59
25.48 -20,36 -16,72
25.50 -20,48 -15,73
25.52 -20,60 -14,87
25.53 -20,73 -13,88
25.55 -20,73 -13,01
25.57 -20,85 -12,03
25.58 -20,85 -11,16
25.60 -20,98 -10,17
25.62 -21,10 -9,18
25.63 -21,22 -8,20
25.65 -21,22 -7,21
25.67 -21,35 -6,34
25.68 -21,47 -5,35
25.70 -21,59 -4,36
25.72 -21,71 -3,50
25.73 -21,84 -2,63
25.75 -21,84 -1,76
25.77 -21,96 -0,89
25.78 -22,09 -0,03
25.80 -22,33 0,84
25.82 -22,45 1,70
25.83 -22,58 2,57
25.85 -22,70 3,31
25.87 -22,82 4,05
25.88 -22,95 4,79
25.90 -23,07 5,54
25.92 -23,19 6,16
25.93 -23,32 6,77
25.95 -23,44 7,27
25.97 -23,69 7,89
25.98 -23,81 8,26
26.00 -23,93 8,75
26.02 -24,05 9,12
26.03 -24,18 9,37
26.05 -24,18 9,62
26.07 -24,30 9,87
26.08 -24,43 9,99
26.10 -24,55 10,12
26.12 -24,67 10,24
26.13 -24,79 10,23
26.15 -24,92 10,11
26.17 -25,16 10,12
26.18 -25,41 10,11
26.20 -25,66 9,99
26.22 -25,90 9,99
26.23 -26,15 9,87
26.25 -26,27 9,87
26.27 -26,52 9,86
26.28 -26,64 9,86
26.30 -26,76 9,86
26.32 -26,76 9,86
26.33 -26,88 9,86
26.35 -26,89 9,86
26.37 -26,89 9,86
26.38 -27,01 9,86
26.40 -27,01 9,74
26.42 -27,01 9,62
26.43 -27,13 9,62
26.45 -27,13 9,49
26.47 -27,13 9,37
26.48 -27,25 9,24
26.50 -27,25 9,12
26.52 -27,25 9,00
26.53 -27,26 9,00
26.55 -27,38 8,88
26.57 -27,37 8,87
26.58 -27,37 8,75
26.60 -27,37 8,75
26.62 -27,37 8,75
26.63 -27,36 8,74
26.65 -27,36 8,62
26.67 -27,24 8,62
26.68 -27,24 8,62
26.70 -27,24 8,62
26.72 -27,24 8,50
26.73 -27,24 8,50
26.75 -27,12 8,50
26.77 -27,11 8,38
26.78 -26,99 8,25
26.80 -26,99 8,13
26.82 -26,87 8,13
26.83 -26,75 8,00
26.85 -26,62 7,76
26.87 -26,50 7,64
26.88 -26,50 7,51
26.90 -26,37 7,26
26.92 -26,25 7,14
26.93 -26,12 6,89
26.95 -26,00 6,77
26.97 -25,87 6,52
26.98 -25,75 6,28
27.00 -25,62 6,15
27.02 -25,50 5,90
27.03 -25,37 5,66
27.05 -25,24 5,41
27.07 -25,24 5,29
27.08 -25,12 5,04
27.10 -25,00 4,79
27.12 -24,88 4,55
27.13 -24,75 4,29
27.15 -24,63 3,92
27.17 -24,38 3,55
27.18 -24,26 3,18
27.20 -24,13 2,82
27.22 -23,89 2,45
27.23 -23,77 2,07
27.25 -23,64 1,70
27.27 -23,52 1,21
27.28 -23,27 0,71
27.30 -23,15 0,34
27.32 -22,90 -0,15
27.33 -22,78 -0,65
27.35 -22,65 -1,14
27.37 -22,53 -1,63
27.38 -22,40 -2,13
27.40 -22,40 -2,62
27.42 -22,28 -3,12
27.43 -22,15 -3,61
27.45 -22,03 -4,11
27.47 -21,90 -4,72
27.48 -21,78 -5,22
27.50 -21,65 -5,83
27.52 -21,53 -6,33
27.53 -21,40 -6,95
27.55 -21,28 -7,57
27.57 -21,16 -8,07
27.58 -21,15 -8,68
27.60 -21,03 -9,30
27.62 -20,91 -9,79
27.63 -20,91 -10,41
27.65 -20,78 -11,03
27.67 -20,66 -11,65
27.68 -20,54 -12,26
27.70 -20,54 -12,76
27.72 -20,41 -13,38
27.73 -20,29 -13,99
27.75 -20,29 -14,61
27.77 -20,17 -15,11
27.78 -20,17 -15,73
27.80 -20,17 -16,34
27.82 -20,05 -16,96
27.83 -19,92 -17,58
27.85 -19,92 -18,19
27.87 -19,80 -18,81
27.88 -19,80 -19,43
27.90 -19,80 -19,92
27.92 -19,68 -20,54
27.93 -19,68 -21,16
27.95 -19,55 -21,78
27.97 -19,55 -22,40
27.98 -19,55 -23,02
28.00 -19,55 -23,52
28.02 -19,55 -24,13
28.03 -19,43 -24,75
28.05 -19,43 -25,37
28.07 -19,43 -25,86
28.08 -19,43 -26,48
28.10 -19,43 -27,10
28.12 -19,43 -27,72
28.13 -19,31 -28,34
28.15 -19,31 -28,96
28.17 -19,31 -29,45
28.18 -19,31 -30,07
28.20 -19,18 -30,69
28.22 -19,18 -31,18
28.23 -19,18 -31,68
28.25 -19,18 -32,18
28.27 -19,18 -32,67
28.28 -19,18 -33,16
28.30 -19,06 -33,66
28.32 -19,06 -34,03
28.33 -19,06 -34,52
28.35 -19,06 -34,89
28.37 -19,06 -35,26
28.38 -18,93 -35,76
28.40 -18,93 -36,13
28.42 -18,93 -36,50
28.43 -18,81 -36,99
28.45 -18,81 -37,36
28.47 -18,81 -37,73
28.48 -18,81 -38,10
28.50 -18,69 -38,47
28.52 -18,69 -38,84
28.53 -18,57 -39,21
28.55 -18,57 -39,58
28.57 -18,44 -39,83
28.58 -18,44 -40,20
28.60 -18,44 -40,44
28.62 -18,32 -40,81
28.63 -18,20 -41,06
28.65 -18,20 -41,31
28.67 -18,07 -41,68
28.68 -18,07 -41,93
28.70 -17,95 -42,18
28.72 -17,95 -42,43
28.73 -17,83 -42,67
28.75 -17,83 -42,92
28.77 -17,70 -43,16
28.78 -17,58 -43,29
28.80 -17,58 -43,53
28.82 -17,45 -43,66
28.83 -17,33 -43,90
28.85 -17,33 -44,03
28.87 -17,20 -44,15
28.88 -17,08 -44,40
28.90 -16,96 -44,52
28.92 -16,96 -44,64
28.93 -16,83 -44,76
28.95 -16,71 -44,89
28.97 -16,71 -45,01
28.98 -16,59 -45,14
29.00 -16,59 -45,26
29.02 -16,46 -45,51
29.03 -16,46 -45,63
29.05 -16,34 -45,88
29.07 -16,34 -46,13
29.08 -16,33 -46,26
29.10 -16,33 -46,38
29.12 -16,33 -46,51
29.13 -16,21 -46,63
29.15 -16,21 -46,75
29.17 -16,21 -46,75
29.18 -16,21 -46,75
29.20 -16,21 -46,75
29.22 -16,22 -46,62
29.23 -16,22 -46,50
29.25 -16,22 -46,38
29.27 -16,22 -46,25
29.28 -16,34 -46,00
29.30 -16,34 -45,75
29.32 -16,34 -45,50
29.33 -16,34 -45,25
29.35 -16,46 -44,88
29.37 -16,46 -44,51
29.38 -16,46 -44,14
29.40 -16,47 -43,76
29.42 -16,59 -43,39
29.43 -16,59 -42,90
29.45 -16,59 -42,52
29.47 -16,71 -42,03
29.48 -16,71 -41,54
29.50 -16,71 -41,05
29.52 -16,84 -40,67
29.53 -16,84 -40,18
29.55 -16,96 -39,56
29.57 -16,96 -39,07
29.58 -17,08 -38,57
29.60 -17,09 -38,08
29.62 -17,21 -37,46
29.63 -17,33 -36,96
29.65 -17,33 -36,35
29.67 -17,46 -35,85
29.68 -17,58 -35,23
29.70 -17,70 -34,73
29.72 -17,70 -34,12
29.73 -17,83 -33,50
29.75 -17,95 -33,00
29.77 -18,07 -32,38
29.78 -18,07 -31,76
29.80 -18,20 -31,14
29.82 -18,32 -30,53
29.83 -18,44 -29,91
29.85 -18,44 -29,17
29.87 -18,57 -28,55
29.88 -18,69 -27,93
29.90 -18,81 -27,31
29.92 -18,81 -26,57
29.93 -18,94 -25,83
29.95 -19,06 -25,21
29.97 -19,18 -24,47
29.98 -19,18 -23,73
30.00 -19,31 -22,99
30.02 -19,43 -22,24
30.03 -19,43 -21,50
30.05 -19,56 -20,76
30.07 -19,68 -20,02
30.08 -19,68 -19,28
30.10 -19,80 -18,42
30.12 -19,80 -17,67
30.13 -19,93 -16,81
30.15 -20,05 -15,94
30.17 -20,05 -15,20
30.18 -20,17 -14,34
30.20 -20,17 -13,47
30.22 -20,29 -12,73
30.23 -20,29 -11,74
30.25 -20,42 -10,88
30.27 -20,42 -10,01
30.28 -20,54 -9,02
30.30 -20,66 -8,16
30.32 -20,67 -7,29
30.33 -20,79 -6,43
30.35 -20,91 -5,56
30.37 -21,03 -4,70
30.38 -21,03 -3,96
30.40 -21,16 -3,09
30.42 -21,28 -2,22
30.43 -21,40 -1,36
30.45 -21,53 -0,62
30.47 -21,65 0,25
30.48 -21,77 0,99
30.50 -21,90 1,73
30.52 -22,02 2,47
30.53 -22,15 3,09
30.55 -22,27 3,71
30.57 -22,39 4,33
30.58 -22,52 5,07
30.60 -22,64 5,56
30.62 -22,64 6,18
30.63 -22,77 6,80
30.65 -22,89 7,29
30.67 -23,01 7,78
30.68 -23,01 8,15
30.70 -23,14 8,52
30.72 -23,14 8,77
30.73 -23,26 9,01
30.75 -23,39 9,14
30.77 -23,39 9,26
30.78 -23,51 9,26
30.80 -23,51 9,27
30.82 -23,63 9,27
30.83 -23,63 9,02
30.85 -23,75 8,90
30.87 -23,87 8,78
30.88 -23,88 8,65
30.90 -23,88 8,53
30.92 -24,00 8,40
30.93 -24,00 8,28
30.95 -24,00 8,28
30.97 -24,00 8,16
30.98 -23,99 8,16
31.00 -23,87 8,16
31.02 -23,87 8,15
31.03 -23,75 8,15
31.05 -23,75 8,15
31.07 -23,74 8,15
31.08 -23,74 8,16
31.10 -23,62 8,16
31.12 -23,62 8,16
31.13 -23,62 8,16
31.15 -23,62 8,16
31.17 -23,62 8,15
31.18 -23,61 8,03
31.20 -23,61 8,03
31.22 -23,49 7,91
31.23 -23,49 7,91
31.25 -23,49 7,90
31.27 -23,49 7,78
31.28 -23,49 7,78
31.30 -23,49 7,78
31.32 -23,49 7,78
31.33 -23,49 7,79
31.35 -23,37 7,79
31.37 -23,37 7,91
31.38 -23,37 7,90
31.40 -23,37 7,90
31.42 -23,37 7,90
31.43 -23,37 7,90
31.45 -23,24 7,90
31.47 -23,24 7,90
31.48 -23,24 7,90
31.50 -23,24 7,90
31.52 -23,12 7,90
31.53 -23,12 7,78
31.55 -23,12 7,78
31.57 -23,12 7,65
31.58 -23,12 7,53
31.60 -23,00 7,53
31.62 -23,00 7,41
31.63 -23,00 7,29
31.65 -23,00 7,29
31.67 -23,00 7,17
31.68 -22,88 7,16
31.70 -22,88 7,04
31.72 -22,88 7,04
31.73 -22,87 7,04
31.75 -22,75 6,92
31.77 -22,75 6,92
31.78 -22,75 6,93
31.80 -22,75 6,93
31.82 -22,75 6,93
31.83 -22,63 6,93
31.85 -22,63 6,93
31.87 -22,63 6,92
31.88 -22,63 6,92
31.90 -22,51 6,80
31.92 -22,51 6,80
31.93 -22,50 6,79
31.95 -22,50 6,67
31.97 -22,38 6,68
31.98 -22,38 6,68
32.00 -22,38 6,80
32.02 -22,26 6,80
32.03 -22,26 6,80
32.05 -22,25 6,80
32.07 -22,13 6,92
32.08 -22,13 6,92
32.10 -22,01 7,04
32.12 -22,01 7,04
32.13 -21,89 7,17
32.15 -21,89 7,17
32.17 -21,89 7,29
32.18 -21,77 7,29
32.20 -21,77 7,29
32.22 -21,77 7,29
32.23 -21,64 7,41
32.25 -21,64 7,41
32.27 -21,52 7,41
32.28 -21,52 7,40
32.30 -21,40 7,40
32.32 -21,40 7,28
32.33 -21,40 7,28
32.35 -21,28 7,28
32.37 -21,27 7,15
32.38 -21,15 7,03
32.40 -21,15 6,90
32.42 -21,03 6,78
32.43 -21,02 6,65
32.45 -20,90 6,41
32.47 -20,90 6,28
32.48 -20,77 6,03
32.50 -20,65 5,79
32.52 -20,65 5,66
32.53 -20,53 5,42
32.55 -20,41 5,17
32.57 -20,28 4,92
32.58 -20,28 4,67
32.60 -20,16 4,30
32.62 -20,03 4,06
32.63 -19,90 3,81
32.65 -19,78 3,44
32.67 -19,66 3,07
32.68 -19,53 2,82
32.70 -19,41 2,45
32.72 -19,29 2,08
32.73 -19,16 1,71
32.75 -18,92 1,34
32.77 -18,79 0,97
32.78 -18,67 0,48
32.80 -18,55 0,11
32.82 -18,42 -0,27
32.83 -18,30 -0,76
32.85 -18,17 -1,13
32.87 -18,05 -1,50
32.88 -17,92 -1,99
32.90 -17,79 -2,37
32.92 -17,67 -2,86
32.93 -17,54 -3,23
32.95 -17,42 -3,73
32.97 -17,29 -4,22
32.98 -17,17 -4,59
33.00 -17,04 -5,08
33.02 -16,92 -5,58
33.03 -16,80 -6,07
33.05 -16,68 -6,57
33.07 -16,68 -7,06
33.08 -16,55 -7,55
33.10 -16,43 -8,04
33.12 -16,43 -8,54
33.13 -16,31 -9,03
33.15 -16,31 -9,65
33.17 -16,19 -10,14
33.18 -16,19 -10,64
33.20 -16,19 -11,13
33.22 -16,19 -11,75
33.23 -16,18 -12,24
33.25 -16,18 -12,74
33.27 -16,18 -13,36
33.28 -16,18 -13,85
33.30 -16,18 -14,47
33.32 -16,18 -14,97
33.33 -16,18 -15,58
33.35 -16,18 -16,08
33.37 -16,18 -16,70
33.38 -16,18 -17,19
33.40 -16,30 -17,69
33.42 -16,30 -18,18
33.43 -16,31 -18,68
33.45 -16,43 -19,29
33.47 -16,43 -19,79
33.48 -16,55 -20,28
33.50 -16,56 -20,78
33.52 -16,68 -21,40
33.53 -16,68 -21,89
33.55 -16,68 -22,39
33.57 -16,80 -23,00
33.58 -16,80 -23,50
33.60 -16,92 -23,99
33.62 -16,92 -24,49
33.63 -16,93 -25,10
33.65 -17,05 -25,59
33.67 -17,05 -26,09
33.68 -17,05 -26,59
33.70 -17,17 -27,20
33.72 -17,17 -27,69
33.73 -17,17 -28,19
33.75 -17,17 -28,69
33.77 -17,17 -29,18
33.78 -17,30 -29,80
33.80 -17,30 -30,30
33.82 -17,30 -30,79
33.83 -17,30 -31,41
33.85 -17,42 -31,90
33.87 -17,42 -32,40
33.88 -17,42 -33,02
33.90 -17,42 -33,51
33.92 -17,42 -34,00
33.93 -17,54 -34,50
33.95 -17,54 -34,99
33.97 -17,54 -35,36
33.98 -17,54 -35,86
34.00 -17,54 -36,35
34.02 -17,54 -36,72
34.03 -17,54 -37,09
34.05 -17,54 -37,59
34.07 -17,54 -37,96
34.08 -17,54 -38,33
34.10 -17,54 -38,82
34.12 -17,54 -39,19
34.13 -17,54 -39,56
34.15 -17,54 -39,93
34.17 -17,54 -40,30
34.18 -17,54 -40,67
34.20 -17,54 -40,92
34.22 -17,41 -41,29
34.23 -17,41 -41,66
34.25 -17,41 -41,91
34.27 -17,29 -42,28
34.28 -17,29 -42,65
34.30 -17,29 -42,90
34.32 -17,29 -43,15
34.33 -17,17 -43,39
34.35 -17,16 -43,76
34.37 -17,16 -44,01
34.38 -17,04 -44,26
34.40 -17,04 -44,50
34.42 -17,04 -44,75
34.43 -17,04 -45,00
34.45 -16,92 -45,24
34.47 -16,92 -45,37
34.48 -16,92 -45,61
34.50 -16,92 -45,86
34.52 -16,92 -46,10
34.53 -16,92 -46,23
34.55 -16,79 -46,48
34.57 -16,80 -46,72
34.58 -16,80 -46,97
34.60 -16,80 -47,34
34.62 -16,80 -47,46
34.63 -16,80 -47,46
34.65 -16,80 -47,34
34.67 -16,80 -47,22
34.68 -16,80 -46,97
34.70 -16,92 -46,84
34.72 -16,92 -46,72
34.73 -16,92 -46,47
34.75 -16,92 -46,22
34.77 -16,92 -45,98
34.78 -17,04 -45,73
34.80 -17,04 -45,35
34.82 -17,04 -44,99
34.83 -17,05 -44,74
34.85 -17,17 -44,24
34.87 -17,17 -43,88
34.88 -17,29 -43,50
34.90 -17,29 -43,01
34.92 -17,41 -42,64
34.93 -17,42 -42,15
34.95 -17,54 -41,77
34.97 -17,54 -41,40
34.98 -17,66 -40,91
35.00 -17,66 -40,30
35.02 -17,78 -39,92
35.03 -17,91 -39,43
35.05 -17,91 -38,93
35.07 -18,03 -38,44
35.08 -18,15 -37,95
35.10 -18,16 -37,45
35.12 -18,28 -36,96
35.13 -18,40 -36,47
35.15 -18,53 -35,98
35.17 -18,53 -35,48
35.18 -18,65 -34,99
35.20 -18,78 -34,50
35.22 -18,90 -34,01
35.23 -19,02 -33,51
35.25 -19,02 -33,02
35.27 -19,14 -32,52
35.28 -19,27 -32,03
35.30 -19,39 -31,41
35.32 -19,39 -30,92
35.33 -19,51 -30,42
35.35 -19,64 -29,92
35.37 -19,76 -29,43
35.38 -19,76 -28,93
35.40 -19,88 -28,43
35.42 -19,88 -27,82
35.43 -20,01 -27,32
35.45 -20,13 -26,71
35.47 -20,13 -26,21
35.48 -20,13 -25,72
35.50 -20,26 -25,10
35.52 -20,38 -24,48
35.53 -20,38 -23,98
35.55 -20,50 -23,36
35.57 -20,50 -22,75
35.58 -20,63 -22,13
35.60 -20,63 -21,51
35.62 -20,75 -20,89
35.63 -20,75 -20,27
35.65 -20,87 -19,65
35.67 -20,87 -18,91
35.68 -20,87 -18,30
35.70 -21,00 -17,68
35.72 -21,00 -16,94
35.73 -21,12 -16,32
35.75 -21,12 -15,58
35.77 -21,24 -14,96
35.78 -21,24 -14,34
35.80 -21,37 -13,60
35.82 -21,37 -12,98
35.83 -21,37 -12,24
35.85 -21,49 -11,62
35.87 -21,49 -10,88
35.88 -21,49 -10,26
35.90 -21,61 -9,52
35.92 -21,61 -8,90
35.93 -21,61 -8,28
35.95 -21,73 -7,54
35.97 -21,74 -6,92
35.98 -21,74 -6,31
36.00 -21,86 -5,81
36.02 -21,86 -5,31
36.03 -21,98 -4,70
36.05 -21,98 -4,20
36.07 -21,99 -3,58
36.08 -22,11 -2,97
36.10 -22,11 -2,47
36.12 -22,11 -1,85
36.13 -22,23 -1,36
36.15 -22,23 -0,74
36.17 -22,23 -0,24
36.18 -22,35 0,37
36.20 -22,35 0,87
36.22 -22,35 1,36
36.23 -22,35 1,86
36.25 -22,48 2,36
36.27 -22,48 2,85
36.28 -22,60 3,34
36.30 -22,60 3,71
36.32 -22,60 4,21
36.33 -22,60 4,58
36.35 -22,72 4,83
36.37 -22,72 5,20
36.38 -22,72 5,45
36.40 -22,72 5,81
36.42 -22,72 6,06
36.43 -22,73 6,18
36.45 -22,85 6,30
36.47 -22,85 6,30
36.48 -22,85 6,30
36.50 -22,97 6,31
36.52 -22,97 6,31
36.53 -23,10 6,31
36.55 -23,22 6,31
36.57 -23,34 6,31
36.58 -23,47 6,31
36.60 -23,47 6,31
36.62 -23,59 6,31
36.63 -23,60 6,31
36.65 -23,72 6,43
36.67 -23,72 6,55
36.68 -23,71 6,56
36.70 -23,59 6,68
36.72 -23,59 6,80
36.73 -23,59 6,80
36.75 -23,59 6,92
36.77 -23,58 6,92
36.78 -23,46 6,93
36.80 -23,47 7,05
36.82 -23,47 7,04
36.83 -23,47 7,04
36.85 -23,47 7,04
36.87 -23,59 7,03
36.88 -23,59 7,03
36.90 -23,58 7,03
36.92 -23,46 7,02
36.93 -23,47 7,02
36.95 -23,47 7,03
36.97 -23,47 7,15
36.98 -23,47 7,15
37.00 -23,48 7,27
37.02 -23,48 7,27
37.03 -23,48 7,39
37.05 -23,48 7,39
37.07 -23,48 7,38
37.08 -23,49 7,38
37.10 -23,49 7,38
37.12 -23,49 7,38
37.13 -23,49 7,38
37.15 -23,48 7,26
37.17 -23,36 7,26
37.18 -23,36 7,13
37.20 -23,36 7,13
37.22 -23,24 7,01
37.23 -23,23 7,01
37.25 -23,11 6,89
37.27 -23,11 6,89
37.28 -22,99 6,89
37.30 -22,98 6,89
37.32 -22,86 6,89
37.33 -22,74 6,88
37.35 -22,74 6,88
37.37 -22,62 6,76
37.38 -22,61 6,76
37.40 -22,49 6,76
37.42 -22,37 6,76
37.43 -22,37 6,75
37.45 -22,24 6,63
37.47 -22,24 6,63
37.48 -22,12 6,63
37.50 -22,12 6,51
37.52 -21,99 6,51
37.53 -21,99 6,51
37.55 -21,87 6,39
37.57 -21,75 6,39
37.58 -21,62 6,39
37.60 -21,62 6,39
37.62 -21,50 6,39
37.63 -21,37 6,38
37.65 -21,25 6,38
37.67 -21,13 6,26
37.68 -21,01 6,26
37.70 -20,89 6,25
37.72 -20,88 6,25
37.73 -20,76 6,13
37.75 -20,64 6,13
37.77 -20,52 6,01
37.78 -20,52 6,01
37.80 -20,39 6,00
37.82 -20,27 5,88
37.83 -20,15 5,76
37.85 -20,03 5,64
37.87 -20,03 5,63
37.88 -19,90 5,51
37.90 -19,78 5,26
37.92 -19,65 5,14
37.93 -19,53 5,02
37.95 -19,41 4,77
37.97 -19,41 4,65
37.98 -19,28 4,40
38.00 -19,16 4,15
38.02 -19,03 3,90
38.03 -18,91 3,53
38.05 -18,79 3,28
38.07 -18,67 2,91
38.08 -18,55 2,66
38.10 -18,42 2,29
38.12 -18,30 1,92
38.13 -18,18 1,55
38.15 -18,06 1,18
38.17 -17,94 0,82
38.18 -17,81 0,57
38.20 -17,69 0,19
38.22 -17,57 -0,18
38.23 -17,45 -0,55
38.25 -17,32 -0,92
38.27 -17,20 -1,30
38.28 -17,08 -1,67
38.30 -16,95 -2,04
38.32 -16,83 -2,53
38.33 -16,71 -2,90
38.35 -16,58 -3,27
38.37 -16,46 -3,65
38.38 -16,34 -4,14
38.40 -16,22 -4,63
38.42 -16,09 -5,12
38.43 -16,09 -5,49
38.45 -15,97 -5,99
38.47 -15,84 -6,36
38.48 -15,72 -6,86
38.50 -15,60 -7,35
38.52 -15,59 -7,72
38.53 -15,47 -8,22
38.55 -15,35 -8,72
38.57 -15,35 -9,21
38.58 -15,22 -9,70
38.60 -15,22 -10,08
38.62 -15,10 -10,69
38.63 -15,10 -11,07
38.65 -14,98 -11,68
38.67 -14,98 -12,17
38.68 -14,98 -12,55
38.70 -14,98 -13,04
38.72 -14,98 -13,54
38.73 -14,97 -14,03
38.75 -14,97 -14,53
38.77 -14,85 -15,15
38.78 -14,85 -15,64
38.80 -14,85 -16,26
38.82 -14,85 -16,75
38.83 -14,85 -17,25
38.85 -14,86 -17,74
38.87 -14,86 -18,36
38.88 -14,86 -18,85
38.90 -14,86 -19,35
38.92 -14,86 -19,97
38.93 -14,86 -20,34
38.95 -14,86 -20,83
38.97 -14,98 -21,33
38.98 -14,98 -21,95
39.00 -14,98 -22,44
39.02 -14,98 -22,81
39.03 -15,10 -23,31
39.05 -15,10 -23,80
39.07 -15,11 -24,17
39.08 -15,23 -24,67
39.10 -15,23 -25,16
39.12 -15,35 -25,53
39.13 -15,35 -26,02
39.15 -15,35 -26,40
39.17 -15,48 -26,89
39.18 -15,48 -27,26
39.20 -15,60 -27,75
39.22 -15,72 -28,13
39.23 -15,72 -28,62
39.25 -15,85 -28,99
39.27 -15,85 -29,36
39.28 -15,97 -29,85
39.30 -15,97 -30,22
39.32 -16,10 -30,60
39.33 -16,22 -30,97
39.35 -16,22 -31,46
39.37 -16,34 -31,83
39.38 -16,46 -32,20
39.40 -16,46 -32,58
39.42 -16,59 -32,95
39.43 -16,59 -33,32
39.45 -16,71 -33,81
39.47 -16,83 -34,06
39.48 -16,83 -34,55
39.50 -16,96 -34,80
39.52 -16,96 -35,30
39.53 -16,96 -35,66
39.55 -17,08 -36,03
39.57 -17,08 -36,28
39.58 -17,21 -36,65
39.60 -17,21 -37,02
39.62 -17,33 -37,39
39.63 -17,33 -37,64
39.65 -17,45 -38,38
39.67 -17,45 -38,63
39.68 -17,45 -38,63
39.70 -17,58 -39,00
39.72 -17,58 -39,25
39.73 -17,58 -39,49
39.75 -17,58 -39,86
39.77 -17,70 -40,11
39.78 -17,70 -40,48
39.80 -17,70 -40,73
39.82 -17,82 -40,97
39.83 -17,82 -41,22
39.85 -17,82 -41,59
39.87 -17,82 -41,84
39.88 -17,82 -42,09
39.90 -17,83 -42,33
39.92 -17,83 -42,58
39.93 -17,83 -42,83
39.95 -17,95 -43,20
39.97 -17,95 -43,44
39.98 -17,83 -43,69
40.00 -17,83 -43,94
40.02 -17,71 -44,18
40.03 -17,71 -44,43
40.05 -17,71 -44,68
40.07 -17,71 -44,93
40.08 -17,71 -45,30
40.10 -17,71 -45,67
40.12 -17,71 -46,04
40.13 -17,71 -46,40
40.15 -17,59 -47,02
40.17 -17,59 -47,39
40.18 -17,59 -47,64
40.20 -17,59 -47,89
40.22 -17,59 -47,88
40.23 -17,59 -47,64
40.25 -17,59 -47,52
40.27 -17,58 -47,39
40.28 -17,46 -47,15
40.30 -17,46 -46,91
40.32 -17,46 -46,66
40.33 -17,46 -46,42
40.35 -17,58 -46,18
40.37 -17,58 -45,93
40.38 -17,46 -45,69
40.40 -17,46 -45,43
40.42 -17,46 -45,06
40.43 -17,34 -44,69
40.45 -17,34 -44,44
40.47 -17,34 -44,19
40.48 -17,34 -43,82
40.50 -17,47 -43,45
40.52 -17,47 -43,08
40.53 -17,47 -42,71
40.55 -17,59 -42,33
40.57 -17,59 -41,96
40.58 -17,59 -41,47
40.60 -17,71 -41,10
40.62 -17,71 -40,72
40.63 -17,71 -40,23
40.65 -17,84 -39,86
40.67 -17,84 -39,49
40.68 -17,96 -39,12
40.70 -17,96 -38,75
40.72 -18,08 -38,38
40.73 -18,08 -37,88
40.75 -18,21 -37,52
40.77 -18,21 -37,15
40.78 -18,21 -36,78
40.80 -18,33 -36,41
40.82 -18,33 -36,04
40.83 -18,45 -35,67
40.85 -18,45 -35,30
40.87 -18,45 -34,93
40.88 -18,45 -34,55
40.90 -18,57 -34,18
40.92 -18,57 -33,81
40.93 -18,70 -33,44
40.95 -18,69 -33,07
40.97 -18,82 -32,70
40.98 -18,81 -32,33
41.00 -18,81 -31,95
41.02 -18,81 -31,58
41.03 -18,81 -31,09
41.05 -18,82 -30,72
41.07 -18,82 -30,35
41.08 -18,82 -29,85
41.10 -18,82 -29,48
41.12 -18,70 -28,99
41.13 -18,70 -28,62
41.15 -18,70 -28,25
41.17 -18,70 -27,75
41.18 -18,70 -27,26
41.20 -18,82 -26,89
41.22 -18,70 -26,39
41.23 -18,82 -25,90
41.25 -18,82 -25,41
41.27 -18,82 -24,91
41.28 -18,82 -24,42
41.30 -18,82 -24,05
41.32 -18,82 -23,55
41.33 -18,82 -23,05
41.35 -18,94 -22,56
41.37 -18,94 -22,06
41.38 -19,06 -21,57
41.40 -19,06 -21,07
41.42 -19,06 -20,57
41.43 -19,19 -19,96
41.45 -19,18 -19,46
41.47 -19,18 -18,97
41.48 -19,19 -18,47
41.50 -19,31 -17,86
41.52 -19,31 -17,36
41.53 -19,31 -16,74
41.55 -19,43 -16,13
41.57 -19,43 -15,63
41.58 -19,43 -15,01
41.60 -19,56 -14,40
41.62 -19,56 -13,90
41.63 -19,56 -13,28
41.65 -19,56 -12,67
41.67 -19,68 -12,05
41.68 -19,68 -11,43
41.70 -19,80 -10,82
41.72 -19,80 -10,20
41.73 -19,80 -9,45
41.75 -19,80 -8,71
41.77 -19,93 -7,97
41.78 -19,93 -7,36
41.80 -19,93 -6,61
41.82 -20,05 -5,87
41.83 -20,05 -5,25
41.85 -20,05 -4,63
41.87 -20,17 -3,89
41.88 -20,17 -3,27
41.90 -20,17 -2,53
41.92 -20,30 -1,79
41.93 -20,30 -1,17
41.95 -20,42 -0,43
41.97 -20,54 0,19
41.98 -20,55 0,92
42.00 -20,67 1,54
42.02 -20,79 2,16
42.03 -20,92 2,78
42.05 -21,04 3,40
42.07 -21,16 4,02
42.08 -21,29 4,64
42.10 -21,42 5,13
42.12 -21,54 5,75
42.13 -21,78 6,25
42.15 -22,03 6,86
42.17 -22,15 7,36
42.18 -22,40 7,86
42.20 -22,52 8,35
42.22 -22,77 8,72
42.23 -22,89 9,09
42.25 -23,14 9,34
42.27 -23,39 9,58
42.28 -23,63 9,71
42.30 -23,88 9,71
42.32 -24,13 9,71
42.33 -24,50 9,71
42.35 -24,87 9,72
42.37 -25,12 9,71
42.38 -25,36 9,59
42.40 -25,61 9,59
42.42 -25,73 9,47
42.43 -25,86 9,47
42.45 -25,98 9,47
42.47 -26,10 9,47
42.48 -26,10 9,47
42.50 -26,10 9,47
42.52 -26,10 9,47
42.53 -25,98 9,48
42.55 -25,98 9,60
42.57 -25,98 9,48
42.58 -26,10 9,48
42.60 -26,10 9,49
42.62 -26,10 9,49
42.63 -26,23 9,49
42.65 -26,23 9,36
42.67 -26,23 9,36
42.68 -26,23 9,24
42.70 -26,23 9,12
42.72 -26,23 9,00
42.73 -26,23 9,00
42.75 -26,23 8,87
42.77 -26,35 8,75
42.78 -26,35 8,63
42.80 -26,35 8,51
42.82 -26,35 8,51
42.83 -26,35 8,38
42.85 -26,35 8,38
42.87 -26,35 8,26
42.88 -26,35 8,26
42.90 -26,34 8,14
42.92 -26,34 8,14
42.93 -26,34 8,14
42.95 -26,22 8,13
42.97 -26,22 8,01
42.98 -26,22 8,01
43.00 -26,21 8,01
43.02 -26,09 8,01
43.03 -26,09 7,88
43.05 -25,97 7,88
43.07 -25,97 7,76
43.08 -25,85 7,76
43.10 -25,85 7,75
43.12 -25,72 7,63
43.13 -25,72 7,63
43.15 -25,72 7,50
43.17 -25,60 7,50
43.18 -25,60 7,38
43.20 -25,47 7,38
43.22 -25,35 7,38
43.23 -25,35 7,26
43.25 -25,23 7,26
43.27 -25,11 7,27
43.28 -24,99 7,27
43.30 -24,98 7,27
43.32 -24,86 7,28
43.33 -24,74 7,28
43.35 -24,74 7,28
43.37 -24,61 7,29
43.38 -24,49 7,29
43.40 -24,37 7,30
43.42 -24,25 7,30
43.43 -24,12 7,30
43.45 -24,12 7,30
43.47 -24,00 7,30
43.48 -23,87 7,30
43.50 -23,75 7,30
43.52 -23,63 7,18
43.53 -23,51 7,18
43.55 -23,38 7,06
43.57 -23,38 7,06
43.58 -23,26 7,06
43.60 -23,13 7,06
43.62 -23,01 7,06
43.63 -23,01 7,18
43.65 -22,89 7,18
43.67 -22,76 7,18
43.68 -22,64 7,17
43.70 -22,64 7,05
43.72 -22,52 7,06
43.73 -22,39 6,93
43.75 -22,39 6,93
43.77 -22,26 6,93
43.78 -22,14 6,81
43.80 -22,14 6,93
43.82 -22,02 6,93
43.83 -21,90 6,81
43.85 -21,90 6,81
43.87 -21,78 6,69
43.88 -21,77 6,69
43.90 -21,65 6,69
43.92 -21,65 6,69
43.93 -21,53 6,69
43.95 -21,53 6,70
43.97 -21,53 6,70
43.98 -21,41 6,70
44.00 -21,40 6,70
44.02 -21,28 6,70
44.03 -21,28 6,57
44.05 -21,16 6,57
44.07 -21,16 6,45
44.08 -21,04 6,45
44.10 -21,04 6,33
44.12 -21,04 6,33
44.13 -20,91 6,21
44.15 -20,91 6,21
44.17 -20,91 6,21
44.18 -20,79 6,21
44.20 -20,79 6,21
44.22 -20,66 6,21
44.23 -20,66 6,21
44.25 -20,54 6,21
44.27 -20,54 6,33
44.28 -20,42 6,33
44.30 -20,42 6,33
44.32 -20,42 6,46
44.33 -20,30 6,46
44.35 -20,30 6,58
44.37 -20,30 6,59
44.38 -20,30 6,71
44.40 -20,18 6,71
44.42 -20,18 6,71
44.43 -20,06 6,71
44.45 -20,06 6,71
44.47 -20,06 6,72
44.48 -20,05 6,72
44.50 -19,93 6,72
44.52 -19,93 6,72
44.53 -19,93 6,72
44.55 -19,93 6,71
44.57 -19,93 6,59
44.58 -19,93 6,59
44.60 -20,05 6,46
44.62 -20,05 6,46
44.63 -20,05 6,34
44.65 -20,04 6,21
44.67 -19,92 6,21
44.68 -19,92 6,21
44.70 -19,92 6,09
44.72 -19,92 6,09
44.73 -19,80 6,09
44.75 -19,80 6,09
44.77 -19,68 5,97
44.78 -19,67 5,97
44.80 -19,55 5,96
44.82 -19,55 5,84
44.83 -19,43 5,84
44.85 -19,43 5,71
44.87 -19,31 5,59
44.88 -19,31 5,59
44.90 -19,18 5,46
44.92 -19,18 5,34
44.93 -19,06 5,22
44.95 -19,06 5,09
44.97 -18,93 4,97
44.98 -18,81 4,84
45.00 -18,81 4,60
45.02 -18,69 4,47
45.03 -18,69 4,35
45.05 -18,57 4,10
45.07 -18,57 3,98
45.08 -18,57 3,73
45.10 -18,44 3,60
45.12 -18,44 3,36
45.13 -18,44 3,23
45.15 -18,32 2,98
45.17 -18,32 2,74
45.18 -18,20 2,49
45.20 -18,19 2,37
45.22 -18,07 2,12
45.23 -17,95 1,87
45.25 -17,95 1,62
45.27 -17,82 1,37
45.28 -17,70 1,00
45.30 -17,58 0,76
45.32 -17,58 0,51
45.33 -17,45 0,27
45.35 -17,33 0,02
45.37 -17,33 -0,22
45.38 -17,21 -0,47
45.40 -17,08 -0,72
45.42 -17,08 -0,97
45.43 -16,96 -1,34
45.45 -16,83 -1,58
45.47 -16,83 -1,83
45.48 -16,71 -2,08
45.50 -16,71 -2,45
45.52 -16,58 -2,70
45.53 -16,58 -3,07
45.55 -16,58 -3,44
45.57 -16,46 -3,68
45.58 -16,46 -4,05
45.60 -16,45 -4,42
45.62 -16,33 -4,79
45.63 -16,33 -5,16
45.65 -16,33 -5,53
45.67 -16,33 -5,91
45.68 -16,33 -6,28
45.70 -16,34 -6,65
45.72 -16,46 -7,02
45.73 -16,46 -7,52
45.75 -16,46 -7,89
45.77 -16,58 -8,38
45.78 -16,58 -8,75
45.80 -16,70 -9,25
45.82 -16,70 -9,74
45.83 -16,83 -10,24
45.85 -16,83 -10,73
45.87 -16,95 -11,22
45.88 -17,08 -11,72
45.90 -17,08 -12,21
45.92 -17,20 -12,71
45.93 -17,20 -13,20
45.95 -17,32 -13,70
45.97 -17,45 -14,32
45.98 -17,45 -14,81
46.00 -17,57 -15,31
46.02 -17,69 -15,92
46.03 -17,82 -16,42
46.05 -17,82 -16,91
46.07 -17,94 -17,53
46.08 -18,07 -18,02
46.10 -18,19 -18,51
46.12 -18,19 -19,01
46.13 -18,31 -19,50
46.15 -18,44 -19,99
46.17 -18,56 -20,49
46.18 -18,56 -20,98
46.20 -18,68 -21,47
46.22 -18,68 -21,85
46.23 -18,81 -22,34
46.25 -18,93 -22,84
46.27 -18,93 -23,33
46.28 -19,05 -23,82
46.30 -19,05 -24,20
46.32 -19,17 -24,69
46.33 -19,17 -25,18
46.35 -19,17 -25,56
46.37 -19,29 -26,05
46.38 -19,29 -26,55
46.40 -19,42 -27,04
46.42 -19,41 -27,41
46.43 -19,41 -27,91
46.45 -19,42 -28,28
46.47 -19,42 -28,77
46.48 -19,54 -29,27
46.50 -19,54 -29,64
46.52 -19,54 -30,13
46.53 -19,54 -30,62
46.55 -19,54 -31,00
46.57 -19,53 -31,49
46.58 -19,53 -31,86
46.60 -19,53 -32,35
46.62 -19,53 -32,72
46.63 -19,41 -33,09
46.65 -19,41 -33,47
46.67 -19,41 -33,96
46.68 -19,41 -34,33
46.70 -19,41 -34,70
46.72 -19,28 -35,07
46.73 -19,28 -35,45
46.75 -19,28 -35,82
46.77 -19,28 -36,19
46.78 -19,28 -36,56
46.80 -19,16 -36,93
46.82 -19,16 -37,30
46.83 -19,16 -37,67
46.85 -19,16 -38,04
46.87 -19,16 -38,41
46.88 -19,16 -38,66
46.90 -19,16 -39,03
46.92 -19,16 -39,28
46.93 -19,03 -39,64
46.95 -19,04 -39,89
46.97 -19,04 -40,14
46.98 -19,04 -40,51
47.00 -19,04 -40,76
47.02 -19,04 -41,00
47.03 -19,05 -41,25
47.05 -19,05 -41,50
47.07 -19,05 -41,74
47.08 -19,05 -41,99
47.10 -19,05 -42,24
47.12 -19,04 -42,49
47.13 -19,04 -42,73
47.15 -19,04 -42,98
47.17 -19,04 -43,22
47.18 -19,04 -43,35
47.20 -19,04 -43,59
47.22 -18,92 -43,84
47.23 -18,92 -44,08
47.25 -18,92 -44,21
47.27 -18,91 -44,34
47.28 -18,91 -44,58
47.30 -18,91 -44,83
47.32 -18,79 -44,95
47.33 -18,79 -45,07
47.35 -18,79 -45,20
47.37 -18,79 -45,33
47.38 -18,79 -45,57
47.40 -18,79 -45,70
47.42 -18,79 -45,82
47.43 -18,79 -46,07
47.45 -18,79 -46,19
47.47 -18,79 -46,31
47.48 -18,79 -46,44
47.50 -18,78 -46,57
47.52 -18,78 -46,81
47.53 -18,78 -46,93
47.55 -18,78 -47,05
47.57 -18,78 -47,17
47.58 -18,77 -47,30
47.60 -18,77 -47,42
47.62 -18,77 -47,55
47.63 -18,77 -47,67
47.65 -18,77 -47,79
47.67 -18,77 -47,79
47.68 -18,77 -47,79
47.70 -18,77 -47,79
47.72 -18,77 -47,68
47.73 -18,77 -47,68
47.75 -18,77 -47,68
47.77 -18,77 -47,67
47.78 -18,76 -47,67
47.80 -18,76 -47,67
47.82 -18,76 -47,67
47.83 -18,76 -47,68
47.85 -18,76 -47,68
47.87 -18,76 -47,69
47.88 -18,76 -47,69
47.90 -18,76 -47,69
47.92 -18,76 -47,57
47.93 -18,76 -47,45
47.95 -18,76 -47,33
47.97 -18,76 -47,20
47.98 -18,77 -47,07
48.00 -18,77 -46,83
48.02 -18,77 -46,58
48.03 -18,77 -46,46
48.05 -18,77 -46,21
48.07 -18,78 -45,96
48.08 -18,78 -45,71
48.10 -18,90 -45,34
48.12 -18,90 -45,09
48.13 -18,90 -44,72
48.15 -18,90 -44,47
48.17 -18,90 -44,10
48.18 -18,90 -43,73
48.20 -18,90 -43,36
48.22 -18,90 -42,99
48.23 -18,90 -42,62
48.25 -18,90 -42,25
48.27 -18,90 -41,88
48.28 -18,90 -41,51
48.30 -18,90 -41,14
48.32 -18,90 -40,76
48.33 -18,91 -40,39
48.35 -18,91 -39,90
48.37 -18,91 -39,53
48.38 -18,90 -39,15
48.40 -18,90 -38,66
48.42 -18,90 -38,29
48.43 -18,78 -37,92
48.45 -18,78 -37,55
48.47 -18,78 -37,06
48.48 -18,78 -36,69
48.50 -18,65 -36,31
48.52 -18,66 -35,94
48.53 -18,65 -35,44
48.55 -18,65 -35,07
48.57 -18,53 -34,58
48.58 -18,53 -34,21
48.60 -18,53 -33,72
48.62 -18,53 -33,35
48.63 -18,41 -32,97
48.65 -18,41 -32,48
48.67 -18,41 -31,98
48.68 -18,41 -31,49
48.70 -18,40 -30,99
48.72 -18,28 -30,50
48.73 -18,28 -30,01
48.75 -18,16 -29,51
48.77 -18,16 -29,02
48.78 -18,16 -28,52
48.80 -18,03 -27,90
48.82 -17,91 -27,29
48.83 -17,91 -26,79
48.85 -17,79 -26,05
48.87 -17,79 -25,43
48.88 -17,66 -24,82
48.90 -17,66 -24,20
48.92 -17,54 -23,58
48.93 -17,42 -22,97
48.95 -17,41 -22,35
48.97 -17,29 -21,73
48.98 -17,29 -21,11
49.00 -17,17 -20,50
49.02 -17,17 -19,88
49.03 -17,16 -19,26
49.05 -17,04 -18,64
49.07 -17,04 -17,90
49.08 -17,04 -17,28
49.10 -17,04 -16,54
49.12 -17,04 -15,92
49.13 -17,04 -15,30
49.15 -17,05 -14,69
49.17 -17,05 -13,95
49.18 -17,05 -13,33
49.20 -17,05 -12,71
49.22 -17,17 -12,09
49.23 -17,17 -11,35
49.25 -17,17 -10,73
49.27 -17,30 -10,11
49.28 -17,30 -9,37
49.30 -17,42 -8,75
49.32 -17,54 -8,01
49.33 -17,66 -7,39
49.35 -17,79 -6,65
49.37 -17,91 -5,91
49.38 -18,03 -5,29
49.40 -18,15 -4,55
49.42 -18,27 -3,93
49.43 -18,39 -3,19
49.45 -18,52 -2,45
49.47 -18,64 -1,82
49.48 -18,89 -1,08
49.50 -19,01 -0,34
49.52 -19,25 0,40
49.53 -19,38 1,15
49.55 -19,62 1,89
49.57 -19,75 2,63
49.58 -20,00 3,37
49.60 -20,25 4,12
49.62 -20,49 4,86
49.63 -20,74 5,60
49.65 -20,99 6,22
49.67 -21,24 6,84
49.68 -21,49 7,33
49.70 -21,74 7,82
49.72 -21,99 8,07
49.73 -22,24 8,32
49.75 -22,49 8,44
49.77 -22,85 8,44
49.78 -23,10 8,44
49.80 -23,47 8,32
49.82 -23,84 8,07
49.83 -24,21 7,95
49.85 -24,46 7,70
49.87 -24,83 7,45
49.88 -25,08 7,33
49.90 -25,45 7,21
49.92 -25,70 7,09
49.93 -25,95 7,09
49.95 -26,19 7,10
49.97 -26,32 7,22
49.98 -26,56 7,34
50.00 -26,69 7,46
50.02 -26,94 7,58
50.03 -27,18 7,83
50.05 -27,43 7,95
50.07 -27,68 8,20
50.08 -27,93 8,32
50.10 -28,18 8,57
50.12 -28,43 8,82
50.13 -28,67 9,06
50.15 -28,92 9,18
50.17 -29,29 9,31
50.18 -29,79 9,43
50.20 -30,28 9,42
50.22 -30,77 9,30
50.23 -31,14 9,18
50.25 -31,52 9,18
50.27 -31,89 8,94
50.28 -32,26 8,82
50.30 -32,50 8,57
50.32 -32,75 8,20
50.33 -32,99 7,83
50.35 -33,12 7,34
50.37 -33,37 6,84
50.38 -33,86 6,35
50.40 -34,48 5,73
50.42 -35,10 5,24
50.43 -35,83 4,75
50.45 -36,57 4,38
50.47 -37,32 3,89
50.48 -38,06 3,52
50.50 -38,80 3,15
50.52 -39,54 2,90
50.53 -40,28 2,53
50.55 -41,15 2,29
50.57 -42,01 2,16
50.58 -42,88 2,16
50.60 -43,74 2,16
50.62 -44,48 2,29
50.63 -45,35 2,53
50.65 -46,09 2,78
50.67 -46,95 3,02
50.68 -47,70 3,15
50.70 -48,69 3,27
50.72 -49,55 3,27
50.73 -50,42 3,27
50.75 -51,28 3,26
50.77 -52,03 3,26
50.78 -52,77 3,26
50.80 -53,51 3,26
50.82 -54,26 3,26
50.83 -55,00 3,25
50.85 -55,61 3,25
50.87 -56,11 3,13
50.88 -56,60 3,13
50.90 -57,22 3,25
50.92 -57,84 3,37
50.93 -58,46 3,49
50.95 -59,08 3,62
50.97 -59,82 3,74
50.98 -60,56 3,87
51.00 -61,30 4,11
51.02 -62,04 4,36
51.03 -62,90 4,85
51.05 -63,64 5,23
51.07 -64,39 5,72
51.08 -65,25 6,22
51.10 -65,87 6,59
51.12 -66,61 6,97
51.13 -67,23 7,46
51.15 -67,97 7,95
51.17 -68,47 8,32
51.18 -69,09 8,82
51.20 -69,71 9,19
51.22 -70,32 9,68
51.23 -70,82 10,18
51.25 -71,19 10,55
51.27 -71,68 11,04
51.28 -72,18 11,41
51.30 -72,67 11,66
51.32 -73,16 11,79
51.33 -73,66 11,91
51.35 -74,15 11,91
51.37 -74,77 11,91
51.38 -75,14 11,91
51.40 -75,64 11,91
51.42 -76,13 11,78
51.43 -76,50 11,54
51.45 -76,75 11,29
51.47 -77,12 11,05
51.48 -77,36 10,68
51.50 -77,61 10,31
51.52 -77,86 9,94
51.53 -78,10 9,69
51.55 -78,23 9,32
51.57 -78,35 9,07
51.58 -78,60 8,95
51.60 -78,84 8,70
51.62 -78,96 8,45
51.63 -79,21 8,33
51.65 -79,34 8,21
51.67 -79,58 8,08
51.68 -79,71 7,95
51.70 -79,96 7,71
51.72 -80,08 7,59
51.73 -80,33 7,47
51.75 -80,57 7,34
51.77 -80,82 7,22
51.78 -80,94 7,22
51.80 -81,19 7,21
51.82 -81,44 7,21
51.83 -81,56 7,21
51.85 -81,81 7,33
51.87 -81,93 7,46
51.88 -82,05 7,58
51.90 -82,30 7,83
51.92 -82,42 8,08
51.93 -82,67 8,32
51.95 -82,91 8,57
