#Kinovea Trajectory data export
#T X Y

# Trajectory 1
0.00 1,92 22,80
0.03 1,92 22,80
0.07 1,74 22,80
0.10 1,74 22,80
0.13 1,56 22,80
0.17 1,56 22,80
0.20 1,38 22,80
0.23 1,20 22,80
0.27 1,02 22,80
0.30 1,02 22,80
0.33 0,84 22,80
0.37 0,83 22,80
0.40 0,65 22,80
0.43 0,65 22,80
0.47 0,65 22,80
0.50 0,47 22,80
0.53 0,47 22,80
0.57 0,47 22,80
0.60 0,29 22,81
0.63 0,11 22,99
0.67 0,11 23,17
0.70 0,11 23,35
0.73 0,11 23,71
0.77 0,11 24,07
0.80 0,29 24,62
0.83 0,29 25,16
0.87 0,47 25,89
0.90 0,65 26,62
0.93 0,83 27,52
0.97 1,01 28,43
1.00 1,20 29,51
1.03 1,56 30,60
1.07 1,74 31,68
1.10 1,92 32,95
1.13 2,28 34,03
1.17 2,46 35,30
1.20 2,64 36,57
1.23 2,82 37,84
1.27 3,01 39,29
1.30 3,19 40,73
1.33 3,37 42,18
1.37 3,73 43,63
1.40 3,91 45,26
1.43 4,09 46,89
1.47 4,27 48,52
1.50 4,45 50,33
1.53 4,63 52,14
1.57 4,81 53,95
1.60 5,00 55,94
1.63 5,18 57,93
1.67 5,18 59,74
1.70 5,36 61,73
1.73 5,36 63,54
1.77 5,36 65,35
1.80 5,18 66,98
1.83 5,00 68,61
1.87 4,81 70,06
1.90 4,45 71,15
1.93 4,27 72,05
1.97 4,09 72,41
2.00 3,73 72,60
2.03 3,37 72,60
2.07 3,19 72,41
2.10 2,82 71,87
2.13 2,64 71,51
2.17 2,64 70,97
2.20 2,83 70,79
2.23 3,01 70,42
2.27 3,19 70,24
2.30 3,37 70,06
2.33 3,19 69,88
2.37 3,19 69,88
2.40 3,01 69,70
2.43 2,83 69,70
2.47 2,64 69,70
2.50 2,46 69,52
2.53 2,46 69,52
2.57 2,28 69,52
2.60 2,28 69,34
2.63 2,28 69,34
2.67 2,28 69,34
2.70 2,28 69,16
2.73 2,46 69,16
2.77 2,46 69,16
2.80 2,46 69,17
2.83 2,46 69,17
2.87 2,46 69,17
2.90 2,46 69,17
2.93 2,46 69,17
2.97 2,46 69,18
3.00 2,46 69,18
3.03 2,46 69,18
3.07 2,64 69,17
3.10 2,64 69,00
3.13 2,64 69,00
3.17 2,64 69,00
3.20 2,64 69,00
3.23 2,82 69,00
3.27 2,82 69,00
3.30 2,64 69,00
3.33 2,64 69,00
3.37 2,64 69,01
3.40 2,64 69,01
3.43 2,65 69,01
3.47 2,65 68,83
3.50 2,65 68,65
3.53 2,83 68,47
3.57 2,83 67,92
3.60 3,01 67,38
3.63 3,19 66,84
3.67 3,37 65,94
3.70 3,37 65,03
3.73 3,73 64,13
3.77 3,91 63,22
3.80 3,91 62,32
3.83 4,09 61,23
3.87 4,09 60,33
3.90 3,91 59,42
3.93 3,91 58,70
3.97 3,73 57,61
4.00 3,36 56,71
4.03 3,18 55,80
4.07 2,82 54,90
4.10 2,28 53,99
4.13 1,92 53,09
4.17 1,55 52,19
4.20 1,01 51,28
4.23 0,65 50,38
4.27 0,28 49,47
4.30 -0,08 48,39
4.33 -0,26 47,48
4.37 -0,62 46,40
4.40 -0,99 45,49
4.43 -1,17 44,59
4.47 -1,35 43,50
4.50 -1,53 42,60
4.53 -1,71 41,51
4.57 -1,71 40,42
4.60 -1,89 39,34
4.63 -2,07 38,43
4.67 -2,25 37,53
4.70 -2,43 36,62
4.73 -2,61 35,90
4.77 -2,80 34,99
4.80 -2,80 34,09
4.83 -2,98 33,36
4.87 -3,16 32,46
4.90 -3,34 31,73
4.93 -3,34 31,01
4.97 -3,34 30,46
5.00 -3,52 29,74
5.03 -3,52 29,01
5.07 -3,52 28,29
5.10 -3,52 27,75
5.13 -3,52 27,03
5.17 -3,52 26,30
5.20 -3,34 25,58
5.23 -3,34 24,67
5.27 -3,16 23,59
5.30 -3,16 22,68
5.33 -3,16 23,22
5.37 -3,16 23,59
5.40 -3,16 23,77
5.43 -3,16 23,58
5.47 -3,34 23,04
5.50 -3,34 23,04
5.53 -3,34 23,40
5.57 -3,34 23,40
5.60 -3,52 23,04
5.63 -3,52 23,22
5.67 -3,71 23,58
5.70 -3,71 23,94
5.73 -3,53 24,66
5.77 -3,53 25,39
5.80 -3,16 26,11
5.83 -2,80 27,02
5.87 -2,44 28,11
5.90 -1,90 29,19
5.93 -1,71 30,10
5.97 -1,35 31,19
6.00 -0,99 32,27
6.03 -0,63 33,54
6.07 -0,08 34,98
6.10 0,46 36,43
6.13 1,00 38,06
6.17 1,54 39,51
6.20 2,09 41,32
6.23 2,63 42,95
6.27 2,99 44,76
6.30 3,35 46,39
6.33 3,90 48,20
6.37 4,26 50,01
6.40 4,62 52,00
6.43 4,80 53,81
6.47 5,17 55,63
6.50 5,35 57,62
6.53 5,53 59,43
6.57 5,53 61,24
6.60 5,53 63,05
6.63 5,52 64,68
6.67 5,34 66,13
6.70 5,16 67,57
6.73 4,98 68,66
6.77 4,80 69,38
6.80 4,80 69,75
6.83 4,44 69,75
6.87 4,08 69,57
6.90 3,72 69,21
6.93 3,53 68,85
6.97 3,35 68,30
7.00 3,35 68,12
7.03 3,35 67,76
7.07 3,53 67,76
7.10 3,53 67,76
7.13 3,53 67,76
7.17 3,53 67,95
7.20 3,35 67,95
7.23 3,17 67,95
7.27 2,99 67,95
7.30 2,99 67,95
7.33 2,81 67,77
7.37 2,81 67,41
7.40 2,81 67,22
7.43 2,81 66,68
7.47 2,81 66,14
7.50 2,81 65,41
7.53 2,81 64,69
7.57 2,63 63,78
7.60 2,63 62,70
7.63 2,63 61,61
7.67 2,44 60,52
7.70 2,26 59,43
7.73 2,08 58,35
7.77 1,72 57,26
7.80 1,36 55,99
7.83 0,81 54,73
7.87 0,27 53,64
7.90 -0,27 52,56
7.93 -0,81 51,47
7.97 -1,36 50,38
8.00 -1,72 49,30
8.03 -2,26 48,21
8.07 -2,81 47,12
8.10 -3,17 46,22
8.13 -3,53 44,95
8.17 -3,71 43,86
8.20 -4,07 42,42
8.23 -4,26 41,15
8.27 -4,26 39,88
8.30 -4,44 38,61
8.33 -4,62 37,35
8.37 -4,80 36,26
8.40 -4,80 34,99
8.43 -4,80 33,73
8.47 -4,80 32,64
8.50 -4,80 31,56
8.53 -4,80 30,47
8.57 -4,80 29,57
8.60 -4,62 28,66
8.63 -4,62 27,94
8.67 -4,62 27,21
8.70 -4,62 26,30
8.73 -4,62 25,40
8.77 -4,62 24,68
8.80 -4,44 23,95
8.83 -4,26 23,23
8.87 -4,26 22,87
8.90 -4,26 23,41
8.93 -4,26 23,59
8.97 -4,26 23,22
9.00 -4,26 23,04
9.03 -4,44 23,40
9.07 -4,44 23,40
9.10 -4,44 23,22
9.13 -4,62 23,22
9.17 -4,62 23,40
9.20 -4,80 23,58
9.23 -4,98 23,76
9.27 -4,98 24,12
9.30 -4,80 24,67
9.33 -4,62 25,21
9.37 -4,26 25,75
9.40 -3,71 26,47
9.43 -3,17 27,20
9.47 -2,81 27,93
9.50 -2,63 28,65
9.53 -2,45 29,38
9.57 -2,08 30,10
9.60 -1,90 31,01
9.63 -1,72 31,92
9.67 -1,36 33,00
9.70 -1,00 34,09
9.73 -0,82 35,18
9.77 -0,46 36,44
9.80 -0,10 37,71
9.83 0,45 39,16
9.87 0,81 40,79
9.90 1,17 42,24
9.93 1,53 43,87
9.97 1,90 45,50
10.00 2,26 47,13
10.03 2,62 48,94
10.07 2,98 50,75
10.10 3,35 52,55
10.13 3,71 54,36
10.17 3,89 56,18
10.20 4,07 57,99
10.23 4,25 59,80
10.27 4,25 61,61
10.30 4,43 63,24
10.33 4,43 64,87
10.37 4,25 66,32
10.40 4,25 67,41
10.43 4,07 68,49
10.47 3,89 69,22
10.50 3,71 69,58
10.53 3,34 69,76
10.57 2,98 69,58
10.60 2,62 69,40
10.63 2,26 69,22
10.67 2,08 69,04
10.70 2,08 68,86
10.73 1,90 68,86
10.77 2,08 68,68
10.80 2,08 68,68
10.83 1,89 68,68
10.87 1,89 68,50
10.90 1,89 68,50
10.93 1,71 68,49
10.97 1,53 68,31
11.00 1,53 68,31
11.03 1,35 68,31
11.07 1,35 68,31
11.10 1,35 68,31
11.13 1,17 68,31
11.17 1,17 68,31
11.20 1,17 68,13
11.23 0,99 68,13
11.27 0,81 68,13
11.30 0,81 68,14
11.33 0,81 68,14
11.37 0,62 68,14
11.40 0,62 68,14
11.43 0,44 68,32
11.47 0,44 68,33
11.50 0,26 68,51
11.53 0,26 68,51
11.57 0,08 68,69
11.60 0,08 68,69
11.63 -0,10 68,69
11.67 -0,10 68,69
11.70 -0,28 68,69
11.73 -0,28 68,51
11.77 -0,28 68,33
11.80 -0,10 67,96
11.83 -0,10 67,42
11.87 0,08 66,88
11.90 0,08 65,97
11.93 0,08 64,89
11.97 0,08 63,80
12.00 0,26 62,72
12.03 0,26 61,45
12.07 0,26 60,18
12.10 0,08 58,91
12.13 -0,10 57,64
12.17 -0,28 56,55
12.20 -0,64 55,29
12.23 -1,01 54,20
12.27 -1,37 53,11
12.30 -1,91 52,02
12.33 -2,46 50,94
12.37 -2,82 49,85
12.40 -3,00 48,77
12.43 -3,36 47,68
12.47 -3,90 46,78
12.50 -4,27 45,69
12.53 -4,45 44,60
12.57 -4,63 43,52
12.60 -4,81 42,25
12.63 -4,99 40,98
12.67 -4,99 39,90
12.70 -4,99 38,63
12.73 -4,99 37,36
12.77 -4,99 36,28
12.80 -4,81 35,19
12.83 -4,81 33,92
12.87 -4,63 32,66
12.90 -4,63 31,57
12.93 -4,63 30,48
12.97 -4,63 29,40
13.00 -4,45 28,49
13.03 -4,45 27,59
13.07 -4,45 26,68
13.10 -4,45 25,95
13.13 -4,27 25,05
13.17 -4,27 24,33
13.20 -4,27 23,42
13.23 -4,27 22,88
13.27 -4,09 23,24
13.30 -4,09 23,60
13.33 -4,09 23,42
13.37 -4,09 23,06
13.40 -4,09 23,25
13.43 -3,90 23,43
13.47 -3,91 23,25
13.50 -3,91 23,25
13.53 -3,91 23,25
13.57 -4,09 23,43
13.60 -4,09 23,61
13.63 -4,09 23,98
13.67 -3,91 24,52
13.70 -3,54 25,07
13.73 -3,18 25,79
13.77 -2,64 26,51
13.80 -2,09 27,24
13.83 -1,73 27,96
13.87 -1,37 28,69
13.90 -1,01 29,41
13.93 -0,65 30,13
13.97 -0,28 31,04
14.00 0,26 32,12
14.03 0,44 33,03
14.07 0,80 34,12
14.10 1,16 35,20
14.13 1,53 36,47
14.17 1,89 37,74
14.20 2,25 39,18
14.23 2,61 40,63
14.27 2,97 42,08
14.30 3,15 43,71
14.33 3,34 45,16
14.37 3,70 46,79
14.40 4,06 48,60
14.43 4,24 50,23
14.47 4,42 52,04
14.50 4,42 53,67
14.53 4,60 55,48
14.57 4,78 57,29
14.60 4,60 58,92
14.63 4,60 60,55
14.67 4,60 62,00
14.70 4,42 63,44
14.73 4,24 64,71
14.77 4,06 65,98
14.80 3,70 66,88
14.83 3,51 67,79
14.87 3,33 68,51
14.90 2,97 69,06
14.93 2,97 69,42
14.97 2,61 69,60
15.00 2,43 69,61
15.03 2,07 69,61
15.07 1,70 69,43
15.10 1,52 69,25
15.13 1,34 69,07
15.17 1,34 69,07
15.20 1,34 69,07
15.23 1,34 69,07
15.27 1,34 69,25
15.30 1,34 69,25
15.33 1,16 69,25
15.37 1,16 69,25
15.40 1,16 69,25
15.43 1,16 69,25
15.47 1,34 69,07
15.50 1,34 68,71
15.53 1,52 68,53
15.57 1,52 68,16
15.60 1,70 67,62
15.63 1,88 67,08
15.67 2,07 66,35
15.70 2,25 65,44
15.73 2,43 64,54
15.77 2,43 63,45
15.80 2,61 62,37
15.83 2,61 61,46
15.87 2,43 60,38
15.90 2,25 59,29
15.93 2,25 58,20
15.97 1,88 56,94
16.00 1,70 55,85
16.03 1,34 54,76
16.07 0,98 53,68
16.10 0,62 52,59
16.13 0,43 51,32
16.17 0,07 50,05
16.20 -0,11 48,79
16.23 -0,47 47,70
16.27 -0,65 46,43
16.30 -0,83 45,35
16.33 -1,01 44,08
16.37 -1,01 42,81
16.40 -1,01 41,55
16.43 -1,20 40,28
16.47 -1,20 39,19
16.50 -1,38 37,92
16.53 -1,38 37,02
16.57 -1,38 35,93
16.60 -1,38 34,84
16.63 -1,56 33,76
16.67 -1,56 32,85
16.70 -1,74 31,95
16.73 -1,74 31,04
16.77 -1,74 30,32
16.80 -1,74 29,59
16.83 -1,74 28,87
16.87 -1,92 27,96
16.90 -1,92 27,06
16.93 -1,92 26,16
16.97 -1,92 25,25
17.00 -1,74 24,34
17.03 -1,74 23,26
17.07 -1,74 22,72
17.10 -1,56 23,26
17.13 -1,56 23,44
17.17 -1,56 23,26
17.20 -1,74 22,90
17.23 -1,56 23,08
17.27 -1,56 23,26
17.30 -1,56 23,08
17.33 -1,56 23,08
17.37 -1,56 23,08
17.40 -1,74 23,08
17.43 -2,10 23,26
17.47 -2,10 23,44
17.50 -2,28 23,80
17.53 -2,10 24,17
17.57 -1,92 24,71
17.60 -1,74 25,26
17.63 -1,38 25,80
17.67 -1,02 26,53
17.70 -0,47 27,25
17.73 -0,29 27,80
17.77 0,07 28,52
17.80 0,25 29,24
17.83 0,43 29,96
17.87 0,61 30,69
17.90 0,79 31,41
17.93 1,16 32,50
17.97 1,34 33,40
18.00 1,70 34,49
18.03 1,88 35,58
18.07 2,24 36,85
18.10 2,61 38,11
18.13 2,97 39,56
18.17 3,33 40,83
18.20 3,51 42,28
18.23 3,69 43,73
18.27 3,87 45,36
18.30 4,06 46,80
18.33 4,24 48,43
18.37 4,42 49,88
18.40 4,42 51,51
18.43 4,42 53,14
18.47 4,60 54,77
18.50 4,60 56,40
18.53 4,42 58,03
18.57 4,42 59,66
18.60 4,42 61,11
18.63 4,24 62,56
18.67 4,06 64,01
18.70 4,05 65,27
18.73 3,69 66,18
18.77 3,51 67,08
18.80 3,33 67,80
18.83 3,33 68,17
18.87 3,15 68,53
18.90 3,15 68,71
18.93 2,61 68,72
18.97 2,24 68,54
19.00 1,88 68,36
19.03 1,70 68,18
19.07 1,52 68,00
19.10 1,34 68,00
19.13 1,34 67,99
19.17 1,34 67,81
19.20 1,34 67,81
19.23 1,34 67,81
19.27 1,34 67,63
19.30 1,34 67,45
19.33 1,34 67,27
19.37 1,34 67,09
19.40 1,34 66,91
19.43 1,34 66,91
19.47 1,34 66,91
19.50 1,34 66,91
19.53 1,34 66,91
19.57 1,34 66,90
19.60 1,34 66,73
19.63 1,34 66,73
19.67 1,34 66,73
19.70 1,34 66,73
19.73 1,34 66,73
19.77 1,34 66,55
19.80 1,34 66,55
19.83 1,34 66,55
19.87 1,34 66,55
19.90 1,34 66,55
19.93 1,52 66,55
19.97 1,52 66,73
20.00 1,52 66,73
20.03 1,51 66,73
20.07 1,51 66,73
20.10 1,51 66,73
20.13 1,51 66,91
20.17 1,51 66,91
20.20 1,33 67,09
20.23 1,33 67,09
20.27 1,15 67,27
20.30 1,15 67,27
20.33 1,15 67,45
20.37 0,97 67,46
20.40 0,97 67,46
20.43 0,97 67,46
20.47 0,79 67,46
20.50 0,79 67,10
20.53 0,97 66,74
20.57 0,97 66,20
20.60 0,97 65,48
20.63 1,15 64,75
20.67 1,15 63,67
20.70 1,33 62,58
20.73 1,51 61,31
20.77 1,51 60,05
20.80 1,51 58,96
20.83 1,33 57,69
20.87 1,15 56,61
20.90 0,79 55,52
20.93 0,43 54,43
20.97 0,06 53,34
21.00 -0,48 52,25
21.03 -0,84 51,17
21.07 -1,39 50,08
21.10 -1,75 48,99
21.13 -2,11 48,09
21.17 -2,29 47,00
21.20 -2,47 46,10
21.23 -2,65 44,83
21.27 -2,65 43,56
21.30 -2,65 42,29
21.33 -2,65 41,03
21.37 -2,65 39,76
21.40 -2,65 38,50
21.43 -2,65 37,41
21.47 -2,47 36,32
21.50 -2,47 35,24
21.53 -2,47 33,97
21.57 -2,47 32,88
21.60 -2,47 31,80
21.63 -2,47 30,71
21.67 -2,47 29,81
21.70 -2,65 28,72
21.73 -2,65 27,64
21.77 -2,65 26,73
21.80 -2,47 25,83
21.83 -2,47 24,74
21.87 -2,48 23,65
21.90 -2,48 22,75
21.93 -2,48 23,29
21.97 -2,48 23,65
22.00 -2,48 23,66
22.03 -2,66 23,11
22.07 -2,66 23,11
22.10 -2,84 23,47
22.13 -2,84 23,29
22.17 -2,84 23,12
22.20 -3,02 23,30
22.23 -3,02 23,48
22.27 -3,02 23,84
22.30 -2,84 24,20
22.33 -2,48 24,75
22.37 -2,12 25,29
22.40 -1,75 25,83
22.43 -1,21 26,38
22.47 -0,67 26,92
22.50 -0,31 27,64
22.53 0,05 28,19
22.57 0,42 28,91
22.60 0,60 29,63
22.63 0,96 30,35
22.67 1,14 31,08
22.70 1,50 31,98
22.73 1,50 32,71
22.77 1,86 33,61
22.80 2,23 34,70
22.83 2,41 35,78
22.87 2,59 36,69
22.90 2,77 37,78
22.93 2,95 39,04
22.97 3,31 40,31
23.00 3,49 41,58
23.03 3,49 42,85
23.07 3,67 44,30
23.10 3,85 45,56
23.13 3,85 47,01
23.17 4,03 48,46
23.20 4,03 49,91
23.23 4,22 51,36
23.27 4,40 52,99
23.30 4,40 54,80
23.33 4,58 56,43
23.37 4,58 57,87
23.40 4,76 59,50
23.43 4,76 60,95
23.47 4,76 62,40
23.50 4,76 63,67
23.53 4,57 64,75
23.57 4,57 65,84
23.60 4,39 66,56
23.63 4,39 67,29
23.67 4,39 67,83
23.70 4,21 68,01
23.73 4,03 68,20
23.77 3,85 68,38
23.80 3,67 68,38
23.83 3,31 68,37
23.87 2,95 68,37
23.90 2,77 68,20
23.93 2,58 68,37
23.97 2,40 68,37
24.00 2,40 68,38
24.03 2,40 68,38
24.07 2,40 68,56
24.10 2,40 68,55
24.13 2,22 68,37
24.17 2,22 68,37
24.20 2,22 68,19
24.23 2,04 68,01
24.27 2,04 68,01
24.30 2,04 67,83
24.33 1,86 67,84
24.37 1,86 67,84
24.40 1,68 67,84
24.43 1,68 68,02
24.47 1,50 68,02
24.50 1,50 68,20
24.53 1,32 68,20
24.57 1,32 68,20
24.60 1,14 68,20
24.63 1,14 68,20
24.67 1,14 68,20
24.70 1,14 68,20
24.73 1,14 68,02
24.77 1,14 67,84
24.80 1,14 67,47
24.83 1,14 67,11
24.87 1,14 66,39
24.90 1,32 65,67
24.93 1,50 64,94
24.97 1,50 63,85
25.00 1,68 62,77
25.03 1,86 61,68
25.07 1,86 60,41
25.10 1,86 59,15
25.13 1,68 58,06
25.17 1,50 56,98
25.20 1,32 55,89
25.23 0,95 54,98
25.27 0,59 53,90
25.30 0,23 52,99
25.33 -0,13 51,91
25.37 -0,68 50,82
25.40 -1,04 50,10
25.43 -1,58 49,19
25.47 -2,13 48,29
25.50 -2,49 47,56
25.53 -2,85 46,65
25.57 -3,21 45,75
25.60 -3,58 44,66
25.63 -3,76 43,58
25.67 -3,94 42,49
25.70 -3,94 41,22
25.73 -4,12 39,95
25.77 -4,12 38,87
25.80 -4,30 37,60
25.83 -4,30 36,51
25.87 -4,12 35,43
25.90 -4,12 34,16
25.93 -3,94 33,08
25.97 -3,94 31,99
26.00 -3,94 30,90
26.03 -3,76 29,81
26.07 -3,58 28,91
26.10 -3,58 28,00
26.13 -3,58 26,92
26.17 -3,58 26,01
26.20 -3,58 25,11
26.23 -3,76 24,02
26.27 -3,76 23,12
26.30 -3,58 22,94
26.33 -3,58 23,48
26.37 -3,40 23,66
26.40 -3,58 23,29
26.43 -3,40 23,11
26.47 -3,40 23,30
26.50 -3,40 23,30
26.53 -3,22 23,29
26.57 -3,22 23,29
26.60 -3,22 23,29
26.63 -3,22 23,29
26.67 -3,40 23,29
26.70 -3,58 23,11
26.73 -3,58 23,29
26.77 -3,76 23,29
26.80 -3,94 23,47
26.83 -3,94 23,65
26.87 -3,76 24,02
26.90 -3,58 24,38
26.93 -3,40 24,74
26.97 -3,04 25,10
27.00 -2,68 25,47
27.03 -2,31 26,01
27.07 -1,77 26,55
27.10 -1,59 26,91
27.13 -1,23 27,46
27.17 -0,87 28,00
27.20 -0,51 28,73
27.23 -0,32 29,45
27.27 0,04 30,18
27.30 0,40 31,08
27.33 0,76 31,99
27.37 1,31 33,08
27.40 1,67 34,16
27.43 2,21 35,43
27.47 2,57 36,70
27.50 2,94 37,97
27.53 3,48 39,23
27.57 3,84 40,68
27.60 4,38 41,95
27.63 4,75 43,40
27.67 4,93 44,85
27.70 5,29 46,12
27.73 5,47 47,57
27.77 5,83 49,02
27.80 6,01 50,47
27.83 6,20 51,92
27.87 6,38 53,37
27.90 6,56 54,82
27.93 6,56 56,26
27.97 6,74 57,89
28.00 6,74 59,34
28.03 6,74 60,79
28.07 6,74 62,06
28.10 6,56 63,15
28.13 6,56 64,41
28.17 6,38 65,32
28.20 6,19 66,41
28.23 6,19 67,31
28.27 6,01 68,04
28.30 5,83 68,76
28.33 5,83 68,94
28.37 5,47 69,12
28.40 5,29 69,13
28.43 4,75 69,12
28.47 4,38 68,76
28.50 4,20 68,59
28.53 4,02 68,41
28.57 4,02 68,40
28.60 4,02 68,23
28.63 4,02 68,23
28.67 4,02 68,22
28.70 4,02 68,04
28.73 4,03 68,04
28.77 4,02 67,86
28.80 4,02 67,68
28.83 3,84 67,50
28.87 3,66 67,32
28.90 3,66 66,96
28.93 3,48 66,78
28.97 3,30 66,60
29.00 3,30 66,60
29.03 3,12 66,42
29.07 3,12 66,24
29.10 2,94 66,24
29.13 2,94 66,06
29.17 2,76 66,06
29.20 2,58 65,88
29.23 2,58 65,70
29.27 2,58 65,70
29.30 2,58 65,52
29.33 2,39 65,52
29.37 2,40 65,52
29.40 2,40 65,52
29.43 2,40 65,52
29.47 2,58 65,52
29.50 2,58 65,70
29.53 2,39 65,70
29.57 2,40 65,88
29.60 2,40 65,88
29.63 2,40 66,07
29.67 2,40 66,07
29.70 2,40 66,07
29.73 2,40 66,07
29.77 2,40 65,89
29.80 2,58 65,52
29.83 2,58 64,98
29.87 2,58 64,44
29.90 2,58 63,71
29.93 2,58 62,80
29.97 2,58 61,72
30.00 2,76 60,63
30.03 2,76 59,55
30.07 2,76 58,46
30.10 2,58 57,20
30.13 2,39 56,11
30.17 2,21 55,03
30.20 1,85 54,12
30.23 1,67 53,03
30.27 1,31 51,95
30.30 0,95 50,86
30.33 0,58 49,96
30.37 0,22 49,05
30.40 -0,14 48,33
30.43 -0,50 47,60
30.47 -0,69 46,70
30.50 -1,05 45,61
30.53 -1,41 44,52
30.57 -1,41 43,62
30.60 -1,59 42,53
30.63 -1,59 41,44
30.67 -1,77 40,36
30.70 -1,95 39,27
30.73 -2,14 38,18
30.77 -2,14 37,28
30.80 -2,32 36,19
30.83 -2,32 35,29
30.87 -2,50 34,20
30.90 -2,50 33,11
30.93 -2,50 32,03
30.97 -2,50 30,94
31.00 -2,50 29,85
31.03 -2,50 28,77
31.07 -2,50 27,68
31.10 -2,50 26,60
31.13 -2,50 25,51
31.17 -2,32 24,42
31.20 -2,14 22,97
31.23 -2,14 22,43
31.27 -1,95 23,34
31.30 -1,95 23,88
31.33 -2,14 23,34
31.37 -2,32 22,79
31.40 -2,32 23,15
31.43 -2,50 23,33
31.47 -2,50 22,97
31.50 -2,68 23,15
31.53 -2,86 23,15
31.57 -3,04 22,97
31.60 -3,04 23,15
31.63 -3,22 23,15
31.67 -3,40 23,15
31.70 -3,58 23,15
31.73 -3,59 23,15
31.77 -3,77 23,15
31.80 -3,95 23,15
31.83 -3,95 23,16
31.87 -4,13 23,16
31.90 -4,31 23,16
31.93 -4,31 23,16
31.97 -4,31 23,16
32.00 -4,31 23,17
32.03 -4,49 23,17
32.07 -4,49 23,17
32.10 -4,49 23,17
32.13 -4,49 23,17
32.17 -4,49 23,18
32.20 -4,49 23,18
32.23 -4,31 23,18
32.27 -4,31 23,18
32.30 -4,31 23,19
32.33 -4,31 23,19
32.37 -4,13 23,19
32.40 -4,13 23,19
32.43 -3,95 23,19
32.47 -3,95 23,18
32.50 -3,77 23,18
32.53 -3,59 23,18
32.57 -3,41 23,18
32.60 -3,23 23,18
32.63 -2,87 23,18
32.67 -2,69 23,18
32.70 -2,14 23,36
32.73 -1,78 23,36
32.77 -1,42 23,54
32.80 -1,06 23,90
32.83 -0,70 24,08
32.87 -0,33 24,26
32.90 0,03 24,62
32.93 0,39 24,98
32.97 0,75 25,35
33.00 1,11 26,07
33.03 1,30 26,61
33.07 1,48 27,16
33.10 1,84 27,70
33.13 2,02 28,43
33.17 2,20 29,15
33.20 2,56 30,05
33.23 2,74 30,78
33.27 3,11 31,69
33.30 3,47 32,60
33.33 3,83 33,68
33.37 4,01 34,58
33.40 4,37 35,49
33.43 4,73 36,40
33.47 4,91 37,30
33.50 5,28 38,39
33.53 5,46 39,29
33.57 5,82 40,20
33.60 6,00 41,11
33.63 6,36 42,19
33.67 6,54 43,10
33.70 6,72 44,18
33.73 6,91 45,09
33.77 7,09 45,99
33.80 7,09 47,08
33.83 7,27 47,98
33.87 7,27 48,89
33.90 7,45 49,97
33.93 7,45 51,06
33.97 7,63 52,14
34.00 7,63 53,23
34.03 7,63 54,31
34.07 7,63 55,40
34.10 7,63 56,49
34.13 7,45 57,39
34.17 7,27 58,30
34.20 7,08 59,20
34.23 6,90 60,11
34.27 6,72 60,83
34.30 6,54 61,56
34.33 6,36 62,28
34.37 6,18 63,00
34.40 6,00 63,73
34.43 5,82 64,27
34.47 5,63 64,81
34.50 5,45 65,54
34.53 5,27 65,90
34.57 5,09 66,44
34.60 4,91 66,81
34.63 4,55 67,17
34.67 4,37 67,35
34.70 4,00 67,53
34.73 3,64 67,71
34.77 3,28 67,71
34.80 2,92 67,89
34.83 2,37 67,89
34.87 2,01 68,07
34.90 1,65 68,08
34.93 1,47 68,26
34.97 1,11 68,44
35.00 0,92 68,44
35.03 0,92 68,44
35.07 0,74 68,44
35.10 0,74 68,44
35.13 0,74 68,26
35.17 0,56 68,26
35.20 0,56 68,08
35.23 0,38 68,08
35.27 0,38 68,08
35.30 0,38 68,26
35.33 0,20 68,44
35.37 0,20 68,44
35.40 0,02 68,44
35.43 0,02 68,44
35.47 0,20 68,44
35.50 0,20 68,26
35.53 0,38 68,08
35.57 0,56 67,72
35.60 0,74 67,18
35.63 0,92 66,63
35.67 1,11 65,91
35.70 1,47 65,19
35.73 1,65 64,28
35.77 1,83 63,38
35.80 2,01 62,29
35.83 2,19 61,02
35.87 2,19 59,76
35.90 2,19 58,67
35.93 2,19 57,40
35.97 2,19 56,14
36.00 1,83 55,05
36.03 1,65 53,96
36.07 1,29 52,87
36.10 1,11 51,79
36.13 0,74 50,70
36.17 0,20 49,61
36.20 -0,16 48,71
36.23 -0,71 47,62
36.27 -1,07 46,72
36.30 -1,61 45,63
36.33 -1,79 44,55
36.37 -2,16 43,46
36.40 -2,52 42,20
36.43 -2,52 41,11
36.47 -2,70 39,84
36.50 -2,88 38,76
36.53 -3,06 37,49
36.57 -3,24 36,40
36.60 -3,24 35,32
36.63 -3,06 34,23
36.67 -3,06 32,96
36.70 -3,06 31,87
36.73 -3,06 30,61
