#Kinovea Trajectory data export
#T X Y

# Trajectory 1
0.03 1,91 -21,54
0.07 1,90 -21,54
0.10 1,74 -21,53
0.13 1,75 -21,53
0.17 1,76 -21,53
0.20 1,76 -21,53
0.23 1,76 -21,53
0.27 1,75 -21,53
0.30 1,75 -21,54
0.33 1,74 -21,54
0.37 1,74 -21,54
0.40 1,74 -21,54
0.43 1,75 -21,54
0.47 1,76 -21,55
0.50 1,92 -21,55
0.53 1,91 -21,56
0.57 1,90 -21,56
0.60 1,90 -21,40
0.63 1,91 -21,40
0.67 1,92 -21,41
0.70 1,93 -21,41
0.73 1,94 -21,41
0.77 1,96 -21,42
0.80 1,97 -21,42
0.83 1,99 -21,42
0.87 2,00 -21,43
0.90 1,83 -21,43
0.93 1,84 -21,43
0.97 1,84 -21,44
1.00 1,85 -21,44
1.03 1,85 -21,44
1.07 1,84 -21,44
1.10 1,83 -21,44
1.13 1,83 -21,44
1.17 1,82 -21,44
1.20 1,81 -21,43
1.23 1,98 -21,43
1.27 1,99 -21,43
1.30 1,83 -21,43
1.33 1,99 -21,43
1.37 1,99 -21,43
1.40 2,16 -21,43
1.43 2,16 -21,43
1.47 2,16 -21,43
1.50 2,17 -21,43
1.53 1,99 -21,42
1.57 1,99 -21,42
1.60 2,15 -21,43
1.63 1,99 -21,43
1.67 1,99 -21,43
1.70 1,82 -21,44
1.73 1,81 -21,45
1.77 1,82 -21,45
1.80 1,66 -21,45
1.83 1,67 -21,46
1.87 1,68 -21,46
1.90 1,69 -21,47
1.93 1,69 -21,47
1.97 1,70 -21,47
2.00 1,71 -21,48
2.03 1,72 -21,48
2.07 1,72 -21,48
2.10 1,73 -21,49
2.13 1,74 -21,49
2.17 1,75 -21,49
2.20 1,76 -21,49
2.23 1,77 -21,49
2.27 1,79 -21,48
2.30 1,81 -21,48
2.33 1,82 -21,48
2.37 1,66 -21,47
2.40 1,68 -21,47
2.43 1,83 -21,47
2.47 1,82 -21,47
2.50 1,82 -21,47
2.53 1,82 -21,47
2.57 1,83 -21,46
2.60 1,85 -21,46
2.63 1,86 -21,46
2.67 1,88 -21,46
2.70 1,89 -21,45
2.73 1,91 -21,45
2.77 1,92 -21,44
2.80 1,93 -21,44
2.83 1,94 -21,44
2.87 1,94 -21,44
2.90 1,94 -21,44
2.93 1,94 -21,44
2.97 1,93 -21,44
3.00 1,93 -21,44
3.03 1,91 -21,44
3.07 1,90 -21,45
3.10 1,88 -21,45
3.13 1,86 -21,45
3.17 1,85 -21,46
3.20 1,84 -21,46
3.23 1,84 -21,46
3.27 1,84 -21,46
3.30 1,85 -21,45
3.33 2,01 -21,45
3.37 2,01 -21,44
3.40 2,01 -21,44
3.43 2,02 -21,44
3.47 2,03 -21,44
3.50 2,05 -21,44
3.53 2,06 -21,43
3.57 2,08 -21,43
3.60 2,10 -21,43
3.63 2,11 -21,43
3.67 2,12 -21,43
3.70 2,12 -21,43
3.73 2,12 -21,44
3.77 2,10 -21,45
3.80 1,94 -21,46
3.83 1,94 -21,48
3.87 1,93 -21,63
3.90 1,92 -21,60
3.93 1,75 -21,57
3.97 1,76 -21,55
4.00 1,76 -21,70
4.03 1,75 -21,67
4.07 1,75 -21,65
4.10 1,74 -21,62
4.13 1,74 -21,60
4.17 1,74 -21,57
4.20 1,75 -21,54
4.23 1,77 -21,69
4.27 1,93 -21,66
4.30 1,93 -21,64
4.33 1,92 -21,49
4.37 1,92 -21,52
4.40 1,92 -21,55
4.43 1,93 -21,57
4.47 1,93 -21,42
4.50 1,93 -21,45
4.53 1,93 -21,47
4.57 1,93 -21,49
4.60 1,92 -21,51
4.63 1,92 -21,54
4.67 1,91 -21,56
4.70 1,90 -21,58
4.73 1,89 -21,43
4.77 1,73 -21,45
4.80 1,74 -21,46
4.83 1,75 -21,48
4.87 1,76 -21,50
4.90 1,77 -21,52
4.93 1,77 -21,54
4.97 1,77 -21,56
5.00 1,77 -21,40
5.03 1,77 -21,42
5.07 1,77 -21,44
5.10 1,76 -21,46
5.13 1,76 -21,48
5.17 1,76 -21,50
5.20 1,76 -21,52
5.23 1,75 -21,54
5.27 1,75 -21,56
5.30 1,75 -21,58
5.33 1,76 -21,43
5.37 1,77 -21,45
5.40 1,78 -21,47
5.43 1,79 -21,49
5.47 1,80 -21,51
5.50 1,81 -21,53
5.53 1,83 -21,55
5.57 1,66 -21,57
5.60 1,68 -21,41
5.63 1,69 -21,44
5.67 1,70 -21,46
5.70 1,71 -21,48
5.73 1,73 -21,50
5.77 1,74 -21,51
5.80 1,90 -21,53
5.83 1,89 -21,55
5.87 1,90 -21,57
5.90 1,91 -21,41
5.93 2,08 -21,43
5.97 2,09 -21,45
6.00 2,25 -21,46
6.03 2,25 -21,48
6.07 2,26 -21,49
6.10 2,28 -21,50
6.13 2,44 -21,52
6.17 2,43 -21,53
6.20 2,42 -21,55
6.23 2,41 -21,56
6.27 2,40 -21,40
6.30 2,39 -21,42
6.33 2,37 -21,44
6.37 2,20 -21,46
6.40 2,21 -21,48
6.43 2,20 -21,51
6.47 2,19 -21,53
6.50 2,02 -21,56
6.53 2,03 -21,58
6.57 2,02 -21,43
6.60 2,01 -21,46
6.63 1,84 -21,48
6.67 1,85 -21,50
6.70 1,85 -21,53
6.73 1,85 -21,55
6.77 1,85 -21,58
6.80 1,85 -21,43
6.83 1,84 -21,45
6.87 1,84 -21,48
6.90 1,83 -21,51
6.93 1,83 -21,53
6.97 1,82 -21,55
7.00 1,81 -21,58
7.03 1,97 -21,43
7.07 1,96 -21,59
7.10 1,94 -21,57
7.13 1,93 -21,55
7.17 1,77 -21,71
7.20 1,78 -21,69
7.23 1,80 -21,68
7.27 1,81 -21,66
7.30 1,82 -21,65
7.33 1,66 -21,64
7.37 1,67 -21,63
7.40 1,67 -21,62
7.43 1,68 -21,61
7.47 1,69 -21,60
7.50 1,70 -21,59
7.53 1,71 -21,57
7.57 1,71 -21,57
7.60 1,72 -21,56
7.63 1,72 -21,56
7.67 1,71 -21,57
7.70 1,55 -21,58
7.73 1,56 -21,59
7.77 1,57 -21,61
7.80 1,57 -21,63
7.83 1,56 -21,78
7.87 1,55 -21,78
7.90 1,38 -21,78
7.93 1,37 -21,80
7.97 1,20 -21,81
8.00 1,20 -21,82
8.03 1,20 -21,83
8.07 1,20 -21,85
8.10 1,20 -21,86
8.13 1,22 -21,88
8.17 1,23 -21,89
8.20 1,22 -21,91
8.23 1,21 -21,92
8.27 1,19 -21,77
8.30 1,18 -21,79
8.33 1,17 -21,81
8.37 1,16 -21,82
8.40 1,16 -21,84
8.43 1,16 -21,87
8.47 1,16 -22,03
8.50 1,16 -22,02
8.53 1,15 -22,01
8.57 1,14 -22,01
8.60 0,96 -22,01
8.63 0,79 -22,01
8.67 0,61 -22,00
8.70 0,43 -21,85
8.73 0,26 -21,82
8.77 0,09 -21,47
8.80 0,09 -21,12
8.83 0,08 -20,75
8.87 0,08 -20,22
8.90 0,08 -19,68
8.93 0,09 -18,97
8.97 0,25 -18,27
9.00 0,41 -17,56
9.03 0,59 -16,70
9.07 0,59 -15,99
9.10 0,75 -15,12
9.13 0,94 -14,25
9.17 1,12 -13,37
9.20 1,29 -12,49
9.23 1,47 -11,61
9.27 1,66 -10,57
9.30 2,00 -9,69
9.33 2,18 -8,81
9.37 2,37 -7,93
9.40 2,55 -7,05
9.43 2,90 -6,16
9.47 3,07 -5,12
9.50 3,25 -4,25
9.53 3,43 -3,37
9.57 3,61 -2,48
9.60 3,79 -1,43
9.63 3,95 -0,38
9.67 3,95 0,50
9.70 4,12 1,72
9.73 3,95 2,60
9.77 3,96 3,65
9.80 3,97 4,70
9.83 3,97 5,92
9.87 3,80 6,97
9.90 3,63 8,02
9.93 3,62 9,08
9.97 3,45 10,31
10.00 3,28 11,53
10.03 3,28 12,76
10.07 3,10 13,99
10.10 3,10 15,22
10.13 2,92 16,62
10.17 2,92 18,02
10.20 2,75 19,60
10.23 2,75 21,00
10.27 2,74 22,58
10.30 2,57 24,15
10.33 2,57 25,73
10.37 2,57 27,13
10.40 2,56 28,54
10.43 2,39 29,94
10.47 2,38 30,99
10.50 2,20 31,69
10.53 2,03 32,21
10.57 1,68 32,21
10.60 1,33 31,86
10.63 0,81 31,51
10.67 0,46 30,99
10.70 0,11 30,64
10.73 0,11 30,47
10.77 0,11 30,47
10.80 0,29 30,64
10.83 0,29 30,65
10.87 0,29 30,82
10.90 0,11 30,81
10.93 -0,06 30,64
10.97 -0,23 30,64
11.00 -0,24 30,63
11.03 -0,41 30,46
11.07 -0,41 30,47
11.10 -0,40 30,64
11.13 -0,40 30,65
11.17 -0,41 30,82
11.20 -0,58 30,83
11.23 -0,57 31,00
11.27 -0,57 31,00
11.30 -0,56 31,00
11.33 -0,56 31,00
11.37 -0,56 30,99
11.40 -0,56 30,82
11.43 -0,55 30,82
11.47 -0,55 30,65
11.50 -0,37 30,65
11.53 -0,37 30,64
11.57 -0,36 30,46
11.60 -0,35 30,30
11.63 -0,34 30,29
11.67 -0,34 30,10
11.70 -0,51 29,92
11.73 -0,51 29,74
11.77 -0,51 29,56
11.80 -0,52 29,39
11.83 -0,52 29,38
11.87 -0,69 29,20
11.90 -0,69 29,20
11.93 -0,69 29,02
11.97 -0,86 28,85
12.00 -0,87 28,85
12.03 -1,04 28,67
12.07 -1,05 28,68
12.10 -1,22 28,51
12.13 -1,22 28,51
12.17 -1,39 28,34
12.20 -1,39 28,33
12.23 -1,40 28,15
12.27 -1,57 27,98
12.30 -1,40 27,97
12.33 -1,40 27,80
12.37 -1,40 27,63
12.40 -1,39 27,63
12.43 -1,39 27,62
12.47 -1,38 27,45
12.50 -1,37 27,44
12.53 -1,21 27,28
12.57 -1,21 27,28
12.60 -1,21 27,29
12.63 -1,20 27,29
12.67 -1,03 27,29
12.70 -1,04 27,30
12.73 -1,03 27,47
12.77 -0,86 27,46
12.80 -0,86 27,46
12.83 -0,85 27,45
12.87 -0,68 27,28
12.90 -0,50 27,27
12.93 -0,33 27,09
12.97 0,01 26,39
13.00 0,19 26,04
13.03 0,37 25,52
13.07 0,55 24,99
13.10 0,90 24,29
13.13 1,08 23,59
13.17 1,42 22,88
13.20 1,60 22,01
13.23 1,77 21,14
13.27 1,76 20,26
13.30 1,76 19,39
13.33 1,75 18,52
13.37 1,57 17,65
13.40 1,22 16,78
13.43 1,04 15,90
13.47 0,69 15,03
13.50 0,34 14,15
13.53 -0,01 13,28
13.57 -0,37 12,40
13.60 -0,89 11,52
13.63 -1,25 10,64
13.67 -1,60 9,59
13.70 -1,95 8,54
13.73 -2,13 7,49
13.77 -2,30 6,27
13.80 -2,48 5,22
13.83 -2,65 4,16
13.87 -2,66 3,11
13.90 -2,83 1,88
13.93 -2,82 0,66
13.97 -2,65 -0,57
14.00 -2,65 -1,79
14.03 -2,65 -2,84
14.07 -2,66 -3,89
14.10 -2,66 -4,94
14.13 -2,65 -5,99
14.17 -2,49 -7,03
14.20 -2,48 -8,08
14.23 -2,47 -8,96
14.27 -2,31 -10,18
14.30 -2,30 -11,23
14.33 -2,29 -12,28
14.37 -2,28 -13,16
14.40 -2,12 -14,20
14.43 -2,13 -15,08
14.47 -2,13 -15,96
14.50 -2,13 -17,00
14.53 -1,96 -18,04
14.57 -1,95 -18,75
14.60 -1,95 -19,46
14.63 -1,94 -20,00
14.67 -1,93 -20,69
14.70 -1,91 -21,20
14.73 -1,75 -21,89
14.77 -1,76 -22,41
14.80 -1,77 -22,77
14.83 -1,78 -22,75
14.87 -1,79 -22,22
14.90 -1,80 -22,03
14.93 -1,81 -22,01
14.97 -1,97 -22,16
15.00 -1,96 -22,34
15.03 -1,98 -22,49
15.07 -2,14 -22,32
15.10 -2,15 -22,14
15.13 -2,16 -21,78
15.17 -2,17 -21,26
15.20 -2,18 -20,73
15.23 -2,16 -20,05
15.27 -1,97 -19,35
15.30 -1,63 -18,49
15.33 -1,46 -17,62
15.37 -1,11 -16,75
15.40 -0,93 -15,86
15.43 -0,58 -14,82
15.47 -0,41 -13,95
15.50 -0,25 -13,07
15.53 -0,08 -12,03
15.57 0,09 -10,98
15.60 0,26 -9,92
15.63 0,44 -8,70
15.67 0,61 -7,47
15.70 0,80 -6,24
15.73 0,97 -4,83
15.77 1,15 -3,44
15.80 1,32 -2,04
15.83 1,49 -0,63
15.87 1,67 0,94
15.90 1,68 2,52
15.93 1,85 4,09
15.97 1,84 5,50
16.00 1,84 7,08
16.03 1,83 8,83
16.07 1,83 10,40
16.10 1,83 11,98
16.13 1,83 13,56
16.17 1,82 15,31
16.20 1,65 16,89
16.23 1,65 18,64
16.27 1,48 20,04
16.30 1,47 21,62
16.33 1,31 23,02
16.37 1,30 24,43
16.40 1,13 25,65
16.43 0,96 26,88
16.47 0,96 27,76
16.50 0,79 28,46
16.53 0,62 29,16
16.57 0,45 29,51
16.60 0,28 29,69
16.63 -0,07 29,86
16.67 -0,59 29,68
16.70 -1,11 29,34
16.73 -1,81 29,16
16.77 -2,16 28,81
16.80 -2,51 28,81
16.83 -2,68 28,80
16.87 -2,68 28,80
16.90 -2,85 28,80
16.93 -2,86 28,62
16.97 -3,03 28,62
17.00 -3,20 28,44
17.03 -3,21 28,27
17.07 -3,21 28,10
17.10 -3,21 28,10
17.13 -3,20 27,92
17.17 -3,20 27,75
17.20 -3,20 27,76
17.23 -3,20 27,76
17.27 -3,20 27,76
17.30 -3,19 27,76
17.33 -3,02 27,75
17.37 -3,01 27,58
17.40 -2,84 27,58
17.43 -2,67 27,40
17.47 -2,50 27,22
17.50 -2,32 26,87
17.53 -2,14 26,53
17.57 -1,79 26,18
17.60 -1,44 25,65
17.63 -1,27 24,95
17.67 -1,08 24,24
17.70 -0,74 23,37
17.73 -0,57 22,49
17.77 -0,40 21,43
17.80 -0,40 20,38
17.83 -0,40 19,33
17.87 -0,58 18,28
17.90 -0,93 17,41
17.93 -1,28 16,36
17.97 -1,64 15,48
18.00 -2,17 14,43
18.03 -2,70 13,55
18.07 -3,40 12,67
18.10 -4,09 11,79
18.13 -4,79 10,91
18.17 -5,32 10,04
18.20 -5,84 9,15
18.23 -6,20 8,10
18.27 -6,73 6,88
18.30 -7,08 6,00
18.33 -7,61 4,96
18.37 -7,97 4,08
18.40 -8,31 3,03
18.43 -8,31 1,80
18.47 -8,48 0,40
18.50 -8,49 -0,83
18.53 -8,48 -2,06
18.57 -8,29 -3,28
18.60 -8,12 -4,51
18.63 -8,14 -5,56
18.67 -8,14 -6,78
18.70 -7,96 -7,83
18.73 -7,79 -8,89
18.77 -7,79 -10,11
18.80 -7,80 -11,17
18.83 -7,63 -12,22
18.87 -7,46 -13,27
18.90 -7,30 -14,15
18.93 -7,13 -15,20
18.97 -7,12 -16,09
19.00 -7,29 -16,97
19.03 -7,11 -17,84
19.07 -6,94 -18,54
19.10 -6,77 -19,24
19.13 -6,60 -19,77
19.17 -6,60 -20,46
19.20 -6,60 -20,99
19.23 -6,61 -21,50
19.27 -6,61 -21,87
19.30 -6,60 -22,40
19.33 -6,76 -22,94
19.37 -6,58 -23,63
19.40 -6,58 -23,61
19.43 -6,58 -23,09
19.47 -6,58 -22,93
19.50 -6,60 -22,94
19.53 -6,59 -22,78
19.57 -6,76 -22,62
19.60 -6,59 -22,10
19.63 -6,42 -21,73
19.67 -6,24 -21,37
19.70 -5,88 -20,83
19.73 -5,52 -20,14
19.77 -5,16 -19,60
19.80 -4,81 -18,92
19.83 -4,48 -18,39
19.87 -4,30 -17,70
19.90 -4,11 -17,17
19.93 -3,76 -16,47
19.97 -3,42 -15,77
20.00 -3,24 -15,07
20.03 -3,06 -14,36
20.07 -2,88 -13,65
20.10 -2,71 -12,79
20.13 -2,53 -11,92
20.17 -2,35 -11,04
20.20 -2,17 -10,00
20.23 -1,83 -8,76
20.27 -1,66 -7,71
20.30 -1,49 -6,49
20.33 -1,32 -5,26
20.37 -1,15 -3,86
20.40 -0,98 -2,46
20.43 -0,80 -1,06
20.47 -0,80 0,35
20.50 -0,79 1,75
20.53 -0,79 3,15
20.57 -0,79 4,55
20.60 -0,79 5,95
20.63 -0,79 7,35
20.67 -0,79 8,93
20.70 -0,78 10,33
20.73 -0,61 11,91
20.77 -0,62 13,49
20.80 -0,61 15,06
20.83 -0,61 16,64
20.87 -0,61 18,22
20.90 -0,60 19,80
20.93 -0,60 21,37
20.97 -0,59 22,77
21.00 -0,58 24,18
21.03 -0,58 25,40
21.07 -0,74 26,45
21.10 -0,92 27,33
21.13 -1,10 28,02
21.17 -1,45 28,38
21.20 -1,80 28,73
21.23 -2,14 28,90
21.27 -2,50 28,89
21.30 -3,02 28,72
21.33 -3,38 28,71
21.37 -3,74 28,54
21.40 -4,08 28,54
21.43 -4,25 28,54
21.47 -4,26 28,54
21.50 -4,43 28,53
21.53 -4,60 28,52
21.57 -4,77 28,34
21.60 -4,93 28,17
21.63 -4,94 27,99
21.67 -5,11 27,81
21.70 -5,10 27,64
21.73 -5,09 27,46
21.77 -5,09 27,30
21.80 -5,08 27,30
21.83 -5,08 27,13
21.87 -5,07 27,14
21.90 -5,06 27,13
21.93 -4,90 27,13
21.97 -4,90 26,97
22.00 -4,89 26,97
22.03 -4,73 26,81
22.07 -4,73 26,64
22.10 -4,56 26,47
22.13 -4,56 26,47
22.17 -4,39 26,30
22.20 -4,39 26,30
22.23 -4,22 26,30
22.27 -4,22 26,29
22.30 -4,05 26,13
22.33 -4,05 26,15
22.37 -3,89 26,15
22.40 -3,88 26,14
22.43 -3,71 26,13
22.47 -3,71 25,96
22.50 -3,70 25,96
22.53 -3,53 25,95
22.57 -3,53 25,94
22.60 -3,52 25,78
22.63 -3,36 25,79
22.67 -3,36 25,79
22.70 -3,36 25,63
22.73 -3,35 25,63
22.77 -3,34 25,46
22.80 -3,18 25,46
22.83 -3,18 25,29
22.87 -3,18 25,30
22.90 -3,17 25,30
22.93 -3,00 25,29
22.97 -2,99 25,12
23.00 -2,82 25,13
23.03 -2,82 25,13
23.07 -2,81 25,12
23.10 -2,65 25,11
23.13 -2,64 24,95
23.17 -2,47 24,96
23.20 -2,46 24,97
23.23 -2,29 25,13
23.27 -2,28 25,13
23.30 -2,11 25,13
23.33 -2,11 25,14
23.37 -2,11 25,14
23.40 -1,94 25,16
23.43 -1,93 25,16
23.47 -1,76 24,99
23.50 -1,59 24,81
23.53 -1,59 24,29
23.57 -1,42 23,77
23.60 -1,24 23,23
23.63 -1,07 22,36
23.67 -0,90 21,49
23.70 -0,72 20,61
23.73 -0,55 19,55
23.77 -0,55 18,33
23.80 -0,54 17,28
23.83 -0,54 16,06
23.87 -0,54 15,17
23.90 -0,72 14,12
23.93 -0,89 13,25
23.97 -1,07 12,36
24.00 -1,42 11,32
24.03 -1,78 10,44
24.07 -2,30 9,74
24.10 -2,65 8,87
24.13 -3,01 8,17
24.17 -3,53 7,29
24.20 -3,87 6,41
24.23 -4,22 5,53
24.27 -4,56 4,48
24.30 -4,91 3,77
24.33 -5,43 2,90
24.37 -5,60 2,02
24.40 -5,78 0,96
24.43 -6,13 -0,44
24.47 -6,30 -1,49
24.50 -6,32 -2,72
24.53 -6,49 -4,12
24.57 -6,67 -5,52
24.60 -7,01 -6,74
24.63 -7,20 -7,97
24.67 -7,36 -9,20
24.70 -7,36 -10,43
24.73 -7,55 -11,83
24.77 -7,73 -13,06
24.80 -7,90 -14,46
24.83 -7,90 -15,68
24.87 -8,07 -16,73
24.90 -8,08 -17,96
24.93 -8,27 -19,18
24.97 -8,44 -20,23
25.00 -8,44 -21,28
25.03 -8,44 -22,16
25.07 -8,43 -23,04
25.10 -8,27 -23,91
25.13 -8,28 -24,60
25.17 -8,28 -24,94
25.20 -8,27 -24,41
25.23 -8,26 -23,71
25.27 -8,27 -23,37
25.30 -8,26 -23,36
25.33 -8,26 -23,38
25.37 -8,26 -23,57
25.40 -8,26 -23,59
25.43 -8,25 -23,59
25.47 -8,06 -23,41
25.50 -7,71 -23,21
25.53 -7,36 -22,85
25.57 -7,01 -22,33
25.60 -6,48 -21,96
25.63 -5,96 -21,27
25.67 -5,43 -20,75
25.70 -4,90 -20,06
25.73 -4,55 -19,37
25.77 -4,21 -18,83
25.80 -4,02 -18,13
25.83 -3,68 -17,44
25.87 -3,49 -16,74
25.90 -3,15 -15,87
25.93 -2,97 -15,16
25.97 -2,79 -14,28
26.00 -2,45 -13,23
26.03 -2,28 -12,36
26.07 -2,10 -11,31
26.10 -1,76 -10,09
26.13 -1,57 -9,03
26.17 -1,40 -7,80
26.20 -1,23 -6,58
26.23 -1,05 -5,36
26.27 -0,89 -4,13
26.30 -0,72 -2,73
26.33 -0,55 -1,33
26.37 -0,55 -0,10
26.40 -0,55 1,30
26.43 -0,55 2,53
26.47 -0,54 3,93
26.50 -0,53 5,33
26.53 -0,36 6,73
26.57 -0,36 8,13
26.60 -0,36 9,36
26.63 -0,35 10,93
26.67 -0,34 12,34
26.70 -0,17 13,74
26.73 -0,18 15,14
26.77 -0,18 16,54
26.80 -0,18 17,77
26.83 -0,18 19,00
26.87 -0,18 20,05
26.90 -0,18 21,10
26.93 -0,18 22,16
26.97 -0,17 23,21
27.00 -0,17 24,08
27.03 -0,17 24,79
27.07 -0,16 25,49
27.10 -0,15 26,02
27.13 -0,15 26,55
27.17 -0,14 27,07
27.20 -0,14 27,42
27.23 -0,32 27,59
27.27 -0,66 27,59
27.30 -1,01 27,43
27.33 -1,18 27,42
27.37 -1,36 27,24
27.40 -1,54 27,06
27.43 -1,53 26,89
27.47 -1,36 26,90
27.50 -1,35 26,89
27.53 -1,18 26,88
27.57 -1,18 26,71
27.60 -1,18 26,71
27.63 -1,18 26,53
27.67 -1,01 26,53
27.70 -1,01 26,36
27.73 -1,01 26,36
27.77 -0,84 26,35
27.80 -0,84 26,35
27.83 -0,84 26,34
27.87 -0,84 26,34
27.90 -0,83 26,33
27.93 -0,83 26,32
27.97 -0,83 26,15
28.00 -0,83 26,15
28.03 -0,83 26,14
28.07 -0,82 25,97
28.10 -0,81 25,97
28.13 -0,82 25,96
28.17 -0,65 25,95
28.20 -0,65 25,94
28.23 -0,65 25,93
28.27 -0,66 25,93
28.30 -0,66 26,10
28.33 -0,66 26,10
28.37 -0,67 26,10
28.40 -0,84 25,93
28.43 -0,83 25,93
28.47 -0,82 25,76
28.50 -0,82 25,75
28.53 -0,81 25,59
28.57 -0,82 25,41
28.60 -0,81 25,24
28.63 -0,64 25,06
28.67 -0,47 24,72
28.70 -0,46 24,37
28.73 -0,46 24,02
28.77 -0,29 23,32
28.80 -0,11 22,79
28.83 -0,11 22,09
28.87 0,06 21,22
28.90 0,07 20,33
28.93 0,24 19,28
28.97 0,24 18,23
29.00 0,24 17,18
29.03 0,07 16,12
29.07 0,06 15,08
29.10 -0,11 14,20
29.13 -0,29 13,15
29.17 -0,47 12,10
29.20 -0,82 11,22
29.23 -1,17 10,35
29.27 -1,70 9,29
29.30 -2,05 8,42
29.33 -2,75 6,49
29.37 -3,10 5,43
29.40 -3,45 4,56
29.43 -3,97 3,68
29.47 -4,32 2,80
29.50 -4,67 1,92
29.53 -4,85 0,87
29.57 -5,02 -0,36
29.60 -5,37 -1,42
29.63 -5,37 -2,64
29.67 -5,38 -3,69
29.70 -5,38 -4,74
29.73 -5,73 -5,96
29.77 -5,89 -7,01
29.80 -5,89 -8,07
29.83 -5,88 -9,12
29.87 -5,89 -10,34
29.90 -6,07 -11,39
29.93 -6,07 -12,27
29.97 -6,07 -13,32
30.00 -6,08 -14,55
30.03 -6,25 -15,59
30.07 -6,42 -16,46
30.10 -6,61 -17,33
30.13 -6,44 -18,21
30.17 -6,44 -19,08
30.20 -6,44 -19,96
30.23 -6,43 -21,01
30.27 -6,27 -21,88
30.30 -6,25 -22,76
30.33 -6,08 -23,63
30.37 -5,92 -24,49
30.40 -5,91 -25,20
30.43 -5,75 -25,89
30.47 -5,59 -25,38
30.50 -5,60 -24,88
30.53 -5,60 -24,86
30.57 -5,60 -24,88
30.60 -5,61 -25,06
30.63 -5,60 -25,07
30.67 -5,43 -24,90
30.70 -5,26 -24,74
30.73 -4,92 -24,73
30.77 -4,58 -24,55
30.80 -4,22 -24,36
30.83 -3,70 -24,17
30.87 -3,18 -23,66
30.90 -2,66 -23,29
30.93 -2,13 -22,75
30.97 -1,61 -22,06
31.00 -1,27 -21,53
31.03 -1,10 -21,00
31.07 -0,92 -20,47
31.10 -0,74 -19,78
31.13 -0,40 -19,08
31.17 -0,22 -18,22
31.20 0,12 -17,35
31.23 0,29 -16,30
31.27 0,48 -15,26
31.30 0,82 -14,21
31.33 1,00 -13,16
31.37 1,35 -11,94
31.40 1,52 -10,88
31.43 1,68 -9,65
31.47 1,69 -8,43
31.50 1,87 -7,21
31.53 2,05 -5,99
31.57 2,23 -4,59
31.60 2,40 -3,37
31.63 2,57 -2,14
31.67 2,57 -0,91
31.70 2,58 0,32
31.73 2,74 1,72
31.77 2,74 2,95
31.80 2,74 4,17
31.83 2,75 5,57
31.87 2,76 6,80
31.90 2,93 8,20
31.93 2,94 9,60
31.97 3,12 11,00
32.00 3,12 12,41
32.03 3,30 13,81
32.07 3,30 14,68
32.10 3,31 15,91
32.13 3,47 17,32
32.17 3,47 18,72
32.20 3,46 19,94
32.23 3,46 21,17
32.27 3,29 22,39
32.30 3,30 23,62
32.33 3,13 24,67
32.37 3,13 25,73
32.40 2,97 26,78
32.43 2,97 27,66
32.47 2,80 28,53
32.50 2,63 28,89
32.53 2,44 29,23
32.57 2,08 29,24
32.60 1,72 29,08
32.63 1,21 28,89
32.67 0,87 28,53
32.70 0,68 28,17
32.73 0,34 27,82
32.77 0,34 27,65
32.80 0,33 27,49
32.83 0,33 27,48
32.87 0,31 27,47
32.90 0,14 27,28
32.93 -0,03 27,10
32.97 -0,04 26,92
33.00 -0,21 26,58
33.03 -0,22 26,41
33.07 -0,22 26,24
33.10 -0,23 26,06
33.13 -0,40 25,88
33.17 -0,40 25,71
33.20 -0,41 25,54
33.23 -0,58 25,37
33.27 -0,58 25,20
33.30 -0,58 25,20
33.33 -0,75 25,03
33.37 -0,75 25,02
33.40 -0,92 24,85
33.43 -0,92 24,84
33.47 -0,93 24,84
33.50 -1,10 24,66
33.53 -1,11 24,66
33.57 -1,29 24,66
33.60 -1,46 24,49
33.63 -1,63 24,48
33.67 -1,64 24,32
33.70 -1,81 24,32
33.73 -1,98 24,31
33.77 -1,98 24,31
33.80 -2,15 24,14
33.83 -2,32 24,15
33.87 -2,32 24,16
33.90 -2,49 24,16
33.93 -2,49 24,33
33.97 -2,50 24,32
34.00 -2,67 24,32
34.03 -2,67 24,32
34.07 -2,67 24,31
34.10 -2,84 24,31
34.13 -2,84 24,30
34.17 -2,83 24,30
34.20 -2,83 24,29
34.23 -2,82 24,29
34.27 -2,82 24,29
34.30 -2,64 24,46
34.33 -2,64 24,46
34.37 -2,64 24,46
34.40 -2,64 24,46
34.43 -2,64 24,46
34.47 -2,63 24,47
34.50 -2,62 24,48
34.53 -2,45 24,64
34.57 -2,44 24,48
34.60 -2,27 24,48
34.63 -2,27 24,47
34.67 -2,10 24,30
34.70 -2,10 24,11
34.73 -1,93 23,76
34.77 -1,92 23,23
34.80 -1,74 22,71
34.83 -1,57 22,01
34.87 -1,39 21,31
34.90 -1,22 20,60
34.93 -1,04 19,55
34.97 -0,87 18,68
35.00 -0,70 17,63
35.03 -0,70 16,75
35.07 -0,71 15,70
35.10 -0,71 14,65
35.13 -0,89 13,60
35.17 -1,06 12,72
35.20 -1,23 11,67
35.23 -1,41 10,62
35.27 -1,59 9,74
35.30 -1,94 8,69
35.33 -2,28 7,64
35.37 -2,46 6,59
35.40 -2,63 5,54
35.43 -2,81 4,49
35.47 -3,16 3,44
35.50 -3,51 2,57
35.53 -3,68 1,52
35.57 -3,86 0,29
35.60 -3,86 -0,76
35.63 -3,86 -1,81
35.67 -3,86 -3,04
35.70 -3,69 -4,27
35.73 -3,69 -5,67
35.77 -3,68 -6,89
35.80 -3,69 -7,95
35.83 -3,68 -9,17
35.87 -3,50 -10,22
35.90 -3,49 -11,27
35.93 -3,48 -12,14
35.97 -3,48 -13,02
36.00 -3,47 -13,89
36.03 -3,47 -14,76
36.07 -3,65 -15,47
36.10 -3,83 -16,34
36.13 -4,01 -17,22
36.17 -4,19 -18,10
36.20 -4,19 -19,14
36.23 -4,20 -20,02
36.27 -4,20 -20,90
36.30 -4,21 -21,78
36.33 -4,21 -22,65
36.37 -4,21 -23,35
36.40 -4,20 -24,04
36.43 -4,03 -24,74
36.47 -4,02 -25,44
36.50 -4,02 -25,95
36.53 -4,01 -25,44
36.57 -4,00 -25,08
36.60 -4,00 -25,07
36.63 -4,00 -25,23
36.67 -4,17 -25,58
36.70 -4,16 -25,59
36.73 -4,16 -25,41
36.77 -4,32 -25,42
36.80 -4,49 -25,40
36.83 -4,66 -25,41
36.87 -4,66 -25,23
36.90 -4,50 -25,03
36.93 -4,16 -24,67
36.97 -3,98 -24,32
37.00 -3,65 -23,96
37.03 -3,46 -23,45
37.07 -3,11 -23,10
37.10 -2,92 -22,58
37.13 -2,74 -22,21
37.17 -2,74 -21,68
37.20 -2,91 -21,15
37.23 -2,91 -20,61
37.27 -2,92 -20,07
37.30 -2,93 -19,38
37.33 -2,94 -18,83
37.37 -3,10 -18,12
37.40 -3,09 -17,41
37.43 -3,27 -16,55
37.47 -3,27 -15,85
37.50 -3,11 -14,98
37.53 -3,12 -14,11
37.57 -3,12 -13,25
37.60 -3,12 -12,54
37.63 -3,12 -11,65
37.67 -3,12 -10,77
37.70 -3,12 -9,89
37.73 -3,11 -8,84
37.77 -2,94 -7,97
37.80 -2,93 -7,10
37.83 -2,76 -6,23
37.87 -2,76 -5,52
37.90 -2,60 -4,64
37.93 -2,60 -3,76
37.97 -2,61 -2,89
38.00 -2,61 -2,19
38.03 -2,62 -1,31
38.07 -2,79 -0,61
38.10 -2,80 0,10
38.13 -2,97 0,80
38.17 -2,97 1,51
38.20 -3,15 2,38
38.23 -3,31 3,08
38.27 -3,31 3,78
38.30 -3,48 4,66
38.33 -3,48 5,53
38.37 -3,48 6,23
38.40 -3,48 7,11
38.43 -3,48 7,99
38.47 -3,48 8,86
38.50 -3,48 9,91
38.53 -3,47 10,78
38.57 -3,47 11,66
38.60 -3,46 12,54
38.63 -3,29 13,41
38.67 -3,30 14,29
38.70 -3,47 14,99
38.73 -3,46 15,69
38.77 -3,46 16,57
38.80 -3,46 17,27
38.83 -3,46 17,98
38.87 -3,45 18,85
38.90 -3,45 19,55
38.93 -3,44 20,25
38.97 -3,45 21,13
39.00 -3,27 22,00
39.03 -3,27 22,70
39.07 -3,27 23,40
39.10 -3,10 24,28
39.13 -3,09 24,97
39.17 -3,10 25,49
39.20 -3,09 25,84
39.23 -3,27 26,20
39.27 -3,45 26,37
39.30 -3,62 26,36
39.33 -3,98 26,19
39.37 -4,32 26,01
39.40 -4,50 25,85
39.43 -4,68 25,84
39.47 -4,85 25,68
39.50 -4,85 25,69
39.53 -4,85 25,86
39.57 -5,02 25,85
39.60 -5,03 25,86
39.63 -5,03 25,87
39.67 -5,04 25,86
39.70 -5,22 25,70
39.73 -5,23 25,69
39.77 -5,41 25,50
39.80 -5,58 25,32
39.83 -5,59 25,15
39.87 -5,75 25,14
39.90 -5,74 24,97
39.93 -5,73 24,97
39.97 -5,57 24,96
40.00 -5,57 24,79
40.03 -5,40 24,78
40.07 -5,22 24,59
40.10 -5,03 24,25
40.13 -4,68 23,90
40.17 -4,50 23,37
40.20 -4,15 22,84
40.23 -3,80 22,14
40.27 -3,62 21,26
40.30 -3,27 20,21
40.33 -3,09 19,16
40.37 -2,91 18,11
40.40 -2,73 16,88
40.43 -2,56 15,83
40.47 -2,74 14,60
40.50 -2,74 13,55
40.53 -2,92 12,50
40.57 -3,09 11,62
40.60 -3,28 10,58
40.63 -3,63 9,70
40.67 -3,98 8,64
40.70 -4,34 7,59
40.73 -4,69 6,72
40.77 -5,05 5,66
40.80 -5,57 4,61
40.83 -5,93 3,74
40.87 -6,44 3,03
40.90 -6,79 2,16
40.93 -6,97 1,28
40.97 -7,31 0,23
41.00 -7,49 -0,83
41.03 -7,67 -1,88
41.07 -7,67 -2,93
41.10 -7,67 -4,33
41.13 -7,50 -5,55
41.17 -7,51 -6,78
41.20 -7,49 -8,00
41.23 -7,15 -9,06
41.27 -6,98 -10,29
41.30 -6,81 -11,69
41.33 -6,82 -12,91
41.37 -6,81 -13,96
41.40 -6,47 -15,19
41.43 -6,30 -16,42
41.47 -6,13 -17,47
41.50 -6,12 -18,70
41.53 -5,95 -19,75
41.57 -5,78 -20,97
41.60 -5,60 -22,02
41.63 -5,26 -23,25
41.67 -5,08 -24,65
41.70 -4,90 -26,05
41.73 -4,72 -26,92
41.77 -4,56 -25,69
41.80 -4,55 -24,64
41.83 -4,53 -24,83
