#Kinovea Trajectory data export
#T X Y

# Trajectory 1
0.03 -3,78 -21,83
0.07 -3,78 -21,83
0.10 -3,78 -21,83
0.13 -3,78 -21,83
0.17 -3,78 -21,83
0.20 -3,77 -21,83
0.23 -3,61 -21,83
0.27 -3,62 -21,84
0.30 -3,63 -21,84
0.33 -3,62 -21,84
0.37 -3,62 -21,85
0.40 -3,61 -21,68
0.43 -3,59 -21,69
0.47 -3,58 -21,69
0.50 -3,56 -21,70
0.53 -3,55 -21,71
0.57 -3,53 -21,71
0.60 -3,52 -21,72
0.63 -3,51 -21,72
0.67 -3,51 -21,73
0.70 -3,50 -21,74
0.73 -3,67 -21,74
0.77 -3,67 -21,75
0.80 -3,66 -21,75
0.83 -3,66 -21,76
0.87 -3,65 -21,76
0.90 -3,64 -21,77
0.93 -3,63 -21,77
0.97 -3,62 -21,78
1.00 -3,61 -21,78
1.03 -3,60 -21,78
1.07 -3,58 -21,79
1.10 -3,57 -21,79
1.13 -3,42 -21,79
1.17 -3,43 -21,80
1.20 -3,59 -21,80
1.23 -3,58 -21,80
1.27 -3,59 -21,81
1.30 -3,60 -21,81
1.33 -3,61 -21,81
1.37 -3,62 -21,82
1.40 -3,78 -21,82
1.43 -3,76 -21,83
1.47 -3,61 -21,83
1.50 -3,62 -21,84
1.53 -3,63 -21,84
1.57 -3,63 -21,85
1.60 -3,63 -21,69
1.63 -3,62 -21,69
1.67 -3,60 -21,70
1.70 -3,45 -21,71
1.73 -3,45 -21,71
1.77 -3,46 -21,72
1.80 -3,45 -21,73
1.83 -3,44 -21,74
1.87 -3,44 -21,74
1.90 -3,43 -21,75
1.93 -3,42 -21,76
1.97 -3,26 -21,76
2.00 -3,27 -21,77
2.03 -3,29 -21,78
2.07 -3,30 -21,78
2.10 -3,31 -21,79
2.13 -3,32 -21,79
2.17 -3,34 -21,80
2.20 -3,49 -21,81
2.23 -3,48 -21,81
2.27 -3,47 -21,82
2.30 -3,47 -21,83
2.33 -3,47 -21,83
2.37 -3,49 -21,84
2.40 -3,64 -21,84
2.43 -3,65 -21,85
2.47 -3,66 -21,68
2.50 -3,81 -21,69
2.53 -3,81 -21,69
2.57 -3,82 -21,70
2.60 -3,83 -21,70
2.63 -3,84 -21,70
2.67 -3,83 -21,70
2.70 -3,98 -21,70
2.73 -3,97 -21,71
2.77 -3,96 -21,71
2.80 -3,95 -21,71
2.83 -3,94 -21,71
2.87 -3,93 -21,71
2.90 -3,77 -21,72
2.93 -3,78 -21,72
2.97 -3,78 -21,72
3.00 -3,78 -21,72
3.03 -3,77 -21,72
3.07 -3,62 -21,72
3.10 -3,62 -21,73
3.13 -3,63 -21,73
3.17 -3,63 -21,73
3.20 -3,63 -21,74
3.23 -3,63 -21,74
3.27 -3,62 -21,75
3.30 -3,62 -21,75
3.33 -3,61 -21,75
3.37 -3,60 -21,76
3.40 -3,60 -21,76
3.43 -3,60 -21,77
3.47 -3,61 -21,77
3.50 -3,62 -21,77
3.53 -3,77 -21,78
3.57 -3,77 -21,78
3.60 -3,77 -21,78
3.63 -3,77 -21,79
3.67 -3,78 -21,79
3.70 -3,78 -21,79
3.73 -3,79 -21,79
3.77 -3,80 -21,79
3.80 -3,81 -21,79
3.83 -3,82 -21,79
3.87 -3,82 -21,80
3.90 -3,82 -21,80
3.93 -3,82 -21,80
3.97 -3,81 -21,80
4.00 -3,81 -21,80
4.03 -3,80 -21,80
4.07 -3,79 -21,81
4.10 -3,78 -21,81
4.13 -3,76 -21,81
4.17 -3,74 -21,81
4.20 -3,73 -21,81
4.23 -3,71 -21,82
4.27 -3,56 -21,82
4.30 -3,57 -21,82
4.33 -3,59 -21,82
4.37 -3,59 -21,83
4.40 -3,59 -21,83
4.43 -3,60 -21,83
4.47 -3,60 -21,84
4.50 -3,60 -21,84
4.53 -3,60 -21,85
4.57 -3,60 -21,69
4.60 -3,60 -21,69
4.63 -3,60 -21,70
4.67 -3,60 -21,70
4.70 -3,60 -21,71
4.73 -3,60 -21,72
4.77 -3,60 -21,73
4.80 -3,60 -21,74
4.83 -3,61 -21,75
4.87 -3,61 -21,77
4.90 -3,61 -21,78
4.93 -3,61 -21,79
4.97 -3,61 -21,81
5.00 -3,61 -21,82
5.03 -3,61 -21,83
5.07 -3,62 -21,85
5.10 -3,62 -21,69
5.13 -3,62 -21,71
5.17 -3,62 -21,72
5.20 -3,62 -21,73
5.23 -3,63 -21,74
5.27 -3,64 -21,75
5.30 -3,64 -21,76
5.33 -3,64 -21,77
5.37 -3,65 -21,78
5.40 -3,65 -21,79
5.43 -3,65 -21,80
5.47 -3,64 -21,81
5.50 -3,63 -21,82
5.53 -3,62 -21,82
5.57 -3,60 -21,83
5.60 -3,59 -21,84
5.63 -3,57 -21,85
5.67 -3,56 -21,69
5.70 -3,54 -21,70
5.73 -3,53 -21,71
5.77 -3,53 -21,72
5.80 -3,53 -21,72
5.83 -3,54 -21,73
5.87 -3,56 -21,74
5.90 -3,71 -21,74
5.93 -3,71 -21,75
5.97 -3,72 -21,76
6.00 -3,87 -21,76
6.03 -3,87 -21,77
6.07 -3,88 -21,78
6.10 -4,03 -21,79
6.13 -4,02 -21,79
6.17 -4,02 -21,80
6.20 -4,03 -21,80
6.23 -4,03 -21,81
6.27 -4,04 -21,81
6.30 -4,04 -21,82
6.33 -4,05 -21,82
6.37 -4,05 -21,83
6.40 -4,05 -21,83
6.43 -4,04 -21,84
6.47 -4,04 -21,85
6.50 -4,03 -21,69
6.53 -4,02 -21,69
6.57 -3,86 -21,70
6.60 -3,87 -21,70
6.63 -3,88 -21,70
6.67 -3,89 -21,71
6.70 -3,89 -21,71
6.73 -3,89 -21,72
6.77 -3,89 -21,72
6.80 -3,89 -21,73
6.83 -3,89 -21,73
6.87 -3,88 -21,74
6.90 -3,88 -21,74
6.93 -3,87 -21,75
6.97 -3,86 -21,75
7.00 -3,85 -21,76
7.03 -3,85 -21,76
7.07 -3,84 -21,77
7.10 -4,00 -21,77
7.13 -3,99 -21,78
7.17 -3,98 -21,78
7.20 -3,97 -21,79
7.23 -3,97 -21,79
7.27 -3,96 -21,80
7.30 -3,95 -21,80
7.33 -3,94 -21,81
7.37 -3,93 -21,81
7.40 -3,93 -21,82
7.43 -3,91 -21,82
7.47 -3,90 -21,83
7.50 -3,89 -21,84
7.53 -3,87 -21,84
7.57 -3,72 -21,85
7.60 -3,74 -21,69
7.63 -3,75 -21,69
7.67 -3,77 -21,70
7.70 -3,78 -21,71
7.73 -3,79 -21,71
7.77 -3,80 -21,72
7.80 -3,82 -21,73
7.83 -3,83 -21,73
7.87 -3,84 -21,74
7.90 -3,69 -21,75
7.93 -3,70 -21,75
7.97 -3,72 -21,76
8.00 -3,73 -21,77
8.03 -3,75 -21,77
8.07 -3,90 -21,78
8.10 -3,88 -21,79
8.13 -3,87 -21,80
8.17 -3,86 -21,80
8.20 -3,84 -21,81
8.23 -3,83 -21,82
8.27 -3,99 -21,83
8.30 -3,97 -21,84
8.33 -3,96 -21,85
8.37 -3,95 -21,69
8.40 -3,94 -21,70
8.43 -3,93 -21,70
8.47 -3,92 -21,71
8.50 -3,90 -21,72
8.53 -3,89 -21,73
8.57 -3,88 -21,74
8.60 -3,87 -21,74
8.63 -3,86 -21,75
8.67 -3,85 -21,76
8.70 -3,83 -21,77
8.73 -3,99 -21,78
8.77 -3,98 -21,79
8.80 -3,97 -21,80
8.83 -3,96 -21,81
8.87 -3,95 -21,82
8.90 -3,94 -21,83
8.93 -3,93 -21,84
8.97 -3,92 -21,85
9.00 -3,91 -21,70
9.03 -3,90 -21,71
9.07 -3,89 -21,72
9.10 -3,87 -21,74
9.13 -3,72 -21,75
9.17 -3,73 -21,76
9.20 -3,74 -21,77
9.23 -3,75 -21,79
9.27 -3,76 -21,80
9.30 -3,76 -21,81
9.33 -3,77 -21,83
9.37 -3,92 -21,85
9.40 -3,92 -21,70
9.43 -3,93 -21,71
9.47 -4,10 -21,86
9.50 -4,26 -21,85
9.53 -4,26 -21,83
9.57 -4,42 -21,83
9.60 -4,43 -21,83
9.63 -4,59 -21,84
9.67 -4,59 -21,84
9.70 -4,59 -21,68
9.73 -4,59 -21,69
9.77 -4,59 -21,69
9.80 -4,59 -21,70
9.83 -4,59 -21,70
9.87 -4,59 -21,71
9.90 -4,59 -21,71
9.93 -4,59 -21,72
9.97 -4,59 -21,73
10.00 -4,58 -21,74
10.03 -4,59 -21,75
10.07 -4,59 -21,75
10.10 -4,60 -21,59
10.13 -4,61 -21,42
10.17 -4,61 -21,10
10.20 -4,61 -20,78
10.23 -4,61 -20,45
10.27 -4,60 -20,12
10.30 -4,60 -19,63
10.33 -4,61 -19,29
10.37 -4,61 -18,63
10.40 -4,62 -18,12
10.43 -4,62 -17,29
10.47 -4,62 -16,62
10.50 -4,45 -15,79
10.53 -4,45 -14,96
10.57 -4,28 -14,13
10.60 -4,11 -13,30
10.63 -4,11 -12,47
10.67 -3,93 -11,63
10.70 -3,61 -10,63
10.73 -3,43 -9,64
10.77 -3,11 -8,80
10.80 -2,94 -7,80
10.83 -2,77 -6,80
10.87 -2,44 -5,80
10.90 -2,26 -4,80
10.93 -1,93 -3,80
10.97 -1,77 -2,63
11.00 -1,60 -1,63
11.03 -1,26 -0,46
11.07 -0,93 0,87
11.10 -0,77 2,04
11.13 -0,77 3,20
11.17 -0,60 4,37
11.20 -0,43 5,71
11.23 -0,26 7,21
11.27 0,07 8,55
11.30 0,23 10,05
11.33 0,57 11,72
11.37 0,73 13,22
11.40 1,07 15,05
11.43 1,24 16,72
11.47 1,41 18,55
11.50 1,57 20,38
11.53 1,73 22,22
11.57 1,73 23,89
11.60 1,74 25,72
11.63 1,74 27,39
11.67 1,57 28,89
11.70 1,57 30,22
11.73 1,24 31,39
11.77 1,07 32,22
11.80 0,74 32,72
11.83 0,41 32,89
11.87 -0,09 32,89
11.90 -0,59 32,56
11.93 -0,93 32,23
11.97 -1,26 32,07
12.00 -1,26 31,91
12.03 -1,25 31,92
12.07 -1,25 31,93
12.10 -1,25 32,10
12.13 -1,41 32,10
12.17 -1,42 32,11
12.20 -1,58 32,12
12.23 -1,59 32,12
12.27 -1,75 31,96
12.30 -1,77 31,81
12.33 -1,92 31,80
12.37 -1,92 31,64
12.40 -1,92 31,64
12.43 -1,91 31,63
12.47 -1,75 31,46
12.50 -1,76 31,46
12.53 -1,75 31,45
12.57 -1,58 31,30
12.60 -1,42 31,29
12.63 -1,42 31,28
12.67 -1,26 31,11
12.70 -1,26 30,94
12.73 -1,26 30,78
12.77 -1,09 30,62
12.80 -0,93 30,45
12.83 -0,76 30,28
12.87 -0,59 29,95
12.90 -0,27 29,62
12.93 -0,10 29,27
12.97 0,07 28,76
13.00 0,39 28,09
13.03 0,55 27,42
13.07 0,71 26,58
13.10 0,71 25,75
13.13 0,71 24,74
13.17 0,38 23,58
13.20 0,22 22,58
13.23 0,05 21,74
13.27 -0,28 20,58
13.30 -0,61 19,58
13.33 -0,95 18,58
13.37 -1,45 17,58
13.40 -1,78 16,57
13.43 -2,28 15,40
13.47 -2,79 14,24
13.50 -3,45 13,07
13.53 -3,95 11,90
13.57 -4,46 10,73
13.60 -4,96 9,56
13.63 -5,46 8,23
13.67 -5,96 7,06
13.70 -6,46 5,89
13.73 -6,79 4,72
13.77 -7,13 3,55
13.80 -7,29 2,22
13.83 -7,46 0,88
13.87 -7,63 -0,45
13.90 -7,63 -1,79
13.93 -7,63 -3,12
13.97 -7,79 -4,46
14.00 -7,80 -5,63
14.03 -7,80 -6,80
14.07 -7,79 -7,97
14.10 -7,79 -9,14
14.13 -7,96 -10,47
14.17 -8,13 -11,47
14.20 -8,13 -12,47
14.23 -8,14 -13,30
14.27 -8,31 -14,30
14.30 -8,31 -15,14
14.33 -8,48 -15,97
14.37 -8,48 -16,64
14.40 -8,48 -17,31
14.43 -8,47 -17,98
14.47 -8,31 -18,65
14.50 -8,30 -19,15
14.53 -8,14 -19,66
14.57 -8,14 -20,32
14.60 -7,98 -20,81
14.63 -7,97 -21,31
14.67 -7,80 -21,65
14.70 -7,63 -21,98
14.73 -7,46 -21,65
14.77 -7,30 -21,31
14.80 -7,30 -21,31
14.83 -7,29 -21,47
14.87 -7,13 -21,64
14.90 -7,13 -21,65
14.93 -6,97 -21,64
14.97 -6,80 -21,31
15.00 -6,63 -20,96
15.03 -6,29 -20,46
15.07 -5,96 -19,80
15.10 -5,62 -19,29
15.13 -5,12 -18,46
15.17 -4,63 -17,63
15.20 -4,29 -16,80
15.23 -3,79 -15,80
15.27 -3,46 -14,97
15.30 -3,12 -13,97
15.33 -2,95 -13,13
15.37 -2,62 -12,13
15.40 -2,45 -10,96
15.43 -2,12 -9,80
15.47 -1,95 -8,63
15.50 -1,79 -7,46
15.53 -1,62 -6,12
15.57 -1,45 -4,79
15.60 -1,28 -3,45
15.63 -1,11 -1,95
15.67 -0,95 -0,45
15.70 -0,95 1,05
15.73 -0,95 2,38
15.77 -0,95 3,88
15.80 -0,95 5,55
15.83 -0,95 7,05
15.87 -0,95 8,72
15.90 -0,95 10,38
15.93 -0,96 12,05
15.97 -1,12 13,71
16.00 -1,12 15,38
16.03 -1,29 17,05
16.07 -1,29 18,88
16.10 -1,46 20,55
16.13 -1,62 22,22
16.17 -1,79 23,88
16.20 -2,12 25,38
16.23 -2,29 26,88
16.27 -2,62 28,05
16.30 -2,95 29,22
16.33 -3,12 30,06
16.37 -3,46 30,72
16.40 -3,79 31,06
16.43 -4,12 31,39
16.47 -4,46 31,22
16.50 -4,80 30,90
16.53 -5,29 30,57
16.57 -5,62 30,23
16.60 -5,79 29,91
16.63 -5,79 29,91
16.67 -5,78 29,90
16.70 -5,78 29,89
16.73 -5,77 29,88
16.77 -5,77 29,73
16.80 -5,77 29,73
16.83 -5,77 29,57
16.87 -5,78 29,41
16.90 -5,94 29,25
16.93 -5,94 29,09
16.97 -5,94 28,94
17.00 -5,93 28,93
17.03 -5,77 28,77
17.07 -5,77 28,78
17.10 -5,77 28,77
17.13 -5,60 28,77
17.17 -5,43 28,61
17.20 -5,26 28,61
17.23 -5,10 28,61
17.27 -5,10 28,61
17.30 -4,94 28,45
17.33 -4,94 28,45
17.37 -4,94 28,44
17.40 -4,93 28,43
17.43 -4,77 28,42
17.47 -4,78 28,40
17.50 -4,79 28,25
17.53 -4,80 28,40
17.57 -4,81 28,39
17.60 -4,82 28,38
17.63 -4,83 28,38
17.67 -4,99 28,37
17.70 -4,98 28,36
17.73 -4,82 28,35
17.77 -4,83 28,51
17.80 -4,84 28,51
17.83 -4,68 28,51
17.87 -4,85 28,51
17.90 -4,84 28,52
17.93 -4,84 28,68
17.97 -4,83 28,69
18.00 -4,99 28,68
18.03 -4,98 28,85
18.07 -4,83 28,85
18.10 -4,83 28,85
18.13 -4,82 28,84
18.17 -4,66 28,66
18.20 -4,49 28,33
18.23 -4,32 27,99
18.27 -4,15 27,49
18.30 -3,98 26,82
18.33 -3,82 25,99
18.37 -3,65 24,99
18.40 -3,48 23,98
18.43 -3,48 22,81
18.47 -3,47 21,64
18.50 -3,48 20,47
18.53 -3,65 19,31
18.57 -3,82 18,31
18.60 -4,15 17,14
18.63 -4,48 15,97
18.67 -4,81 14,81
18.70 -5,15 13,81
18.73 -5,65 12,81
18.77 -6,15 11,80
18.80 -6,64 10,80
18.83 -6,98 9,80
18.87 -7,48 8,80
18.90 -7,81 7,63
18.93 -8,31 6,63
18.97 -8,81 5,63
19.00 -9,31 4,63
19.03 -9,64 3,62
19.07 -9,97 2,29
19.10 -10,31 1,12
19.13 -10,64 -0,05
19.17 -10,81 -1,38
19.20 -10,98 -2,54
19.23 -11,14 -3,71
19.27 -11,31 -5,05
19.30 -11,48 -6,05
19.33 -11,48 -7,21
19.37 -11,65 -8,38
19.40 -11,65 -9,54
19.43 -11,82 -10,71
19.47 -11,82 -11,71
19.50 -11,81 -12,71
19.53 -11,65 -13,71
19.57 -11,64 -14,72
19.60 -11,48 -15,72
19.63 -11,48 -16,72
19.67 -11,32 -17,55
19.70 -11,15 -18,39
19.73 -10,98 -19,22
19.77 -10,81 -20,06
19.80 -10,64 -20,73
19.83 -10,48 -21,56
19.87 -10,47 -22,23
19.90 -10,31 -22,23
19.93 -10,14 -21,57
19.97 -10,14 -21,23
20.00 -10,14 -21,07
20.03 -10,15 -21,24
20.07 -10,31 -21,57
20.10 -10,31 -21,91
20.13 -10,30 -21,91
20.17 -10,13 -21,75
20.20 -9,96 -21,42
20.23 -9,79 -21,09
20.27 -9,46 -20,60
20.30 -9,29 -20,25
20.33 -8,95 -19,59
20.37 -8,45 -18,91
20.40 -7,96 -18,07
20.43 -7,46 -17,07
20.47 -7,12 -16,24
20.50 -6,78 -15,40
20.53 -6,45 -14,41
20.57 -6,29 -13,58
20.60 -6,13 -12,75
20.63 -5,97 -11,74
20.67 -5,80 -10,58
20.70 -5,64 -9,57
20.73 -5,47 -8,40
20.77 -5,13 -7,07
20.80 -4,97 -5,91
20.83 -4,80 -4,74
20.87 -4,63 -3,40
20.90 -4,46 -2,07
20.93 -4,29 -0,90
20.97 -4,12 0,43
21.00 -3,94 1,77
21.03 -3,77 3,10
21.07 -3,60 4,60
21.10 -3,43 5,94
21.13 -3,26 7,43
21.17 -3,09 8,77
21.20 -2,76 10,44
21.23 -2,60 11,94
21.27 -2,44 13,44
21.30 -2,27 15,11
21.33 -2,10 16,61
21.37 -1,94 18,28
21.40 -1,78 19,95
21.43 -1,77 21,62
21.47 -1,60 23,28
21.50 -1,60 24,62
21.53 -1,44 26,29
21.57 -1,44 27,62
21.60 -1,60 28,62
21.63 -1,61 29,62
21.67 -1,77 30,45
21.70 -1,94 30,95
21.73 -2,11 31,29
21.77 -2,60 31,45
21.80 -3,10 31,28
21.83 -3,77 30,79
21.87 -4,27 30,46
21.90 -4,60 30,13
21.93 -4,93 29,96
21.97 -4,94 29,96
22.00 -5,10 29,80
22.03 -5,26 29,79
22.07 -5,42 29,63
22.10 -5,58 29,47
22.13 -5,58 29,46
22.17 -5,74 29,29
22.20 -5,75 29,12
22.23 -5,91 28,80
22.27 -6,08 28,63
22.30 -6,23 28,45
22.33 -6,39 28,28
22.37 -6,55 28,11
22.40 -6,56 27,94
22.43 -6,72 27,78
22.47 -6,73 27,78
22.50 -6,89 27,77
22.53 -6,90 27,61
22.57 -7,06 27,61
22.60 -7,06 27,62
22.63 -7,06 27,61
22.67 -7,06 27,61
22.70 -7,07 27,60
22.73 -7,08 27,45
22.77 -7,24 27,45
22.80 -7,24 27,46
22.83 -7,24 27,47
22.87 -7,24 27,63
22.90 -7,24 27,63
22.93 -7,24 27,64
22.97 -7,24 27,80
23.00 -7,25 27,81
23.03 -7,25 27,82
23.07 -7,26 27,97
23.10 -7,27 27,97
23.13 -7,28 27,98
23.17 -7,28 28,14
23.20 -7,29 28,13
23.23 -7,29 28,13
23.27 -7,28 28,14
23.30 -7,13 28,15
23.33 -7,14 28,16
23.37 -7,14 28,16
23.40 -7,14 28,00
23.43 -7,13 27,83
23.47 -6,97 27,66
23.50 -6,97 27,34
23.53 -6,80 27,16
23.57 -6,65 26,83
23.60 -6,64 26,48
23.63 -6,46 25,98
23.67 -6,29 25,31
23.70 -6,12 24,65
23.73 -5,96 23,81
23.77 -5,79 22,82
23.80 -5,62 21,82
23.83 -5,46 20,65
23.87 -5,46 19,48
23.90 -5,46 18,31
23.93 -5,46 17,14
23.97 -5,63 15,97
24.00 -5,79 14,81
24.03 -5,96 13,64
24.07 -6,29 12,64
24.10 -6,63 11,47
24.13 -6,96 10,47
24.17 -7,30 9,31
24.20 -7,62 8,31
24.23 -7,95 7,14
24.27 -8,28 6,14
24.30 -8,62 5,14
24.33 -8,96 4,14
24.37 -9,13 3,14
24.40 -9,47 1,80
24.43 -9,64 0,64
24.47 -9,80 -0,53
24.50 -9,80 -1,87
24.53 -9,80 -3,03
24.57 -9,81 -4,20
24.60 -9,97 -5,54
24.63 -9,80 -6,71
24.67 -9,64 -7,71
24.70 -9,64 -8,88
24.73 -9,63 -10,04
24.77 -9,63 -11,04
24.80 -9,47 -11,88
24.83 -9,46 -12,88
24.87 -9,31 -13,71
24.90 -9,31 -14,55
24.93 -9,30 -15,38
24.97 -9,14 -16,22
25.00 -9,14 -17,05
25.03 -8,96 -17,88
25.07 -8,79 -18,55
25.10 -8,63 -19,38
25.13 -8,47 -20,05
25.17 -8,47 -20,72
25.20 -8,31 -21,39
25.23 -8,30 -22,06
25.27 -8,14 -21,89
25.30 -8,13 -21,39
25.33 -8,13 -21,05
25.37 -8,13 -20,90
25.40 -8,13 -21,06
25.43 -8,14 -21,40
25.47 -8,30 -21,89
25.50 -8,30 -21,74
25.53 -8,30 -21,41
25.57 -8,30 -21,09
25.60 -8,30 -20,91
25.63 -8,30 -20,42
25.67 -8,13 -19,92
25.70 -7,97 -19,43
25.73 -7,80 -18,92
25.77 -7,48 -18,25
25.80 -7,31 -17,58
25.83 -6,98 -16,92
25.87 -6,82 -16,25
25.90 -6,81 -15,74
25.93 -6,66 -15,08
25.97 -6,66 -14,41
26.00 -6,66 -13,75
26.03 -6,67 -13,09
26.07 -6,67 -12,42
26.10 -6,68 -11,75
26.13 -6,51 -10,92
26.17 -6,51 -10,09
26.20 -6,51 -9,26
26.23 -6,34 -8,43
26.27 -6,17 -7,60
26.30 -6,01 -6,76
26.33 -5,84 -5,76
26.37 -5,84 -4,92
26.40 -5,51 -3,92
26.43 -5,34 -2,92
26.47 -5,18 -1,92
26.50 -5,17 -0,92
26.53 -5,17 0,08
26.57 -5,16 1,08
26.60 -5,00 2,08
26.63 -5,01 3,08
26.67 -5,00 4,09
26.70 -5,16 5,09
26.73 -5,00 6,25
26.77 -5,00 7,42
26.80 -4,99 8,58
26.83 -4,83 9,75
26.87 -4,67 11,08
26.90 -4,66 12,26
26.93 -4,49 13,75
26.97 -4,32 15,09
27.00 -4,16 16,42
27.03 -4,16 17,75
27.07 -3,99 19,09
27.10 -3,82 20,42
27.13 -3,66 21,92
27.17 -3,66 23,09
27.20 -3,50 24,26
27.23 -3,50 25,43
27.27 -3,50 26,43
27.30 -3,66 27,26
27.33 -3,67 28,10
27.37 -3,84 28,76
27.40 -4,17 29,10
27.43 -4,68 29,27
27.47 -5,18 29,10
27.50 -5,85 28,94
27.53 -6,34 28,61
27.57 -6,51 28,45
27.60 -6,67 28,45
27.63 -6,68 28,44
27.67 -6,68 28,43
27.70 -6,84 28,28
27.73 -6,84 28,43
27.77 -7,01 28,43
27.80 -7,00 28,44
27.83 -6,99 28,44
27.87 -6,83 28,44
27.90 -6,84 28,28
27.93 -6,84 28,28
27.97 -6,68 28,11
28.00 -6,51 27,95
28.03 -6,35 27,95
28.07 -6,34 27,79
28.10 -6,34 27,79
28.13 -6,17 27,78
28.17 -6,17 27,63
28.20 -6,00 27,64
28.23 -6,00 27,64
28.27 -5,83 27,48
28.30 -5,67 27,48
28.33 -5,51 27,31
28.37 -5,34 27,14
28.40 -5,01 26,97
28.43 -4,84 26,63
28.47 -4,34 26,29
28.50 -4,02 25,62
28.53 -3,69 24,79
28.57 -3,37 23,96
28.60 -3,20 22,96
28.63 -2,87 22,12
28.67 -2,70 21,12
28.70 -2,70 20,12
28.73 -2,69 19,29
28.77 -2,70 18,29
28.80 -2,86 17,29
28.83 -3,04 16,29
28.87 -3,37 15,28
28.90 -3,87 14,28
28.93 -4,21 13,28
28.97 -4,71 12,45
29.00 -5,21 11,61
29.03 -5,87 10,61
29.07 -6,21 9,78
29.10 -6,71 8,77
29.13 -7,05 7,77
29.17 -7,55 6,77
29.20 -8,04 5,78
29.23 -8,37 4,78
29.27 -8,55 3,78
29.30 -8,89 2,44
29.33 -9,22 1,27
29.37 -9,38 -0,06
29.40 -9,39 -1,39
29.43 -9,72 -2,73
29.47 -9,88 -4,06
29.50 -10,04 -5,39
29.53 -10,04 -6,56
29.57 -10,05 -7,72
29.60 -10,21 -9,06
29.63 -10,22 -10,22
29.67 -10,38 -11,39
29.70 -10,38 -12,56
29.73 -10,39 -13,72
29.77 -10,39 -14,89
29.80 -10,38 -16,05
29.83 -10,21 -17,06
29.87 -10,03 -18,22
29.90 -9,70 -19,39
29.93 -9,53 -20,39
29.97 -9,19 -21,56
30.00 -8,86 -22,40
30.03 -8,69 -21,73
30.07 -8,35 -21,06
30.10 -8,02 -21,39
30.13 -8,02 -21,89
30.17 -8,02 -21,56
30.20 -8,01 -21,56
30.23 -7,84 -21,72
30.27 -7,68 -21,72
30.30 -7,52 -21,39
30.33 -7,51 -21,56
30.37 -7,35 -21,56
30.40 -7,34 -21,56
30.43 -7,34 -21,56
30.47 -7,50 -21,56
30.50 -7,49 -21,56
30.53 -7,33 -21,56
30.57 -7,32 -21,56
30.60 -7,32 -21,56
30.63 -7,32 -21,56
30.67 -7,31 -21,57
30.70 -7,31 -21,57
30.73 -7,31 -21,57
30.77 -7,31 -21,57
30.80 -7,32 -21,57
30.83 -7,48 -21,57
30.87 -7,47 -21,57
30.90 -7,47 -21,57
30.93 -7,48 -21,57
30.97 -7,64 -21,57
31.00 -7,63 -21,57
31.03 -7,63 -21,57
31.07 -7,63 -21,58
31.10 -7,63 -21,58
31.13 -7,64 -21,58
31.17 -7,64 -21,58
31.20 -7,65 -21,58
31.23 -7,65 -21,58
31.27 -7,66 -21,58
31.30 -7,66 -21,59
31.33 -7,67 -21,59
31.37 -7,67 -21,59
31.40 -7,66 -21,59
31.43 -7,66 -21,59
31.47 -7,66 -21,60
31.50 -7,66 -21,60
31.53 -7,65 -21,60
